2018-08-01|281.56|282.13|280.1315|280.86
2018-08-02|279.39|282.58|279.16|282.39
2018-08-03|282.53|283.6577|282.33|283.6
2018-08-06|283.64|284.99|283.2015|284.64
2018-08-07|285.39|286.01|285.24|285.58
2018-08-08|285.39|285.91|284.94|285.46
2018-08-09|285.53|285.97|284.915|285.07
2018-08-10|283.45|284.055|282.36|283.16
2018-08-13|283.47|284.16|281.77|282.1
2018-08-14|282.92|284.17|282.4833|283.9
2018-08-15|282.38|282.54|280.16|281.78
2018-08-16|283.4|285.04|283.36|284.06
2018-08-17|283.83|285.5601|283.37|285.06
2018-08-20|285.57|285.97|285.06|285.67
2018-08-21|286.25|287.31|286.105|286.34
2018-08-22|285.88|286.76|285.575|286.17
2018-08-23|285.97|286.94|285.43|285.79
2018-08-24|286.44|287.67|286.38|287.51
2018-08-27|288.86|289.9|288.68|289.78
2018-08-28|290.3|290.4175|289.4|289.92
2018-08-29|290.16|291.74|289.8854|291.48
2018-08-30|290.94|291.36|289.63|290.3
2018-08-31|289.84|290.81|289.29|290.31
2018-09-04|289.84|290.21|288.68|289.81
2018-09-05|289.41|289.64|287.89|289.03
2018-09-06|289.15|289.49|287|288.16
2018-09-07|286.98|288.7|286.71|287.6
2018-09-10|288.74|289.04|287.88|288.1
2018-09-11|287.37|289.55|286.975|289.05
2018-09-12|289.06|289.8|288.23|289.12
2018-09-13|290.32|291.0384|289.995|290.83
2018-09-14|291.06|291.27|290|290.88
2018-09-17|290.82|290.86|289.03|289.34
2018-09-18|289.58|291.58|289.55|290.91
2018-09-19|290.97|291.69|290.825|291.22
2018-09-20|292.64|293.94|292.51|293.58
2018-09-21|293.09|293.22|291.81|291.99
2018-09-24|291.34|291.5|290.37|291.02
2018-09-25|291.53|291.65|290.4833|290.75
2018-09-26|290.91|292.24|289.41|289.88
2018-09-27|290.41|291.91|290.1|290.69
2018-09-28|289.99|291.28|289.95|290.72
2018-10-01|292.11|292.93|290.98|291.73
2018-10-02|291.56|292.355|291.14|291.56
2018-10-03|292.74|293.21|291.32|291.72
2018-10-04|291.18|291.24|287.66|289.44
2018-10-05|289.69|290.27|286.22|287.82
2018-10-08|287.05|288.22|285.5|287.82
2018-10-09|287.39|288.86|286.77|287.4
2018-10-10|286.83|286.91|277.88|278.3
2018-10-11|277.08|278.9|270.36|272.17
2018-10-12|276.77|277.09|272.37|275.95
2018-10-15|275.55|277.04|274.3|274.4
2018-10-16|276.6|280.82|276.07|280.4
2018-10-17|280.44|281.15|277.56|280.45
2018-10-18|279.4|280.07|274.97|276.4
2018-10-19|277.13|279.3|275.47|276.25
2018-10-22|277|277.36|274.41|275.01
2018-10-23|270.95|274.87|268.61|273.61
2018-10-24|273.33|273.76|264.7|265.32
2018-10-25|267.38|271.81|266.23|270.08
2018-10-26|265.92|271|262.29|265.33
2018-10-29|268.8|270.25|259.85|263.86
2018-10-30|263.67|268.12|263.12|267.77
2018-10-31|270.65|273.23|270.12|270.63
2018-11-01|271.6|273.73|270.38|273.51
2018-11-02|274.75|275.23|269.59|271.89
2018-11-05|272.44|274.01|271.35|273.39
2018-11-06|273.32|275.3|273.25|275.12
2018-11-07|277.56|281.1|277.08|281.01
2018-11-08|280.11|281.22|279.22|280.5
2018-11-09|279.03|279.24|276.18|277.76
2018-11-12|277.19|277.46|271.99|272.57
2018-11-13|273.09|275.325|271.25|272.06
2018-11-14|274.16|274.61|268.45|270.2
2018-11-15|268.78|273.54|267.0102|273.02
2018-11-16|271.79|274.75|271.21|273.73
2018-11-19|273.05|273.38|268.07|269.1
2018-11-20|265.36|267|263.15|264.12
2018-11-21|265.86|267.15|265.01|265.02
2018-11-23|263.18|264.8234|263.07|263.25
2018-11-26|265.78|267.75|265.34|267.5
2018-11-27|266.34|268.4|265.66|268.4
2018-11-28|269.6|274.58|268.53|274.58
2018-11-29|273.71|275.55|272.43|273.98
2018-11-30|273.81|276.28|273.45|275.65
2018-12-03|280.28|280.4|277.505|279.3
2018-12-04|278.37|278.85|269.9|270.25
2018-12-06|265.92|269.97|262.44|269.84
2018-12-07|269.46|271.22|262.63|263.57
2018-12-10|263.37|265.1613|258.62|264.07
2018-12-11|267.66|267.87|262.48|264.13
2018-12-12|267.47|269|265.37|265.46
2018-12-13|266.52|267.49|264.12|265.37
2018-12-14|262.96|264.03|259.85|260.47
2018-12-17|259.4|260.65|253.525|255.36
2018-12-18|257.2|257.95|253.28|255.08
2018-12-19|255.17|259.4|249.35|251.26
2018-12-20|249.86|251.62|244.65|247.17
2018-12-21|246.74|249.71|239.98|240.7
2018-12-24|239.04|240.8355|234.27|234.34
2018-12-26|235.97|246.18|233.76|246.18
2018-12-27|242.57|248.29|238.96|248.07
2018-12-28|249.58|251.4|246.45|247.75
2018-12-31|249.56|250.19|247.47|249.92
2019-01-02|245.98|251.21|245.95|250.18
2019-01-03|248.23|248.57|243.67|244.21
2019-01-04|247.59|253.11|247.17|252.39
2019-01-07|252.69|255.95|251.69|254.38
2019-01-08|256.82|257.31|254|256.77
2019-01-09|257.56|258.91|256.19|257.97
2019-01-10|256.26|259.16|255.5|258.88
2019-01-11|257.68|259.0098|257.03|258.98
2019-01-14|256.86|258.3|256.41|257.4
2019-01-15|257.82|260.7|257.81|260.35
2019-01-16|260.83|261.9666|260.6|260.98
2019-01-17|260.01|263.92|259.96|262.96
2019-01-18|264.98|266.98|264.1|266.46
2019-01-22|264.82|265.06|261.06|262.86
2019-01-23|264.01|264.79|260.66|263.41
2019-01-24|263.21|264.2|262.08|263.55
2019-01-25|265.61|266.7|265.11|265.78
2019-01-28|263.39|263.83|261.79|263.76
2019-01-29|263.92|264.55|262.48|263.41
2019-01-30|265.1|268.52|264.25|267.58
2019-01-31|267.51|270.47|267.27|269.93
2019-02-01|270.15|271.2|269.18|270.06
2019-02-04|270.11|272.03|269.36|271.96
2019-02-05|272.44|273.44|271.88|273.1
2019-02-06|272.79|273.34|271.92|272.74
2019-02-07|270.94|271.55|268.29|270.14
2019-02-08|268.75|270.58|267.83|270.47
2019-02-11|271.2|271.49|270.03|270.62
2019-02-12|272.42|274.52|272.34|274.1
2019-02-13|275.03|275.93|274.56|274.99
2019-02-14|273.78|275.64|272.87|274.38
2019-02-15|276.36|277.41|276.13|277.37
2019-02-19|276.4813|278.58|276.47|277.85
2019-02-20|277.81|278.92|277.25|278.41
2019-02-21|277.7|278.1|276.345|277.42
2019-02-22|278.11|279.36|277.82|279.14
2019-02-25|280.73|281.31|279.43|279.52
2019-02-26|279.13|280.3|278.9|279.32
2019-02-27|278.52|279.59|277.48|279.2
2019-02-28|278.96|279.45|278.32|278.68
2019-03-01|280.44|280.88|278.82|280.42
2019-03-04|281.6|281.87|276.84|279.4
2019-03-05|279.54|279.76|278.41|279.02
2019-03-06|279.15|279.16|276.97|277.33
2019-03-07|276.83|276.99|274.07|275.01
2019-03-08|272.94|274.65|272.42|274.46
2019-03-11|275.26|278.62|275.23|278.44
2019-03-12|279.06|280.07|278.85|279.49
2019-03-13|280.48|282.38|280.3|281.34
2019-03-14|281.37|281.84|280.6662|281.16
2019-03-15|280.54|282.21|280.33|281.31
2019-03-18|281.55|282.66|281.3|282.33
2019-03-19|283.51|284.36|281.41|282.4
2019-03-20|282.16|283.5|280.32|281.55
2019-03-21|280.64|285.18|280.59|284.73
2019-03-22|283.22|283.8034|279.18|279.25
2019-03-25|278.87|280.1853|277.64|279.04
2019-03-26|280.99|282.18|279.56|281.12
2019-03-27|281.11|281.76|277.93|279.65
2019-03-28|280.35|281.21|279.07|280.71
2019-03-29|282.39|282.84|281.14|282.48
2019-04-01|284.7|286.16|284.4|285.83
2019-04-02|286.04|286.23|285.09|285.97
2019-04-03|287.32|287.76|285.75|286.42
2019-04-04|286.78|287.459|286.01|287.18
2019-04-05|287.92|288.63|287.6|288.57
2019-04-08|288.1|288.91|287.37|288.79
2019-04-09|287.72|288.08|286.7|287.31
2019-04-10|287.77|288.3899|287.31|288.29
2019-04-11|288.83|288.84|287.578|288.21
2019-04-12|290|290.47|289.26|290.16
2019-04-15|290.24|290.35|289.075|289.97
2019-04-16|290.95|291.01|289.5|290.16
2019-04-17|291.4|291.425|288.99|289.45
2019-04-18|290.1|290.32|288.66|290.02
2019-04-22|289.17|290.435|289.07|290.27
2019-04-23|290.68|293.14|290.42|292.88
2019-04-24|292.79|293.16|292.07|292.23
2019-04-25|292.12|292.78|290.73|292.05
2019-04-26|292.1|293.49|291.2401|293.41
2019-04-29|293.51|294.45|293.41|293.87
2019-04-30|293.49|294.34|291.92|294.02
2019-05-01|294.72|294.95|291.8|291.81
2019-05-02|291.68|292.7|289.52|291.18
2019-05-03|292.82|294.34|292.56|294.03
2019-05-06|289.25|293.31|288.9|292.82
2019-05-07|290.15|290.81|285.81|287.93
2019-05-08|287.53|289.43|286.87|287.53
2019-05-09|285.23|287.33|283.3|286.66
2019-05-10|285.62|288.94|282.3|288.1
2019-05-13|282.42|283.49|279.93|280.86
2019-05-14|281.99|285.1|281.85|283.4
2019-05-15|281.59|285.77|281.36|285.06
2019-05-16|285.84|289.21|285.76|287.7
2019-05-17|285.14|288.6|285.13|285.84
2019-05-20|284.06|285.43|283.12|283.95
2019-05-21|285.83|286.93|285.55|286.51
2019-05-22|285.45|286.69|285.1|285.63
2019-05-23|283.16|283.21|280.57|282.14
2019-05-24|283.74|284.2|282.09|282.78
2019-05-28|283.09|284.15|280.13|280.15
2019-05-29|278.91|279.36|276.71|278.27
2019-05-30|279.11|280.04|277.805|279.03
2019-05-31|276.2|277.12|275.24|275.27
2019-06-03|275.31|276.5521|273.09|274.57
2019-06-04|277.12|280.68|276.62|280.53
2019-06-05|282.33|282.99|280.32|282.96
2019-06-06|283.29|285.55|282.57|284.8
2019-06-07|285.93|288.85|285.74|287.65
2019-06-10|289.37|290.82|288.8734|288.97
2019-06-11|290.99|291.4|288.1805|288.9
2019-06-12|288.64|289.26|287.815|288.39
2019-06-13|289.4|289.98|288.62|289.58
2019-06-14|289.26|289.93|288.41|289.26
2019-06-17|289.52|290.22|289.18|289.37
2019-06-18|291.39|293.57|290.99|292.4
2019-06-19|292.55|293.65|291.47|293.06
2019-06-20|296.04|296.3093|293.1255|295.86
2019-06-21|294.13|295.52|293.76|294
2019-06-24|294.23|294.58|293.47|293.64
2019-06-25|293.7|293.73|290.64|290.76
2019-06-26|291.75|292.31|290.345|290.47
2019-06-27|291.31|292.06|290.89|291.5
2019-06-28|292.58|293.55|292.01|293
2019-07-01|296.68|296.92|294.33|295.66
2019-07-02|295.61|296.49|294.68|296.43
2019-07-03|297.18|298.82|297.02|298.8
2019-07-05|297.44|298.64|296.01|298.46
2019-07-08|297.01|298.2579|296.22|296.82
2019-07-09|295.54|297.52|295.48|297.19
2019-07-10|298.37|299.66|297.78|298.61
2019-07-11|299.32|299.58|298.2|299.31
2019-07-12|299.85|300.73|299.51|300.65
2019-07-15|301.13|301.13|300.19|300.75
2019-07-16|300.65|300.88|299.44|299.71
2019-07-17|299.75|299.93|297.74|297.74
2019-07-18|297.19|299.25|296.7|298.83
2019-07-19|300.04|300.07|296.96|297.17
2019-07-22|297.61|298.5|297.04|297.9
2019-07-23|299.14|300.03|298.22|300.03
2019-07-24|299.19|301.44|299.09|301.44
2019-07-25|300.94|301|299.11|300
2019-07-26|300.76|302.23|300.62|302.01
2019-07-29|301.88|301.93|300.85|301.46
2019-07-30|299.91|301.17|299.49|300.72
2019-07-31|300.99|301.2|295.2|297.43
2019-08-01|297.6|300.87|293.96|294.84
2019-08-02|293.85|294.12|290.9|292.62
2019-08-05|288.09|288.21|281.72|283.82
2019-08-06|285.91|288.04|284.28|287.8
2019-08-07|284.4|288.82|282.04|287.97
2019-08-08|289.62|293.62|289.01|293.62
2019-08-09|292.58|293.24|289.65|291.62
2019-08-12|289.96|291.6052|287.02|288.07
2019-08-13|287.74|294.15|287.36|292.55
2019-08-14|288.07|292.4644|283.76|283.9
2019-08-15|284.88|285.64|282.39|284.65
2019-08-16|286.48|289.33|284.7138|288.85
2019-08-19|292.19|293.08|291.44|292.33
2019-08-20|291.77|292.36|289.95|290.09
2019-08-21|292.48|292.86|291.72|292.45
2019-08-22|293.23|293.93|290.4|292.36
2019-08-23|290.92|292.76|283.47|284.85
2019-08-26|287.27|288|285.58|288
2019-08-27|289.54|289.95|286.03|286.87
2019-08-28|286.14|289.07|285.25|288.89
2019-08-29|291.72|293.16|290.61|292.58
2019-08-30|294.22|294.2399|291.42|292.45
2019-09-03|290.57|291.58|289.27|290.74
2019-09-04|293.14|294.055|292.31|294.04
2019-09-05|296.79|298.83|296.64|297.82
2019-09-06|298.17|298.76|297.42|298.05
2019-09-09|299.14|299.24|297.16|298.2
2019-09-10|297.36|298.2|295.97|298.13
2019-09-11|298.47|300.34|297.75|300.25
2019-09-12|301.25|302.46|300.41|301.29
2019-09-13|301.78|302.17|300.68|301.09
2019-09-16|299.84|301.1378|299.45|300.16
2019-09-17|299.94|301.02|299.75|300.92
2019-09-18|300.49|301.22|298.24|301.1
2019-09-19|301.53|302.63|300.7103|301.08
2019-09-20|300.36|300.67|297.41|298.28
2019-09-23|297.55|299|297.27|298.21
2019-09-24|299.41|299.84|294.81|295.87
2019-09-25|295.96|298.11|294.33|297.62
2019-09-26|297.63|297.86|295.45|297
2019-09-27|297.83|297.9465|293.69|295.4
2019-09-30|295.97|297.55|295.92|296.77
2019-10-01|297.74|298.455|293|293.24
2019-10-02|291.5|291.51|286.64|288.06
2019-10-03|287.81|290.45|284.82|290.42
2019-10-04|291.14|294.63|291.08|294.35
2019-10-07|293.47|295.26|292.77|293.08
2019-10-08|291.04|291.85|288.49|288.53
2019-10-09|290.75|292.3|290.06|291.27
2019-10-10|291.18|294.21|291|293.24
2019-10-11|296.27|298.74|296.1448|296.28
2019-10-14|295.93|296.67|295.57|295.95
2019-10-15|297.1|299.7|296.97|298.88
2019-10-16|298.37|299.16|297.92|298.4
2019-10-17|299.68|300.24|298.515|299.28
2019-10-18|298.69|299.395|296.99|297.97
2019-10-21|299.42|300.21|298.935|299.99
2019-10-22|300.58|300.9|298.91|299.01
2019-10-23|298.73|299.94|298.495|299.88
2019-10-24|300.91|301.07|299.4601|300.37
2019-10-25|299.74|302.2|299.69|301.6
2019-10-28|302.94|303.85|302.91|303.3
2019-10-29|303|304.23|302.86|303.21
2019-10-30|303.43|304.55|301.99|304.14
2019-10-31|304.13|304.13|301.73|303.33
2019-11-01|304.92|306.19|304.74|306.14
2019-11-04|307.85|308|306.96|307.37
2019-11-05|307.59|307.9195|306.71|307.03
2019-11-06|307.03|307.4|306.06|307.1
2019-11-07|308.57|309.65|307.66|308.18
2019-11-08|307.8|309.0036|307.03|308.94
2019-11-11|307.42|308.54|307.27|308.35
2019-11-12|308.75|309.99|308.15|309
2019-11-13|307.91|309.54|307.66|309.1
2019-11-14|308.79|309.64|308.09|309.55
2019-11-15|311.02|311.84|310.26|311.79
2019-11-18|311.53|312.28|311.03|312.02
2019-11-19|312.68|312.69|311.22|311.93
2019-11-20|311.28|311.85|309.06|310.77
2019-11-21|310.89|311.01|309.39|310.27
2019-11-22|311.09|311.24|309.85|310.96
2019-11-25|311.98|313.37|311.98|313.37
2019-11-26|313.41|314.28|313.06|314.08
2019-11-27|314.61|315.48|314.37|315.48
2019-11-29|314.86|315.13|314.06|314.31
2019-12-02|314.59|314.66|311.17|311.64
2019-12-03|308.65|309.64|307.13|309.55
2019-12-04|310.7|312.12|310.32|311.46
2019-12-05|312.23|312.25|310.58|312.02
2019-12-06|314.12|315.31|314.11|314.87
2019-12-09|314.44|315.18|313.8|313.88
2019-12-10|313.82|314.55|312.81|313.53
2019-12-11|314.03|314.7|313.595|314.42
2019-12-12|314.43|317.99|314.17|317.13
2019-12-13|316.87|318.67|316.02|317.32
2019-12-16|319.22|320.15|319.17|319.5
2019-12-17|319.92|320.25|319.48|319.57
2019-12-18|320|320.25|319.53|319.59
2019-12-19|319.8|320.98|319.75|320.9
2019-12-20|320.46|321.9742|320.37|320.73
2019-12-23|321.59|321.65|321.06|321.22
2019-12-24|321.47|321.52|320.9|321.23
2019-12-26|321.65|322.95|321.64|322.94
2019-12-27|323.74|323.8|322.28|322.86
2019-12-30|322.95|323.1|320.55|321.08
2019-12-31|320.53|322.13|320.15|321.86
2020-01-02|323.54|324.89|322.53|324.87
2020-01-03|321.16|323.64|321.1|322.41
2020-01-06|320.49|323.73|320.36|323.64
2020-01-07|323.02|323.54|322.24|322.73
2020-01-08|322.94|325.78|322.67|324.45
2020-01-09|326.16|326.73|325.52|326.65
2020-01-10|327.2899|327.46|325.2|325.71
2020-01-13|326.39|327.96|325.92|327.95
2020-01-14|327.47|328.62|326.844|327.45
2020-01-15|327.35|329.02|327.26|328.19
2020-01-16|329.7|330.92|329.45|330.92
2020-01-17|331.7|332.18|331.07|331.95
2020-01-21|330.9|332.18|330.82|331.3
2020-01-22|332.24|332.95|331.17|331.34
2020-01-23|330.63|332.1682|329.41|331.72
2020-01-24|332.44|332.53|327.36|328.77
2020-01-27|323.03|325.12|322.66|323.5
2020-01-28|325.06|327.85|324.55|326.89
2020-01-29|328.38|328.63|326.4|326.62
2020-01-30|324.36|327.91|323.54|327.68
2020-01-31|327|327.17|320.73|321.73
2020-02-03|323.35|326.16|323.22|324.12
2020-02-04|328.07|330.01|327.72|329.06
2020-02-05|332.27|333.09|330.67|332.86
2020-02-06|333.91|334.19|332.8|333.98
2020-02-07|332.82|333.9941|331.6|332.2
2020-02-10|331.23|334.75|331.19|334.68
2020-02-11|336.16|337.02|334.75|335.26
2020-02-12|336.83|337.65|336.43|337.42
2020-02-13|335.8621|338.12|335.56|337.06
2020-02-14|337.51|337.73|336.2|337.6
2020-02-18|336.51|337.6677|335.21|336.73
2020-02-19|337.79|339.08|337.48|338.34
2020-02-20|337.7423|338.64|333.6817|336.95
2020-02-21|335.47|335.81|332.58|333.48
2020-02-24|323.14|333.5623|321.24|322.42
2020-02-25|323.94|324.61|311.69|312.65
2020-02-26|314.18|318.11|310.7|311.5
2020-02-27|305.46|311.5637|297.51|297.51
2020-02-28|288.7|297.892|285.54|296.26
2020-03-02|298.21|309.16|294.46|309.09
2020-03-03|309.5|313.84|297.57|300.24
2020-03-04|306.12|313.1|303.33|312.86
2020-03-05|304.98|308.47|300.01|302.46
2020-03-06|293.15|298.78|290.23|297.46
2020-03-09|275.3|284.19|273.45|274.23
2020-03-10|284.64|288.52|273.5|288.42
2020-03-11|280.7|281.94|270.88|274.36
2020-03-12|256|266.66|247.68|248.11
2020-03-13|263.09|271.4754|249.58|269.32
2020-03-16|241.18|256.9|237.36|239.85
2020-03-17|245.04|256.17|237.07|252.8
2020-03-18|236.25|248.37|228.02|240
2020-03-19|239.25|247.38|232.22|240.51
2020-03-20|242.53|244.47|228.5|228.8
2020-03-23|228.19|229.6833|218.26|222.95
2020-03-24|234.42|244.1|233.8|243.15
2020-03-25|244.87|256.35|239.75|246.79
2020-03-26|249.52|262.8|249.05|261.2
2020-03-27|253.27|260.81|251.05|253.42
2020-03-30|255.7|262.43|253.53|261.65
2020-03-31|260.56|263.33|256.22|257.75
2020-04-01|247.98|257.6591|243.9|246.15
2020-04-02|245.19|252.68|244.59|251.83
2020-04-03|250.76|253.32|245.22|248.19
2020-04-06|257.84|267|256.725|264.86
2020-04-07|274.21|275.03|264.89|265.13
2020-04-08|267.96|276|265.56|274.03
2020-04-09|277.58|281.2|275.47|278.2
2020-04-13|277.14|277.51|271.41|275.66
2020-04-14|280.98|284.9|279.91|283.79
2020-04-15|277.57|283.9407|275.46|277.76
2020-04-16|279.15|280.03|275.76|279.1
2020-04-17|285.38|287.3|282.4|286.64
2020-04-20|282.61|286.7912|281.35|281.59
2020-04-21|276.73|278.04|272.02|273.04
2020-04-22|278.35|281|276.91|279.1
2020-04-23|280.49|283.94|278.75|279.08
2020-04-24|280.73|283.7|278.5|282.97
2020-04-27|285.12|288.27|284.62|287.05
2020-04-28|291.02|291.4|285.4|285.73
2020-04-29|291.53|294.88|290.41|293.21
2020-04-30|291.71|293.3239|288.59|290.48
2020-05-01|285.31|290.6572|281.52|282.79
2020-05-04|280.74|283.9|279.13|283.57
2020-05-05|286.64|289.25|285.75|286.19
2020-05-06|288.04|288.46|283.78|284.25
2020-05-07|287.75|289.78|287.13|287.68
2020-05-08|291.09|292.95|289.86|292.44
2020-05-11|290.34|294|289.88|292.5
2020-05-12|293.79|294.24|286.52|286.67
2020-05-13|286.06|287.19|278.965|281.6
2020-05-14|278.95|285.11|272.99|284.97
2020-05-15|282.37|286.33|281.34|286.28
2020-05-18|293.05|296.75|292.7|295
2020-05-19|294.35|296.205|291.95|291.97
2020-05-20|295.82|297.87|295.57|296.93
2020-05-21|296.79|297.67|293.6886|294.88
2020-05-22|294.57|295.63|293.22|295.44
2020-05-26|301.93|302.19|298.69|299.08
2020-05-27|302.12|303.57|296.87|303.53
2020-05-28|304.65|306.84|302.24|302.97
2020-05-29|302.46|304.96|299.47|304.32
2020-06-01|303.62|306.205|303.06|305.55
2020-06-02|306.55|308.13|305.1|308.08
2020-06-03|310.24|313.22|309.94|312.18
2020-06-04|311.11|313|309.08|311.36
2020-06-05|317.23|321.275|317.16|319.34
2020-06-08|320.22|323.41|319.63|323.2
2020-06-09|320.3|323.2849|319.36|320.79
2020-06-10|321.42|322.39|318.2209|319
2020-06-11|311.46|312.15|300.01|300.61
2020-06-12|308.24|309.08|298.6|304.21
2020-06-15|298.02|308.28|296.74|307.05
2020-06-16|315.48|315.64|307.67|312.96
2020-06-17|314.07|314.39|310.86|311.66
2020-06-18|310.005|312.3|309.51|311.78
2020-06-19|314.17|314.38|306.53|308.64
2020-06-22|307.99|311.05|306.75|310.62
2020-06-23|313.49|314.5|311.6101|312.05
2020-06-24|309.84|310.51|302.1|304.09
2020-06-25|303.47|307.64|301.28|307.35
2020-06-26|306.16|306.39|299.42|300.05
2020-06-29|301.41|304.61|298.93|304.46
2020-06-30|303.99|310.2|303.82|308.36
2020-07-01|309.57|311.89|309.07|310.52
2020-07-02|314.24|315.7|311.51|312.23
2020-07-06|316.37|317.68|315.56|317.05
2020-07-07|315.38|317.52|313.37|313.78
2020-07-08|314.61|316.3|312.7|316.18
2020-07-09|316.84|317.1|310.68|314.38
2020-07-10|314.31|317.88|312.76|317.59
2020-07-13|320.13|322.71|314.13|314.84
2020-07-14|313.3|319.76|312|318.92
2020-07-15|322.41|323.04|319.265|321.85
2020-07-16|319.79|321.28|319.09|320.79
2020-07-17|321.88|322.57|319.735|321.72
2020-07-20|321.43|325.13|320.62|324.32
2020-07-21|326.45|326.93|323.94|325.01
2020-07-22|324.62|327.2|324.5|326.86
2020-07-23|326.47|327.23|321.48|322.96
2020-07-24|320.95|321.99|319.246|320.88
2020-07-27|321.63|323.41|320.775|323.22
2020-07-28|322.43|323.64|320.85|321.17
2020-07-29|322.12|325.73|322.075|325.12
2020-07-30|321.9|324.41|319.64|323.96
2020-07-31|325.9|326.63|321.33|326.52
2020-08-03|328.32|329.62|327.73|328.79
2020-08-04|327.86|330.06|327.86|330.06
2020-08-05|331.47|332.39|331.18|332.11
2020-08-06|331.4799|334.46|331.13|334.33
2020-08-07|333.28|334.88|332.3|334.57
2020-08-10|335.06|335.77|332.955|335.57
2020-08-11|336.85|337.54|332.01|332.8
2020-08-12|335.44|338.28|335.43|337.44
2020-08-13|336.61|338.2514|335.83|336.83
2020-08-14|336.41|337.42|335.62|336.84
2020-08-17|337.94|338.34|337.48|337.91
2020-08-18|338.34|339.1|336.61|338.64
2020-08-19|339.05|339.61|336.62|337.23
2020-08-20|335.36|338.8|335.22|338.28
2020-08-21|337.92|339.72|337.55|339.48
2020-08-24|342.12|343|341.06|342.92
2020-08-25|343.53|344.21|342.27|344.12
2020-08-26|344.76|347.86|344.17|347.57
2020-08-27|348.51|349.9|346.53|348.33
2020-08-28|349.44|350.72|348.15|350.58
2020-08-31|350.35|351.3|349.06|349.31
2020-09-01|350.21|352.71|349.24|352.6
2020-09-02|354.67|358.75|353.43|357.7
2020-09-03|355.87|356.38|342.59|345.39
2020-09-04|346.13|347.83|334.87|342.57
2020-09-08|336.71|342.64|332.88|333.21
2020-09-09|337.55|342.46|336.61|339.79
2020-09-10|341.82|342.53|332.85|333.89
2020-09-11|335.82|336.97|331|334.06
2020-09-14|337.49|340.38|336.93|338.46
2020-09-15|341.12|342.02|339.02|340.17
2020-09-16|341.51|343.06|338.52|338.82
2020-09-17|333.56|337.6996|332.991|335.84
2020-09-18|335.37|335.49|327.97|330.65
2020-09-21|325.7|327.13|321.73|326.97
2020-09-22|328.57|330.9|325.86|330.3
2020-09-23|330.9|331.2|322.1|322.64
2020-09-24|321.22|326.797|319.8|323.5
2020-09-25|322.58|329.58|321.64|328.73
2020-09-28|333.22|334.96|332.15|334.19
2020-09-29|333.97|334.77|331.6209|332.37
2020-09-30|333.09|338.29|332.88|334.89
2020-10-01|337.69|338.74|335.01|337.04
2020-10-02|331.7|337.0126|331.19|333.84
2020-10-05|336.06|339.96|336.01|339.76
2020-10-06|339.91|342.17|334.38|334.93
2020-10-07|338.12|341.63|338.09|340.76
2020-10-08|342.85|343.85|341.86|343.78
2020-10-09|345.56|347.35|344.89|346.85
2020-10-12|349.59|354.02|349.06|352.43
2020-10-13|352.28|352.4651|349.09|350.13
2020-10-14|350.75|351.93|347.14|347.93
2020-10-15|343.71|348.02|343.13|347.5
2020-10-16|348.96|350.75|347.1|347.29
2020-10-19|348.65|349.33|341.04|342.01
2020-10-20|343.46|346.88|342.64|343.38
2020-10-21|343.33|348.6847|342.4|342.73
2020-10-22|342.96|345.24|340.65|344.61
2020-10-23|345.93|345.99|343.13|345.78
2020-10-26|342.13|342.98|335.62|339.39
2020-10-27|339.76|340.12|337.99|338.22
2020-10-28|332.1|338.2483|326.13|326.66
2020-10-29|326.91|333.395|325.09|329.98
2020-10-30|328.28|329.69|322.6|326.54
2020-11-02|330.2|332.36|327.24|330.2
2020-11-03|333.69|338.25|333.17|336.03
2020-11-04|340.86|347.94|339.59|343.54
2020-11-05|349.24|352.19|348.86|350.24
2020-11-06|349.93|351.51|347.65|350.16
2020-11-09|363.97|364.38|354.06|354.56
2020-11-10|353.49|355.18|350.51|354.04
2020-11-11|356.4|357.56|355.06|356.67
2020-11-12|355.58|356.7182|351.26|353.21
2020-11-13|355.27|358.9|354.71|358.1
2020-11-16|360.98|362.78|359.59|362.57
2020-11-17|359.97|361.92|358.34|360.62
2020-11-18|360.91|361.5|356.24|356.28
2020-11-19|355.6|358.18|354.15|357.78
2020-11-20|357.5|357.72|355.25|355.33
2020-11-23|357.28|358.82|354.865|357.46
2020-11-24|360.21|363.81|359.29|363.22
2020-11-25|363.13|363.16|361.48|362.66
2020-11-27|363.84|364.18|362.58|363.67
2020-11-30|362.83|363.12|359.17|362.06
2020-12-01|365.57|367.68|364.93|366.02
2020-12-02|364.82|366.96|364.2|366.79
2020-12-03|366.68|368.19|365.5|366.69
2020-12-04|367.32|369.85|367.22|369.85
2020-12-07|369.02|369.62|367.72|369.09
2020-12-08|367.72|370.78|367.67|370.17
2020-12-09|370.88|371.05|365.95|366.85
2020-12-10|365.37|367.86|364.43|366.73
2020-12-11|364.9|366.7402|363.26|366.3
2020-12-14|368.64|369.8|364.47|364.66
2020-12-15|367.4|369.59|365.92|369.59
2020-12-16|369.82|371.16|368.8676|370.17
2020-12-17|371.94|372.46|371.05|372.24
2020-12-18|370.97|371.15|367.02|369.18
2020-12-21|364.97|378.46|362.03|367.86
2020-12-22|368.21|368.3317|366.03|367.24
2020-12-23|368.28|369.62|367.39|367.57
2020-12-24|368.08|369.03|367.45|369
2020-12-28|371.74|372.59|371.07|372.17
2020-12-29|373.81|374|370.83|371.46
2020-12-30|372.34|373.1|371.57|371.99
2020-12-31|371.78|374.66|371.232|373.88
2021-01-04|375.31|375.45|364.82|368.79
2021-01-05|368.1|372.5|368.05|371.33
2021-01-06|369.71|376.98|369.12|373.55
2021-01-07|376.1|379.9|375.91|379.1
2021-01-08|380.59|381.49|377.1|381.26
2021-01-11|377.85|380.58|377.7189|378.69
2021-01-12|378.89|379.86|376.36|378.77
2021-01-13|378.69|380.86|377.85|379.79
2021-01-14|380.59|381.13|378.1|378.46
2021-01-15|376.72|377.58|373.7|375.7
2021-01-19|378.34|379.23|376.75|378.65
2021-01-20|381.11|384.79|380.69|383.89
2021-01-21|384.49|384.95|383.25|384.24
2021-01-22|382.25|384.1256|381.835|382.88
2021-01-25|383.67|384.77|378.46|384.39
2021-01-26|385.41|385.85|383.54|383.79
2021-01-27|380.22|380.32|372.01|374.41
2021-01-28|376.36|381.93|375.89|377.63
2021-01-29|375.63|376.67|368.27|370.07
2021-02-01|373.72|377.34|371.42|376.23
2021-02-02|379.65|383.22|379.6|381.55
2021-02-03|382.435|383.7|380.48|381.85
2021-02-04|382.96|386.24|382.78|386.19
2021-02-05|388.2|388.47|386.485|387.71
2021-02-08|389.27|390.56|388.35|390.51
2021-02-09|389.61|390.89|389.17|390.25
2021-02-10|392.12|392.28|387.5|390.08
2021-02-11|391.24|391.69|388.1|390.71
2021-02-12|389.85|392.9|389.77|392.64
2021-02-16|393.96|394.17|391.53|392.3
2021-02-17|390.42|392.66|389.33|392.39
2021-02-18|389.59|391.515|387.74|390.72
2021-02-19|392.07|392.38|389.55|390.03
2021-02-22|387.06|389.62|386.74|387.03
2021-02-23|384.66|388.945|380.2|387.5
2021-02-24|386.33|392.23|385.27|391.77
2021-02-25|390.41|391.88|380.7789|382.33
2021-02-26|384.35|385.58|378.23|380.36
2021-03-01|385.59|390.92|385.54|389.58
2021-03-02|389.82|390.07|386|386.54
2021-03-03|385.79|386.83|381.31|381.42
2021-03-04|381.22|384|371.88|376.7
2021-03-05|380.46|384.76|372.64|383.63
2021-03-08|384.66|387.68|381.42|381.72
2021-03-09|385.85|389.91|385.31|387.17
2021-03-10|389.69|391.4|388.1702|389.58
2021-03-11|392.23|395.65|391.74|393.53
2021-03-12|392.07|394.21|391.2|394.06
2021-03-15|394.33|396.685|392.03|396.41
2021-03-16|397.07|397.83|395.08|395.91
2021-03-17|394.53|398.12|393.3|397.26
2021-03-18|394.475|396.72|390.75|391.48
2021-03-19|389.88|391.569|387.15|389.48
2021-03-22|390.03|394.07|389.97|392.59
2021-03-23|391.91|393.46|388.66|389.5
2021-03-24|391|392.75|387.47|387.52
2021-03-25|385.98|390.55|383.9|389.7
2021-03-26|390.93|396.41|390.29|395.98
2021-03-29|394.4|396.75|392.81|395.78
2021-03-30|394.42|395.45|393.02|394.73
2021-03-31|395.34|398|395.31|396.33
2021-04-01|398.4|400.67|398.18|400.61
2021-04-05|403.46|406.94|403.38|406.36
2021-04-06|405.76|407.24|405.4|406.12
2021-04-07|405.94|406.96|405.45|406.59
2021-04-08|407.93|408.58|406.93|408.52
2021-04-09|408.39|411.67|408.26|411.49
2021-04-12|410.85|411.93|410.2|411.64
2021-04-13|411.53|413.529|411.12|412.86
2021-04-14|412.83|413.96|410.87|411.45
2021-04-15|413.74|416.16|413.69|415.87
2021-04-16|417.25|417.91|415.73|417.26
2021-04-19|416.26|416.74|413.79|415.21
2021-04-20|413.91|415.0859|410.59|412.17
2021-04-21|411.51|416.29|411.36|416.07
2021-04-22|415.89|416.78|411.13|412.27
2021-04-23|412.87|418.25|412.79|416.74
2021-04-26|417.44|418.22|416.97|417.61
2021-04-27|417.93|418.14|416.3|417.52
2021-04-28|417.81|419.01|416.9|417.4
2021-04-29|420.32|420.72|416.44|420.06
2021-04-30|417.63|418.54|416.34|417.3
2021-05-03|419.43|419.84|417.665|418.2
2021-05-04|416.07|416.6|411.67|415.62
2021-05-05|417.38|417.63|414.94|415.75
2021-05-06|415.83|419.21|413.675|419.07
2021-05-07|419.89|422.815|419.16|422.12
2021-05-10|422.5|422.74|417.81|417.94
2021-05-11|413.1|415.27|410.06|414.21
2021-05-12|411.23|412.59|404|405.41
2021-05-13|407.07|412.35|407.02|410.28
2021-05-14|413.21|417.49|413.18|416.58
2021-05-17|415.39|416.39|413.36|415.52
2021-05-18|415.8|416.06|411.77|411.94
2021-05-19|406.92|411.05|405.33|410.86
2021-05-20|411.8|416.625|411.67|415.28
2021-05-21|416.87|418.2|414.45|414.94
2021-05-24|417.34|420.32|417.08|419.17
2021-05-25|420.33|420.71|417.62|418.24
2021-05-26|418.87|419.61|417.76|419.07
2021-05-27|420.17|420.72|419.12|419.29
2021-05-28|420.97|421.25|419.79|420.04
2021-06-01|422.57|422.72|419.2|419.67
2021-06-02|420.37|421.23|419.29|420.33
2021-06-03|417.85|419.99|416.28|418.77
2021-06-04|420.75|422.92|420.68|422.6
2021-06-07|422.59|422.78|421.19|422.19
2021-06-08|423.11|423.21|420.32|422.28
2021-06-09|423.18|423.26|421.41|421.65
2021-06-10|422.96|424.63|421.55|423.61
2021-06-11|424.2|424.43|422.82|424.31
2021-06-14|424.43|425.37|423.1|425.26
2021-06-15|425.42|425.46|423.54|424.48
2021-06-16|424.63|424.87|419.92|422.11
2021-06-17|421.67|423.02|419.32|421.97
2021-06-18|417.09|417.8281|414.7|414.92
2021-06-21|416.8|421.06|415.93|420.86
2021-06-22|420.85|424|420.08|423.11
2021-06-23|423.19|424.05|422.51|422.6
2021-06-24|424.89|425.55|424.62|425.1
2021-06-25|425.9|427.0943|425.55|426.61
2021-06-28|427.17|427.65|425.89|427.47
2021-06-29|427.88|428.56|427.13|427.7
2021-06-30|427.21|428.78|427.18|428.06
2021-07-01|428.87|430.6|428.8|430.43
2021-07-02|431.67|434.1|431.33|433.72
2021-07-06|433.78|434.01|430.01|432.93
2021-07-07|433.66|434.76|431.51|434.46
2021-07-08|428.78|431.73|427.52|430.92
2021-07-09|432.53|435.84|432.31|435.52
2021-07-12|435.43|437.35|434.97|437.08
2021-07-13|436.24|437.84|435.31|435.59
2021-07-14|437.4|437.92|434.91|436.24
2021-07-15|434.81|435.53|432.72|434.75
2021-07-16|436.01|436.06|430.92|431.34
2021-07-19|426.19|431.4089|421.97|424.97
2021-07-20|425.68|432.42|424.83|431.06
2021-07-21|432.34|434.7|431.0111|434.55
2021-07-22|434.74|435.72|433.69|435.46
2021-07-23|437.52|440.3|436.79|439.94
2021-07-26|439.31|441.03|439.26|441.02
2021-07-27|439.91|439.94|435.99|439.01
2021-07-28|439.68|440.3|437.31|438.83
2021-07-29|439.815|441.8|439.81|440.65
2021-07-30|437.91|440.06|437.77|438.51
2021-08-02|440.34|440.93|437.21|437.59
2021-08-03|438.44|441.28|436.1|441.15
2021-08-04|439.78|441.1243|438.73|438.98
2021-08-05|440.22|441.85|439.88|441.76
2021-08-06|442.1|442.94|441.8|442.49
2021-08-09|442.46|442.795|441.31|442.13
2021-08-10|442.61|443.44|441.88|442.68
2021-08-11|443.82|443.882|442.62|443.78
2021-08-12|443.62|445.2572|442.66|445.11
2021-08-13|445.59|445.94|445.07|445.92
2021-08-16|444.53|447.11|442.87|446.97
2021-08-17|444.24|444.96|440.85|444.04
2021-08-18|442.96|444.625|438.92|439.18
2021-08-19|436.27|441.14|436.12|439.86
2021-08-20|440.23|443.71|439.71|443.36
2021-08-23|445.16|448.23|443.4355|447.26
2021-08-24|447.97|448.54|447.42|447.97
2021-08-25|448.17|449.457|447.77|448.91
2021-08-26|448.61|448.86|446.16|446.26
2021-08-27|447.12|450.65|447.06|450.25
2021-08-30|450.97|453.07|450.71|452.23
2021-08-31|452.13|452.49|450.92|451.56
2021-09-01|452.56|453.11|451.545|451.8
2021-09-02|453.32|454.05|451.91|453.19
2021-09-03|451.98|453.63|451.55|453.08
2021-09-07|452.71|452.81|450.7423|451.46
2021-09-08|450.89|451.67|448.86|450.91
2021-09-09|450.7|452.57|448.72|448.98
2021-09-10|451.04|451.49|445.31|445.44
2021-09-13|448.64|448.92|444.11|446.58
2021-09-14|448.12|448.34|443.22|444.17
2021-09-15|444.62|448.41|443.44|447.88
2021-09-16|447.32|448.36|444.02|447.17
2021-09-17|444.92|445.37|441.02|441.4
2021-09-20|434.88|436.56|428.86|434.04
2021-09-21|436.53|437.91|433.07|433.63
2021-09-22|436.05|440.03|433.747|437.86
2021-09-23|439.85|444.89|439.6|443.18
2021-09-24|441.44|444.67|441.21|443.91
2021-09-27|442.81|444.05|441.9|442.64
2021-09-28|439.69|440.04|432.94|433.72
2021-09-29|435.19|437.04|433.85|434.45
2021-09-30|436.02|436.77|428.78|429.14
2021-10-01|430.98|436.0329|427.23|434.24
2021-10-04|433|433.96|426.36|428.64
2021-10-05|430.24|435.49|429.39|433.1
2021-10-06|429.27|435.1199|427.54|434.9
2021-10-07|438.39|441.68|438.2|438.66
2021-10-08|439.48|439.89|437.19|437.86
2021-10-11|437.16|440.26|434.62|434.69
2021-10-12|435.67|436.1|432.78|433.62
2021-10-13|434.71|436.05|431.54|435.18
2021-10-14|439.08|442.66|438.58|442.5
2021-10-15|444.75|446.26|444.09|445.87
2021-10-18|443.97|447.55|443.27|447.19
2021-10-19|448.92|450.71|448.27|450.64
2021-10-20|451.13|452.732|451.01|452.41
2021-10-21|451.77|453.829|451.31|453.59
2021-10-22|453.13|454.67|451.05|453.12
2021-10-25|454.28|455.9|452.39|455.55
2021-10-26|457.2|458.49|455.56|455.96
2021-10-27|456.45|457.16|453.86|453.94
2021-10-28|455.46|458.4|455.45|458.32
2021-10-29|455.87|459.56|455.56|459.25
2021-11-01|460.3|460.7021|458.2|460.04
2021-11-02|460.22|462.23|460.08|461.9
2021-11-03|461.3|465.15|460.83|464.72
2021-11-04|465.36|467|464.99|466.91
2021-11-05|469.28|470.65|466.92|468.53
2021-11-08|469.7|470.23|468.2031|468.93
2021-11-09|469.32|469.57|465.88|467.38
2021-11-10|465.58|467.38|462.04|463.62
2021-11-11|465.21|465.29|463.75|463.77
2021-11-12|465.12|467.86|464.11|467.27
2021-11-15|468.64|468.81|466.23|467.43
2021-11-16|467.15|470.485|467.07|469.28
2021-11-17|469|469.19|467.48|468.14
2021-11-18|469.24|470.01|466.34|469.73
2021-11-19|469.61|470.94|468.5|468.89
2021-11-22|470.89|473.54|467.35|467.57
2021-11-23|467.22|469.095|464.45|468.19
2021-11-24|466.06|469.57|465.19|469.44
2021-11-26|462.34|463.9|457.77|458.97
2021-11-29|464.07|466.56|461.73|464.6
2021-11-30|462|464.03|455.3|455.56
2021-12-01|461.64|464.67|450.29|450.5
2021-12-02|450.73|459.07|450.31|457.4
2021-12-03|459.17|460.3|448.92|453.42
2021-12-06|456.13|460.79|453.56|458.79
2021-12-07|464.41|468.88|458.6546|468.28
2021-12-08|468.7|470|466.83|469.52
2021-12-09|468.15|469.6291|466.14|466.35
2021-12-10|469.23|470.9|466.51|470.74
2021-12-13|470.19|470.56|466.27|466.57
2021-12-14|463.09|465.74|460.25|463.36
2021-12-15|463.42|470.86|460.74|470.6
2021-12-16|472.57|472.87|464.8|466.45
2021-12-17|461.55|464.74|458.06|459.87
2021-12-20|454.48|455.4|451.14|454.98
2021-12-21|458.61|463.21|456.31|463.06
2021-12-22|462.79|467.81|462.58|467.69
2021-12-23|468.75|472.19|468.64|470.6
2021-12-27|472.06|477.31|472.01|477.26
2021-12-28|477.72|478.81|476.06|476.87
2021-12-29|476.98|478.56|475.92|477.48
2021-12-30|477.93|479|475.67|476.16
2021-12-31|475.64|476.86|474.67|474.96
2022-01-03|476.3|477.85|473.85|477.71
2022-01-04|479.22|479.98|475.58|477.55
2022-01-05|477.16|477.98|468.2801|468.38
2022-01-06|467.89|470.82|465.43|467.94
2022-01-07|467.95|469.2|464.65|466.09
2022-01-10|462.7|465.74|456.5973|465.51
2022-01-11|465.23|469.85|462.05|469.75
2022-01-12|471.59|473.2|468.94|471.02
2022-01-13|472.19|472.88|463.44|464.53
2022-01-14|461.19|465.09|459.9|464.72
2022-01-18|459.74|459.96|455.31|456.49
2022-01-19|458.13|459.6124|451.46|451.75
2022-01-20|453.75|458.74|444.5|446.75
2022-01-21|445.56|448.06|437.95|437.98
2022-01-24|432.03|440.38|420.76|439.84
2022-01-25|433.06|439.72|427.15|434.47
2022-01-26|440.72|444.04|428.86|433.38
2022-01-27|438.26|441.59|429.45|431.24
2022-01-28|432.68|442|427.82|441.95
2022-01-31|441.24|450.28|439.81|449.91
2022-02-01|450.68|453.63|446.9384|452.95
2022-02-02|455.5|458.12|453.05|457.35
2022-02-03|450.95|452.97|445.71|446.6
2022-02-04|446.35|452.78|443.83|448.7
2022-02-07|449.51|450.99|445.85|447.26
2022-02-08|446.73|451.92|445.22|450.94
2022-02-09|455.22|457.88|455.005|457.54
2022-02-10|451.34|457.71|447.2|449.32
2022-02-11|449.41|451.605|438.94|440.46
2022-02-14|439.92|441.6|435.34|439.02
2022-02-15|443.73|446.28|443.18|446.1
2022-02-16|443.93|448.055|441.94|446.6
2022-02-17|443.22|446.5652|436.42|437.06
2022-02-18|437.33|438.66|431.82|434.23
2022-02-22|431.89|435.5|425.86|429.57
2022-02-23|432.66|433.26|421.35|421.95
2022-02-24|411.02|428.76|410.64|428.3
2022-02-25|429.61|437.84|427.86|437.75
2022-02-28|432.03|438.2|430.7|436.63
2022-03-01|435.04|437.17|427.11|429.98
2022-03-02|432.37|439.72|431.57|437.89
2022-03-03|440.47|441.11|433.8|435.71
2022-03-04|431.75|433.37|427.88|432.17
2022-03-07|431.55|432.3018|419.36|419.43
2022-03-08|419.62|427.21|415.12|416.25
2022-03-09|425.14|429.51|422.82|427.41
2022-03-10|422.52|426.43|420.44|425.48
2022-03-11|428.12|428.77|419.53|420.07
2022-03-14|420.89|424.55|415.79|417
2022-03-15|419.77|426.84|418.42|426.17
2022-03-16|429.89|435.68|424.8|435.62
2022-03-17|433.59|441.07|433.19|441.07
2022-03-18|438|444.86|437.22|444.52
2022-03-21|444.34|446.46|440.68|444.39
2022-03-22|445.86|450.58|445.86|449.59
2022-03-23|446.91|448.49|443.71|443.8
2022-03-24|445.94|450.5|444.76|450.49
2022-03-25|451.16|452.98|448.43|452.69
2022-03-28|452.06|455.91|450.06|455.91
2022-03-29|460.02|462.07|457.18|461.55
2022-03-30|460.34|461.195|456.465|458.7
2022-03-31|457.89|458.76|451.16|451.64
2022-04-01|453.31|453.46|449.14|452.92
2022-04-04|453.13|456.91|452.26|456.8
2022-04-05|455.22|457.83|449.82|451.03
2022-04-06|446.89|448.93|443.47|446.52
2022-04-07|445.59|450.69|443.53|448.77
2022-04-08|447.97|450.63|445.94|447.57
2022-04-11|444.11|445|439.39|439.92
2022-04-12|443.08|445.75|436.6501|438.29
2022-04-13|438.03|444.11|437.84|443.31
2022-04-14|443.55|444.7301|437.68|437.79
2022-04-18|436.81|439.75|435.61|437.97
2022-04-19|437.86|445.8|437.68|445.04
2022-04-20|446.92|447.57|443.48|444.71
2022-04-21|448.54|450.01|437.1|438.06
2022-04-22|436.91|438.0825|425.44|426.04
2022-04-25|423.67|428.69|418.84|428.51
2022-04-26|425.83|426.04|416.07|416.1
2022-04-27|417.24|422.92|415.01|417.27
2022-04-28|422.29|429.64|417.6|427.81
2022-04-29|423.59|425.87|411.21|412
2022-05-02|412.07|415.92|405.02|414.48
2022-05-03|415.01|418.93|413.36|416.38
2022-05-04|417.08|429.66|413.7099|429.06
2022-05-05|424.55|425|409.44|413.81
2022-05-06|411.1|414.8|405.73|411.34
2022-05-09|405.1|406.41|396.5|398.17
2022-05-10|404.49|406.08|394.82|399.09
2022-05-11|398.07|404.04|391.96|392.75
2022-05-12|389.37|395.8|385.15|392.34
2022-05-13|396.71|403.18|395.61|401.72
2022-05-16|399.98|403.97|397.6|400.09
2022-05-17|406.53|408.57|402.5824|408.32
2022-05-18|403.5|403.8|390.55|391.86
2022-05-19|388.62|394.14|387.11|389.46
2022-05-20|393.25|397.03|380.54|389.63
2022-05-23|392.83|397.73|390.38|396.92
2022-05-24|392.56|395.15|386.96|393.89
2022-05-25|392.31|399.45|391.89|397.37
2022-05-26|398.67|407.04|398.45|405.31
2022-05-27|407.91|415.3801|407.7|415.26
2022-05-31|413.55|416.46|410.03|412.93
2022-06-01|415.17|416.24|406.93|409.59
2022-06-02|409.42|417.44|407.04|417.39
2022-06-03|412.4|414.04|409.51|410.54
2022-06-06|414.78|416.609|410.5523|411.79
2022-06-07|408.1|416.22|407.61|415.74
2022-06-08|413.93|415.82|410.38|411.22
2022-06-09|409.34|411.74|401.44|401.44
2022-06-10|394.88|395.7777|389.75|389.8
2022-06-13|379.85|381.81|373.3|375
2022-06-14|376.85|377.94|370.59|373.87
2022-06-15|377.36|383.9|372.12|379.2
2022-06-16|370.51|370.94|364.0799|366.65
2022-06-17|365.51|369.38|362.17|365.86
2022-06-21|371.89|376.525|371.81|375.07
2022-06-22|370.62|378.72|370.18|374.39
2022-06-23|376.64|378.83|372.89|378.06
2022-06-24|381.4|390.09|381.365|390.08
2022-06-27|391.05|391.36|387.44|388.59
2022-06-28|390.23|393.16|380.53|380.65
2022-06-29|381.23|382.27|378.42|380.34
2022-06-30|376.24|380.6582|372.56|377.25
2022-07-01|376.56|381.7|373.8|381.24
2022-07-05|375.88|381.98|372.9|381.96
2022-07-06|382.11|385.87|379.6|383.25
2022-07-07|385.12|389.83|383.267|388.99
2022-07-08|387.27|390.64|385.66|388.67
2022-07-11|385.85|386.87|383.5|384.23
2022-07-12|383.65|386.16|378.99|380.83
2022-07-13|375.1|381.92|374.658|378.83
2022-07-14|373.61|379.0498|371.04|377.91
2022-07-15|382.55|385.25|380.54|385.13
2022-07-18|388.38|389.09|380.66|381.95
2022-07-19|386.08|392.87|385.39|392.27
2022-07-20|392.47|396.26|391.03|394.77
2022-07-21|394.16|398.84|391.63|398.79
2022-07-22|398.92|400.18|392.75|395.09
2022-07-25|395.75|396.47|393.21|395.57
2022-07-26|393.84|394.06|389.95|390.89
2022-07-27|394.36|402.88|394.05|401.04
2022-07-28|401.89|406.8|398.15|406.07
2022-07-29|407.58|413.03|406.77|411.99
2022-08-01|409.15|413.41|408.4|410.77
2022-08-02|409.12|413|406.82|408.06
2022-08-03|410.3|415.68|410|414.45
2022-08-04|414.37|415.09|412.44|414.17
2022-08-05|409.66|414.15|409.6|413.47
2022-08-08|415.25|417.62|411.83|412.99
2022-08-09|412.22|412.75|410.22|411.35
2022-08-10|418.78|420.14|416.72|419.99
2022-08-11|422.99|424.95|419.21|419.99
2022-08-12|422.03|427.21|421.03|427.1
2022-08-15|424.765|429.41|424.71|428.86
2022-08-16|427.73|431.73|426.88|429.7
2022-08-17|425.91|429.5|424.54|426.65
2022-08-18|426.86|428.61|425.5|427.89
2022-08-19|424.98|425.26|421.22|422.14
2022-08-22|417.05|417.23|412.4|413.35
2022-08-23|412.9|415.42|411.77|412.35
2022-08-24|412.11|415.1101|411.39|413.67
2022-08-25|415.24|419.56|414.09|419.51
2022-08-26|419.39|419.96|405.25|405.31
2022-08-29|402.2|405.84|401.1999|402.63
2022-08-30|403.85|404.1|396|398.21
2022-08-31|399.93|401.24|395.04|395.18
2022-09-01|392.89|396.78|390.04|396.42
2022-09-02|400.28|401.555|390.33|392.24
2022-09-06|393.13|394.12|388.42|390.76
2022-09-07|390.43|398.59|390.2|397.78
2022-09-08|395.39|400.86|394.12|400.38
2022-09-09|402.74|407.51|402.46|406.6
2022-09-12|408.78|411.73|408.46|410.97
2022-09-13|401.83|403.1|391.92|393.1
2022-09-14|394.47|396.2|391.12|394.6
2022-09-15|392.96|395.96|388.78|390.12
2022-09-16|384.14|386.25|382.11|385.56
2022-09-19|382.26|388.55|382.1784|388.55
2022-09-20|385.06|386.12|381.195|384.09
2022-09-21|386.11|389.31|377.38|377.39
2022-09-22|376.58|378.3|373.44|374.22
2022-09-23|370.58|370.62|363.29|367.95
2022-09-26|366.41|370.21|363.0299|364.31
2022-09-27|368.02|370.4|360.87|363.38
2022-09-28|364.38|372.3|362.6|370.53
2022-09-29|366.81|367.11|359.7|362.79
2022-09-30|361.8|365.91|357.04|357.18
2022-10-03|361.08|368.55|359.21|366.61
2022-10-04|372.4|378|366.5677|377.97
2022-10-05|373.39|379.46|370.95|377.09
2022-10-06|375.62|378.72|372.68|373.2
2022-10-07|368.97|373.2933|360.94|362.79
2022-10-10|363.96|364.21|357.67|360.02
2022-10-11|358.235|363.03|355.71|357.74
2022-10-12|358.17|359.8179|356.3|356.56
2022-10-13|349.205|367.51|348.11|365.97
2022-10-14|368.55|370.26|356.96|357.63
2022-10-17|364.01|367.9799|357.2808|366.82
2022-10-18|375.13|375.45|367.52|371.13
2022-10-19|368.99|371.85|365.55|368.5
2022-10-20|368.03|372.67|364.61|365.41
2022-10-21|365.12|374.8|363.54|374.29
2022-10-24|375.89|380.06|373.11|378.87
2022-10-25|378.79|385.25|378.671|384.92
2022-10-26|381.62|387.58|381.35|382.02
2022-10-27|383.07|385|379.33|379.98
2022-10-28|379.87|389.52|379.68|389.02
2022-10-31|386.44|388.4|385.26|386.21
2022-11-01|390.14|390.39|383.29|384.52
2022-11-02|383.9|388.63|374.76|374.87
2022-11-03|371.465|374.2|368.79|371.01
2022-11-04|377|378.87|370|376.35
2022-11-07|377.71|380.57|375.53|379.95
2022-11-08|381.11|385.12|377.72|382
2022-11-09|379.93|381.14|373.61|374.13
2022-11-10|388.05|395.04|385.642|394.69
2022-11-11|395.59|399.35|393.61|398.51
2022-11-14|396.66|400.1799|394.83|395.12
2022-11-15|401.15|402.31|394.49|398.49
2022-11-16|396.78|397.78|394.79|395.45
2022-11-17|390.46|394.95|390.14|394.24
2022-11-18|397.74|397.81|393.04|396.03
2022-11-21|394.64|395.82|392.66|394.59
2022-11-22|396.63|400.07|395.1527|399.9
2022-11-23|399.55|402.93|399.31|402.42
2022-11-25|401.83|402.91|401.535|402.33
2022-11-28|399.09|400.81|395.11|395.91
2022-11-29|396.05|397.3|393.3|395.23
2022-11-30|395.49|407.68|393.48|407.68
2022-12-01|408.77|410|404.75|407.38
2022-12-02|402.25|407.86|402.14|406.91
2022-12-05|403.95|404.93|398.17|399.59
2022-12-06|399.42|399.99|391.64|393.83
2022-12-07|392.94|395.64|391.97|393.16
2022-12-08|395.14|397.36|393.2684|396.24
2022-12-09|394.94|397.62|393.15|393.28
2022-12-12|394.11|398.95|393.412|398.95
2022-12-13|410.22|410.49|399.07|401.97
2022-12-14|401.61|405.5|396.31|399.4
2022-12-15|394.3|395.25|387.885|389.63
2022-12-16|385.18|386.575|381.04|383.27
2022-12-19|383.47|383.82|378.28|380.02
2022-12-20|379.23|382.23|377.85|380.54
2022-12-21|383.25|387.41|382.69|386.23
2022-12-22|383.05|386.2134|374.77|380.72
2022-12-23|379.65|383.06|378.03|382.91
2022-12-27|382.79|383.15|379.65|381.4
2022-12-28|381.33|383.39|376.42|376.66
2022-12-29|379.63|384.35|379.08|383.44
2022-12-30|380.64|382.58|378.43|382.43
2023-01-03|384.37|386.43|377.831|380.82
2023-01-04|383.18|385.88|380|383.76
2023-01-05|381.72|381.84|378.76|379.38
2023-01-06|382.61|389.25|379.4127|388.08
2023-01-09|390.37|393.7|387.67|387.86
2023-01-10|387.25|390.65|386.27|390.58
2023-01-11|392.23|395.6|391.38|395.52
2023-01-12|396.67|398.485|392.42|396.96
2023-01-13|393.62|399.1|393.34|398.5
2023-01-17|398.48|400.23|397.06|397.77
2023-01-18|399.01|400.12|391.28|391.49
2023-01-19|389.36|391.08|387.26|388.64
2023-01-20|390.1|396.04|388.38|395.88
2023-01-23|396.72|402.645|395.72|400.63
2023-01-24|398.88|401.15|397.64|400.2
2023-01-25|395.95|400.7|393.56|400.35
2023-01-26|403.13|404.92|400.03|404.75
2023-01-27|403.655|408.16|403.44|405.68
2023-01-30|402.8|405.13|400.28|400.59
2023-01-31|401.13|406.53|400.77|406.48
2023-02-01|405.211|413.67|402.35|410.8
2023-02-02|414.86|418.31|412.88|416.78
2023-02-03|411.59|416.97|411.09|412.35
2023-02-06|409.79|411.29|408.1|409.83
2023-02-07|408.87|416.49|407.57|415.19
2023-02-08|413.13|414.53|409.93|410.65
2023-02-09|414.41|414.57|405.81|407.09
2023-02-10|405.86|408.44|405.01|408.04
2023-02-13|408.72|412.97|408.24|412.83
2023-02-14|411.24|415.05|408.511|412.64
2023-02-15|410.35|414.06|409.47|413.98
2023-02-16|408.79|412.91|408.14|408.28
2023-02-17|406.06|407.51|404.05|407.26
2023-02-21|403.06|404.16|398.82|399.09
2023-02-22|399.52|401.13|397.02|398.54
2023-02-23|401.56|402.2|396.25|400.66
2023-02-24|395.42|397.25|393.64|396.38
2023-02-27|399.87|401.29|396.75|397.73
2023-02-28|397.23|399.28|396.15|396.26
2023-03-01|395.41|396.69|393.38|394.74
2023-03-02|392.68|398.69|392.33|397.81
2023-03-03|399.71|404.45|399.03|404.19
2023-03-06|405.05|407.45|404.01|404.47
2023-03-07|404.42|404.67|397.625|398.27
2023-03-08|398.39|399.71|396.59|398.92
2023-03-09|399.74|401.48|390.53|391.56
2023-03-10|390.99|393.16|384.32|385.91
2023-03-13|381.81|390.39|380.65|385.36
2023-03-14|390.5|393.45|387.05|391.73
2023-03-15|385.89|389.49|383.71|389.28
2023-03-16|386.82|396.47|386.29|396.11
2023-03-17|393.22|394.4|388.55|389.99
2023-03-20|390.8|394.17|390.07|393.74
2023-03-21|397.24|399.41|395.58|398.91
2023-03-22|398.73|402.49|392.07|392.11
2023-03-23|395.09|399.29|390.35|393.17
2023-03-24|391.841|395.84|389.4|395.75
2023-03-27|398.12|398.92|395.56|396.49
2023-03-28|395.77|396.49|393.69|395.6
2023-03-29|399.925|401.6|398.68|401.35
2023-03-30|404.09|404.35|401.76|403.7
2023-03-31|404.66|409.7|404.55|409.39
2023-04-03|408.85|411.37|408.44|410.95
2023-04-04|411.62|411.92|407.24|408.67
2023-04-05|407.91|408.7|405.88|407.6
2023-04-06|406.77|409.48|405.678|409.19
2023-04-10|406.61|409.69|405.97|409.61
2023-04-11|410.26|411.18|408.92|409.72
2023-04-12|411.87|412.17|407.44|408.05
2023-04-13|409.18|413.84|407.9922|413.47
2023-04-14|412.81|415.09|410.06|412.46
2023-04-17|412.37|413.96|411.085|413.94
2023-04-18|415.58|415.72|412.7802|414.21
2023-04-19|412.22|415.08|412.16|414.14
2023-04-20|411.21|413.7|410.27|411.88
2023-04-21|412.19|412.68|410.17|412.2
2023-04-24|411.99|413.07|410.6|412.63
2023-04-25|410.58|411.16|406.02|406.08
2023-04-26|406.72|407.84|403.78|404.36
2023-04-27|407|412.69|406.74|412.41
2023-04-28|411.49|415.94|411.43|415.93
2023-05-01|415.47|417.62|415.265|415.51
2023-05-02|414.77|414.82|407.82|410.84
2023-05-03|411.36|413.87|407.77|408.02
2023-05-04|406.93|407.27|403.74|405.13
2023-05-05|408.91|413.72|408.64|412.63
2023-05-08|412.97|413.24|411.28|412.74
2023-05-09|411.13|412.09|410.6894|410.93
2023-05-10|413.88|414.535|408.87|412.85
2023-05-11|411.95|412.43|409.97|412.13
2023-05-12|413.42|413.64|409.07|411.59
2023-05-15|412.22|413.43|410.23|413.01
2023-05-16|411.86|412.815|410.24|410.25
2023-05-17|412.35|415.855|410.635|415.23
2023-05-18|414.9|419.67|414.67|419.23
2023-05-19|420.17|420.72|417.35|418.62
2023-05-22|418.64|420.39|417.35|418.79
2023-05-23|417.08|418.722|413.68|414.09
2023-05-24|412.42|412.82|409.8795|411.09
2023-05-25|414.74|416.16|412.4101|414.65
2023-05-26|415.33|420.77|415.25|420.02
2023-05-30|422.03|422.58|418.735|420.18
2023-05-31|418.28|419.22|416.22|417.85
2023-06-01|418.09|422.92|416.79|421.82
2023-06-02|424.5|428.74|423.95|427.92
2023-06-05|428.28|429.67|426.37|427.1
2023-06-06|426.67|428.5772|425.99|428.03
2023-06-07|428.44|429.62|426.11|426.55
2023-06-08|426.62|429.6|425.82|429.13
2023-06-09|429.96|431.99|428.87|429.9
2023-06-12|430.92|433.88|430.17|433.8
2023-06-13|435.32|437.33|434.63|436.66
2023-06-14|437.01|439.0612|433.59|437.18
2023-06-15|436.33|443.9|436.23|442.6
2023-06-16|443.02|443.6078|438.97|439.46
2023-06-20|437.45|438.37|435.03|437.18
2023-06-21|436.16|436.99|434.33|434.94
2023-06-22|433.95|436.62|433.6|436.51
2023-06-23|432.93|435.06|432.47|433.21
2023-06-26|432.62|434.61|431.19|431.44
2023-06-27|432.35|436.81|431.88|436.17
2023-06-28|435.05|437.44|434.41|436.39
2023-06-29|435.96|438.28|435.54|438.11
2023-06-30|441.44|444.3|441.11|443.28
2023-07-03|442.92|444.08|442.63|443.79
2023-07-05|441.91|443.889|441.9|443.13
2023-07-06|439.42|440.1|437.06|439.66
2023-07-07|438.63|442.64|438.3|438.55
2023-07-10|438.18|439.84|437.585|439.66
2023-07-11|440.45|442.97|439.44|442.46
2023-07-12|446.39|447.4799|444.91|446.02
2023-07-13|447.9|450.38|447.45|449.56
2023-07-14|450.475|451.36|448.49|449.28
2023-07-17|449.13|451.93|449.08|450.84
2023-07-18|450.5|454.86|450.0484|454.19
2023-07-19|455.01|456.43|454.1119|455.2
2023-07-20|454.17|455.1|451.44|452.18
2023-07-21|453.96|454.165|452.17|452.18
2023-07-24|453.37|455.04|452.298|454.2
2023-07-25|453.92|456.735|453.87|455.44
2023-07-26|454.47|456.99|453.38|455.51
2023-07-27|459.02|459.44|451.55|452.49
2023-07-28|455.88|457.78|452.4918|456.92
2023-07-31|457.41|458.16|456.045|457.79
2023-08-01|456.27|457.25|455.49|456.48
2023-08-02|453.25|453.52|449.3499|450.13
2023-08-03|448.04|450.79|447.37|448.84
2023-08-04|450.72|452.895|446.27|446.81
2023-08-07|448.71|450.865|447.99|450.71
2023-08-08|448.08|450.6952|445.2705|448.75
2023-08-09|449.03|449.1999|444.96|445.75
2023-08-10|448.19|451.7|444.7|445.91
2023-08-11|443.97|446.7007|443.345|445.65
2023-08-14|444.7|448.11|444.38|448.11
2023-08-15|446.27|446.64|442.3|442.89
2023-08-16|442.46|444.18|439.53|439.64
2023-08-17|441.16|441.43|435.75|436.29
2023-08-18|433.37|437.57|433.01|436.5
2023-08-21|437.55|440.11|435.32|439.34
2023-08-22|441.18|441.18|437.57|438.15
2023-08-23|439.25|443.67|439.1|443.03
2023-08-24|444.69|445.22|436.855|436.89
2023-08-25|438.68|441.3|435|439.97
2023-08-28|442.24|443.4|439.9728|442.76
2023-08-29|442.65|449.45|442.46|449.16
2023-08-30|449.51|451.67|448.78|451.01
2023-08-31|451.65|452.83|450.16|450.35
2023-09-01|453.17|453.67|449.68|451.19
2023-09-05|450.73|451.06|449.17|449.24
2023-09-06|448.4|448.51|443.81|446.22
2023-09-07|443.11|445.55|442.75|444.85
2023-09-08|444.9|447.11|444.53|445.52
2023-09-11|448.24|448.77|446.4699|448.45
2023-09-12|446.95|448.53|445.39|445.99
2023-09-13|446.22|447.71|445.0793|446.51
2023-09-14|449.07|451.08|447.715|450.36
2023-09-15|447.14|447.48|442.92|443.37
2023-09-18|443.05|444.97|442.56|443.63
2023-09-19|442.68|443.29|439.94|442.71
2023-09-20|444.01|444.435|438.43|438.64
2023-09-21|435.7|435.97|431.23|431.39
2023-09-22|432.45|434.1|429.99|430.42
2023-09-25|429.17|432.27|428.72|432.23
2023-09-26|429.09|429.82|425.02|425.88
2023-09-27|427.09|427.67|422.29|426.05
2023-09-28|425.48|430.2499|424.87|428.52
2023-09-29|431.67|431.85|425.91|427.48
2023-10-02|426.62|428.6|424.46|427.31
2023-10-03|425.06|427.3729|420.18|421.59
2023-10-04|422.07|425.4299|420.56|424.66
2023-10-05|424.36|425.37|421.1701|424.5
2023-10-06|421.97|431.125|420.6|429.54
2023-10-09|427.58|432.88|427.0101|432.29
2023-10-10|432.94|437.22|432.53|434.54
2023-10-11|435.64|436.58|433.18|436.32
2023-10-12|436.95|437.335|431.23|433.66
2023-10-13|435.21|436.45|429.88|431.5
2023-10-16|433.82|437.14|433.57|436.04
2023-10-17|432.81|438.14|432.45|436.02
2023-10-18|434.19|435.18|429.09|430.21
2023-10-19|430.95|432.82|425.725|426.43
2023-10-20|425.98|426.54|421.08|421.19
2023-10-23|419.61|424.45|417.8|420.46
2023-10-24|422.65|424.82|420.74|423.63
2023-10-25|421.89|421.92|417.015|417.55
2023-10-26|416.45|417.325|411.6|412.55
2023-10-27|414.19|414.6|409.21|410.68
2023-10-30|413.56|416.68|408.91|415.59
2023-10-31|416.18|418.53|414.21|418.2
2023-11-01|419.2|423.5|418.6499|422.66
2023-11-02|426.58|430.915|426.56|430.76
2023-11-03|433.14|436.29|433.01|434.69
2023-11-06|435.47|436.1498|433.68|435.69
2023-11-07|435.69|437.585|434.51|436.93
2023-11-08|437.55|438.09|434.87|437.25
2023-11-09|438.43|438.47|433.4|433.84
2023-11-10|435.98|440.93|433.8335|440.61
2023-11-13|439.23|441.33|438.42|440.19
2023-11-14|446.32|450.06|446.09|448.73
2023-11-15|450.11|451.38|448.8|449.68
2023-11-16|449.22|450.56|448.12|450.23
2023-11-17|450.24|451.42|449.29|450.79
2023-11-20|450.53|455.125|450.52|454.26
2023-11-21|453.1842|454.131|451.9599|453.27
2023-11-22|454.98|456.38|453.8895|455.02
2023-11-24|455.07|455.5|454.73|455.3
2023-11-27|454.65|455.4901|454.0799|454.48
2023-11-28|454.08|456.27|453.5|454.93
2023-11-29|457.15|458.32|454.2|454.61
2023-11-30|455.48|456.76|453.34|456.4
2023-12-01|455.77|459.65|455.16|459.1
2023-12-04|455.6|459.1206|454.34|456.69
2023-12-05|455.26|457.59|454.87|456.6
2023-12-06|458.81|458.84|454.31|454.76
2023-12-07|456.91|458.9|456.29|458.23
2023-12-08|457.46|460.745|457.21|460.2
2023-12-11|459.69|462.17|459.47|461.99
2023-12-12|461.63|464.2|460.6|464.1
2023-12-13|464.49|470.7599|464.12|470.5
2023-12-14|472.5|473.73|469.25|472.01
2023-12-15|469.49|470.7|467.4263|469.33
2023-12-18|470.98|472.98|469.8929|471.97
2023-12-19|472.53|474.92|472.45|474.84
2023-12-20|473.96|475.895|467.82|468.26
2023-12-21|471.33|472.975|468.84|472.7
2023-12-22|473.86|475.38|471.7|473.65
2023-12-26|474.07|476.58|473.99|475.65
2023-12-27|475.44|476.66|474.89|476.51
2023-12-28|476.88|477.55|476.26|476.69
2023-12-29|476.49|477.03|473.3|475.31
2024-01-02|472.16|473.67|470.49|472.65
2024-01-03|470.43|471.19|468.17|468.79
2024-01-04|468.3|470.96|467.05|467.28
2024-01-05|467.49|470.44|466.43|467.92