2018-08-01|44.65|45.14|44.35|44.73
2018-08-02|44.77|45.94|44.63|45.87
2018-08-03|46.07|46.13|45.449|45.47
2018-08-06|45.57|46.02|45.41|45.94
2018-08-07|46.1|46.69|45.899|46.6
2018-08-08|46.87|46.91|46.52|46.65
2018-08-09|46.65|47.35|46.46|46.82
2018-08-10|46.36|47.01|45.61|46.93
2018-08-13|47.04|47.099|46.44|46.61
2018-08-14|46.85|47.033|46.5|46.88
2018-08-15|46.29|46.55|45.48|45.92
2018-08-16|46.12|46.73|46.11|46.4
2018-08-17|46.25|46.25|45.38|45.83
2018-08-20|45.75|46.4|45.451|46.38
2018-08-21|46.43|47.5|46.43|47.37
2018-08-22|47.16|47.6267|47.1408|47.41
2018-08-23|47.57|47.8699|47.1357|47.34
2018-08-24|47.56|48.13|47.56|48.06
2018-08-27|48.39|48.88|48.13|48.88
2018-08-28|49|49.13|48.6456|48.99
2018-08-29|49.13|49.772|48.83|49.63
2018-08-30|49.46|49.83|49.17|49.6
2018-08-31|49.48|49.87|49.47|49.7
2018-09-04|49.43|49.5|48.7|49.17
2018-09-05|49.01|49.01|47.55|47.99
2018-09-06|48.17|48.25|46.88|47.04
2018-09-07|46.6|47.35|46.18|46.73
2018-09-10|47|47.01|46.4|46.86
2018-09-11|46.57|47.48|46.4|47.43
2018-09-12|47.41|47.659|46.7098|47.58
2018-09-13|47.99|48.429|47.6886|47.94
2018-09-14|48.05|48.6|47.83|48.24
2018-09-17|48.09|48.34|47.25|47.28
2018-09-18|47.35|48.313|47.35|48.14
2018-09-19|48.12|48.3|47.7386|48.11
2018-09-20|48.3|48.6539|47.93|48.33
2018-09-21|48.7|48.7|47.1301|47.16
2018-09-24|46.75|47.36|46.571|47.33
2018-09-25|47.47|47.8699|47.37|47.77
2018-09-26|47.96|48.3|47.74|47.81
2018-09-27|48.12|48.33|47.9697|48.21
2018-09-28|47.43|47.7949|47.22|47.34
2018-10-01|48.35|48.48|47.25|47.41
2018-10-02|47.45|47.4686|45.95|46.19
2018-10-03|46.53|46.6|45.96|46.28
2018-10-04|46.26|46.26|44.45|44.83
2018-10-05|44.69|45.06|43.1695|43.98
2018-10-08|43.76|44.0779|42.55|43.16
2018-10-09|43.1|43.82|43.04|43.36
2018-10-10|43.06|43.25|41.06|41.1
2018-10-11|41.06|41.75|40.33|40.7
2018-10-12|42.14|42.27|41.11|42.02
2018-10-15|41.78|42.02|41.0501|41.64
2018-10-16|42.15|43.74|41.95|43.63
2018-10-17|43.89|44|42.7|43.37
2018-10-18|43.13|43.14|41.8|42.1
2018-10-19|42.31|42.8199|41.2189|41.32
2018-10-22|41.62|41.8389|40.83|41.44
2018-10-23|40.48|42.1082|40.19|41.76
2018-10-24|41.89|42|39.39|39.39
2018-10-25|40.53|41.67|40.35|41.23
2018-10-26|39.98|41.76|39.86|40.9
2018-10-29|41.97|42.19|39.75|40.49
2018-10-30|40.19|41.6299|40.092|41.52
2018-10-31|42.28|43.1513|42.28|42.58
2018-11-01|43.18|44.8|43.1301|44.72
2018-11-02|45.39|45.92|44.8948|45.48
2018-11-05|45.52|45.52|44.12|44.82
2018-11-06|44.82|45.21|44.5001|44.83
2018-11-07|45.34|46.065|45|45.96
2018-11-08|45.89|46.22|44.9301|45.24
2018-11-09|44.68|44.91|43.91|44.3756
2018-11-12|44.13|44.18|42.32|42.76
2018-11-13|43.02|43.87|42.67|43.11
2018-11-14|43.63|43.9936|42.3901|42.59
2018-11-15|42.37|43.9089|42.293|43.84
2018-11-16|43.16|43.83|42.9|43.67
2018-11-19|43.47|43.5|41.45|41.58
2018-11-20|40.17|41.5242|39.89|40.82
2018-11-21|41.45|41.8997|41.2104|41.74
2018-11-23|41.25|42.2019|41.25|41.71
2018-11-26|42.35|43.07|42.28|42.95
2018-11-27|42.69|42.94|42.3299|42.53
2018-11-28|43.07|44.19|42.484|44.18
2018-11-29|43.99|44.48|43.39|44.05
2018-11-30|44.06|44.47|43.62|44.45
2018-12-03|46|46|45.04|45.53
2018-12-04|45.3|45.54|43.21|43.27
2018-12-06|42.13|43.59|42.03|43.54
2018-12-07|43.59|43.8519|41.9201|42.1
2018-12-10|41.95|42.7|41.46|42.54
2018-12-11|43.3|43.3|42.09|42.46
2018-12-12|43.12|44.05|42.97|43.31
2018-12-13|43.59|43.59|42.4601|42.64
2018-12-14|41.98|42.6616|41.55|41.77
2018-12-17|41.45|41.648|39.68|39.92
2018-12-18|40.34|40.6499|39.5|39.89
2018-12-19|40|40.75|38.7201|39.28
2018-12-20|38.92|39.3|37.17|37.82
2018-12-21|38.02|38.02|35.67|35.85
2018-12-24|35.43|36.0799|34.9|35.34
2018-12-26|35.62|37.59|35.2976|37.52
2018-12-27|36.09|36.4|34.75|36.4
2018-12-28|36.63|37.4042|36.04|36.77
2018-12-31|37|37.3086|36.64|37.19
2019-01-02|36.27|37.5728|36.23|37.42
2019-01-03|37|37.1407|35.91|36.19
2019-01-04|36.9|38.5603|36.8601|38.43
2019-01-07|38.67|40.33|38.39|40.1
2019-01-08|40.71|40.83|39.3075|40.22
2019-01-09|40.4|41.75|40.3103|41.48
2019-01-10|41.2|41.7|40.5016|41.69
2019-01-11|41.28|41.89|41.16|41.78
2019-01-14|41.2|41.4939|40.9001|41.03
2019-01-15|41.42|42.32|41.42|42.28
2019-01-16|42.33|43.0128|42.23|42.31
2019-01-17|42.21|43.0199|42.07|42.64
2019-01-18|42.85|43.14|42.4|42.8
2019-01-22|42.12|42.12|40.8882|41.11
2019-01-23|41.3|41.52|40.33|40.7
2019-01-24|40.77|41.59|40.77|41.58
2019-01-25|41.96|42.64|41.71|42.57
2019-01-28|41.76|41.89|41.16|41.68
2019-01-29|41.76|41.845|41.13|41.25
2019-01-30|41.75|42.46|41.27|42.27
2019-01-31|42.25|43.24|42.1048|43.05
2019-02-01|43.01|43.51|42.73|43.11
2019-02-04|43.05|43.8|42.86|43.8
2019-02-05|43.92|44.3499|43.6501|43.92
2019-02-06|43.86|44.1995|43.5493|43.96
2019-02-07|43.37|43.44|42.125|42.49
2019-02-08|42.15|43.04|42.13|42.99
2019-02-11|43.16|43.735|43.1357|43.42
2019-02-12|43.77|44.29|43.58|44.25
2019-02-13|44.45|44.79|44.31|44.54
2019-02-14|44.41|44.73|44.18|44.66
2019-02-15|45.12|45.19|44.8989|45.19
2019-02-19|45.01|45.5|45|45.22
2019-02-20|45.31|45.8738|45.2869|45.59
2019-02-21|45.51|45.578|44.49|44.7
2019-02-22|45.11|45.78|45.02|45.77
2019-02-25|46.46|46.84|46.148|46.39
2019-02-26|46.28|46.385|45.97|46.04
2019-02-27|45.92|46.83|45.79|46.72
2019-02-28|46.58|46.7593|46.0477|46.56
2019-03-01|46.85|46.8899|46.39|46.8
2019-03-04|47.19|47.24|45.5|46.23
2019-03-05|46.18|46.69|45.6501|46.36
2019-03-06|46.36|46.36|45.26|45.36
2019-03-07|45.09|45.245|44.2737|44.57
2019-03-08|43.82|44.915|43.38|44.86
2019-03-11|45.14|46.42|45|46.42
2019-03-12|46.5|46.77|46.0361|46.55
2019-03-13|46.74|47.14|46.55|46.94
2019-03-14|46.96|47.07|46.53|46.64
2019-03-15|46.77|47.2594|46.6|46.99
2019-03-18|47|47.42|46.39|46.85
2019-03-19|47.02|47.26|46.656|46.98
2019-03-20|46.93|47.48|46.5|47.1
2019-03-21|46.81|48.15|46.76|48.07
2019-03-22|47.81|47.945|46.04|46.05
2019-03-25|45.82|46.2339|45.21|45.95
2019-03-26|46.5|46.6476|45.8|46.15
2019-03-27|46.14|46.38|44.9224|45.65
2019-03-28|45.77|46.263|45.4821|46.14
2019-03-29|46.58|46.8299|46.21|46.73
2019-04-01|47.32|47.5207|47.075|47.43
2019-04-02|47.48|47.86|47.22|47.81
2019-04-03|48.19|49.08|48.1|48.78
2019-04-04|48.38|48.46|47.51|48.13
2019-04-05|48.3|48.93|48.185|48.91
2019-04-08|48.78|48.98|48.47|48.81
2019-04-09|48.65|48.847|48.22|48.3
2019-04-10|48.42|48.98|48.25|48.98
2019-04-11|48.94|48.94|48.21|48.35
2019-04-12|48.78|48.85|48.35|48.46
2019-04-15|48.5|48.56|47.46|47.95
2019-04-16|48.24|48.539|48.1001|48.28
2019-04-17|48.67|48.71|46.86|47.05
2019-04-18|47.11|47.31|46.4127|47.09
2019-04-22|46.97|47.32|46.8438|47.25
2019-04-23|47.45|48.59|47.4122|48.43
2019-04-24|48.5|48.5|47.98|48.01
2019-04-25|47.82|48.0001|47.22|47.58
2019-04-26|47.59|47.69|47.08|47.69
2019-04-29|47.72|48.2399|47.7|47.79
2019-04-30|47.8|48.01|46.96|47.22
2019-05-01|47.5|47.711|46.78|46.78
2019-05-02|46.92|47.1|46.14|47.01
2019-05-03|47.44|48.39|47.2242|48.39
2019-05-06|47.06|48.855|46.8737|48.82
2019-05-07|48.28|48.49|46.9|47.3
2019-05-08|46.57|46.9349|46.06|46.43
2019-05-09|45.81|46.24|44.91|46.03
2019-05-10|45.79|46.439|45.06|46.24
2019-05-13|44.83|45.1|43.63|43.69
2019-05-14|44.05|44.8652|43.9144|44.53
2019-05-15|44.18|45.075|44|45.07
2019-05-16|45.15|45.5094|45.1|45.28
2019-05-17|44.48|44.7755|43.8701|43.96
2019-05-20|43.18|43.5232|42.8565|42.93
2019-05-21|43.27|43.95|43.2301|43.9
2019-05-22|43.55|43.92|43.199|43.23
2019-05-23|42.59|42.8|41.67|42.04
2019-05-24|42.45|42.545|41.9193|42.14
2019-05-28|42.29|42.5799|41.84|41.89
2019-05-29|41.57|41.812|41.18|41.52
2019-05-30|41.73|42.12|41.47|41.81
2019-05-31|41.11|41.2299|40.6752|40.73
2019-06-03|40.73|40.99|39.88|40.14
2019-06-04|40.8399|41.84|40.52|41.8
2019-06-05|42.33|42.36|41.6405|42.11
2019-06-06|42.32|42.3699|41.82|42.13
2019-06-07|42.48|43.31|42.48|43.21
2019-06-10|43.54|44.312|43.54|43.62
2019-06-11|44.24|44.32|42.87|43.3
2019-06-12|43.26|43.4489|42.8|43.15
2019-06-13|43.31|43.68|43.14|43.68
2019-06-14|43.45|43.6|42.97|43.07
2019-06-17|43.17|44.63|43.1537|44.41
2019-06-18|44.98|45.54|44.85|45.11
2019-06-19|45.28|45.36|44.821|45.27
2019-06-20|45.89|46.0199|45.0301|45.33
2019-06-21|45.19|45.47|44.5301|45.44
2019-06-24|45.56|45.6499|44.76|44.79
2019-06-25|44.84|45.1|44.3|44.46
2019-06-26|44.88|45.06|44.54|44.69
2019-06-27|44.83|45.84|44.83|45.82
2019-06-28|45.94|48.0499|45.82|47.98
2019-07-01|48.76|48.84|47.82|47.92
2019-07-02|47.97|48|47.112|47.44
2019-07-03|48.05|48.06|47.6359|48.06
2019-07-05|47.74|47.94|47.2872|47.8
2019-07-08|47.58|47.5965|47.1|47.35
2019-07-09|47.08|48.25|47.08|48.25
2019-07-10|48.58|48.95|48.3161|48.58
2019-07-11|48.64|48.84|48.1612|48.61
2019-07-12|48.41|48.5799|48.0901|48.46
2019-07-15|48.6|48.7|48.1801|48.67
2019-07-16|48.59|48.59|48.0511|48.37
2019-07-17|48.38|48.91|48.18|48.6
2019-07-18|48.4|48.83|48.35|48.83
2019-07-19|48.99|49.0399|48.28|48.29
2019-07-22|48.51|48.84|48.4|48.74
2019-07-23|48.96|48.96|48.49|48.9
2019-07-24|48.92|49.92|48.7303|49.92
2019-07-25|49.1|49.1|48.2168|48.26
2019-07-26|48.48|49.39|48.4|49.35
2019-07-29|49.25|49.35|48.2443|49.13
2019-07-30|48.61|49.61|48.49|49.61
2019-07-31|49.21|49.49|47.81|48.46
2019-08-01|48.46|48.75|46.96|47.72
2019-08-02|47|47.21|45.71|46.12
2019-08-05|44.97|45.07|43.5697|44.16
2019-08-06|44.62|44.9799|43.77|44.56
2019-08-07|44.21|45.14|44|45.13
2019-08-08|45.3|45.95|45|45.89
2019-08-09|45.78|45.92|44.87|45.27
2019-08-12|44.95|45.0138|44.21|44.3
2019-08-13|44.23|45.45|44|45.23
2019-08-14|44.32|44.53|43.3301|43.64
2019-08-15|43.89|43.89|43.13|43.56
2019-08-16|44.07|44.76|44.07|44.69
2019-08-19|45.45|45.585|45.1|45.55
2019-08-20|45.54|45.54|45.1|45.26
2019-08-21|45.67|45.8762|45.3321|45.66
2019-08-22|45.67|45.7409|44.68|44.99
2019-08-23|44.69|45.1552|43.36|43.51
2019-08-26|44.06|44.06|43.34|43.79
2019-08-27|44.04|44.1043|42.8|43.12
2019-08-28|42.94|43.54|42.65|43.38
2019-08-29|44.01|44.25|43.7921|44.18
2019-08-30|44.65|44.84|43.9277|44.32
2019-09-03|43.95|44.4603|43.0801|43.27
2019-09-04|43.72|43.78|43.115|43.34
2019-09-05|43.89|44.2699|43.46|44.04
2019-09-06|44.08|44.327|43.78|43.94
2019-09-09|44.1|44.1991|43.52|43.81
2019-09-10|43.53|44.47|43.328|44.35
2019-09-11|44.52|45.57|44.46|45.54
2019-09-12|45.71|45.89|45.2666|45.5
2019-09-13|45.61|45.71|45.2|45.25
2019-09-16|44.81|45.49|44.8011|45.4
2019-09-17|45.35|45.5|45.1491|45.5
2019-09-18|45.5|45.56|44.47|45.04
2019-09-19|45.11|45.47|44.774|44.85
2019-09-20|44.95|45|44.25|44.74
2019-09-23|44.63|44.8439|44.45|44.54
2019-09-24|44.75|44.9|42.64|43.04
2019-09-25|42.94|43.25|42.325|43.14
2019-09-26|43.21|43.2819|42.55|43.07
2019-09-27|43.16|43.55|42.28|42.64
2019-09-30|42.73|43.07|42.4|42.89
2019-10-01|43.14|43.35|41.86|41.9
2019-10-02|41.59|41.59|40.82|41.27
2019-10-03|41.06|41.6138|40.1201|41.53
2019-10-04|41.64|41.9999|41.2949|41.97
2019-10-07|41.8|42.3899|41.6862|42.03
2019-10-08|41.64|41.64|40.61|40.62
2019-10-09|41.06|41.38|40.8308|41.19
2019-10-10|41.26|41.6483|41.0137|41.28
2019-10-11|41.94|42.52|41.9|41.93
2019-10-14|41.86|42.46|41.7337|42.26
2019-10-15|42.5|43.2899|42.44|43.15
2019-10-16|42.99|43.08|42.6941|42.8
2019-10-17|42.88|43.09|42.77|42.8805
2019-10-18|42.83|42.86|41.51|41.93
2019-10-21|42.23|42.58|41.94|42.41
2019-10-22|42.63|42.74|41.88|41.93
2019-10-23|41.9|42.1941|41.66|41.76
2019-10-24|42.55|42.73|42.19|42.65
2019-10-25|42.46|43.58|42.197|43.52
2019-10-28|43.74|44.761|43.74|44.64
2019-10-29|44.48|44.65|44.1767|44.32
2019-10-30|44.32|44.38|43.95|44.37
2019-10-31|44.28|44.66|43.8413|44.23
2019-11-01|44.6|45.242|44.4035|45.23
2019-11-04|45.63|45.83|45.209|45.48
2019-11-05|45.62|45.92|45.36|45.39
2019-11-06|45.4|45.4022|45.0565|45.22
2019-11-07|45.55|45.9|45.1253|45.21
2019-11-08|45.17|45.85|45.0576|45.85
2019-11-11|45.55|46.3847|45.5|46.32
2019-11-12|46.47|46.9|46.3|46.65
2019-11-13|46.45|46.64|46.1606|46.37
2019-11-14|46.31|46.7221|46.31|46.56
2019-11-15|46.99|47.48|46.8659|47.4
2019-11-18|47.41|47.5|47.01|47.4
2019-11-19|47.71|48.7016|47.71|48.45
2019-11-20|48.15|48.79|47.7494|48.43
2019-11-21|48.41|48.55|48|48.15
2019-11-22|48.26|48.42|48|48.42
2019-11-25|48.89|49.75|48.75|49.67
2019-11-26|49.98|50.1277|49.7|50
2019-11-27|50.3|50.4662|49.96|50.23
2019-11-29|50.01|50.45|50.01|50.43
2019-12-02|50.32|50.43|48.72|48.96
2019-12-03|48.32|49.09|48.13|49.09
2019-12-04|49.44|49.45|49.0909|49.19
2019-12-05|49.26|49.26|48.64|48.96
2019-12-06|49.55|49.59|49.32|49.46
2019-12-09|49.49|49.72|49.01|49.05
2019-12-10|49.26|49.35|48.96|49.26
2019-12-11|49.45|49.45|48.89|48.97
2019-12-12|49.05|49.55|48.83|49.4
2019-12-13|49.4|49.74|48.97|49.1
2019-12-16|49.76|50.4299|49.55|50.23
2019-12-17|50.23|50.4|49.7|50.18
2019-12-18|50.32|50.8|50.3|50.54
2019-12-19|50.68|50.9928|50.5588|50.87
2019-12-20|51.19|51.3|50.859|50.96
2019-12-23|51.26|51.74|50.9121|51.59
2019-12-24|51.64|51.82|51.4|51.82
2019-12-26|51.87|52.01|51.67|51.77
2019-12-27|51.84|51.91|51|51.14
2019-12-30|51.06|51.16|49.58|49.74
2019-12-31|49.49|50.235|49.35|50.05
2020-01-02|50.64|50.64|49.9|50.5
2020-01-03|49.74|50.45|49.74|50.13
2020-01-06|49.52|50.56|49.43|50.52
2020-01-07|50.66|51.3022|50.53|51.14
2020-01-08|51.11|52.51|51.1062|52.29
2020-01-09|52.73|52.8451|52.0205|52.35
2020-01-10|52.53|52.53|51.86|51.97
2020-01-13|52.53|53.11|52.3|53.04
2020-01-14|53.18|53.7|52.555|53.26
2020-01-15|53.2|54.0352|53.15|53.43
2020-01-16|53.65|54.01|53.3201|54.01
2020-01-17|54.17|54.17|53.5037|53.67
2020-01-21|53.8|54.03|53.43|53.59
2020-01-22|54.09|54.4042|53.7521|53.84
2020-01-23|53.77|53.989|53.07|53.8
2020-01-24|53.96|54.16|52.4101|52.8
2020-01-27|51.2|52.19|51|51.85
2020-01-28|52.3|52.89|52.14|52.82
2020-01-29|53.04|53.26|52.68|52.85
2020-01-30|52.68|53.33|52.4|52.95
2020-01-31|52.65|52.7174|51.42|51.8
2020-02-03|52.31|53.99|52.15|53.96
2020-02-04|55.72|57.039|55.18|56.32
2020-02-05|56.77|56.77|55.1518|55.52
2020-02-06|55.73|56.6243|55.23|56.17
2020-02-07|56.14|56.45|55.7597|55.84
2020-02-10|56.29|57.02|56.22|56.89
2020-02-11|57.64|58.14|57.07|57.79
2020-02-12|58.4|58.47|57.801|58.33
2020-02-13|58.06|59.24|57.8031|58.76
2020-02-14|58.9|59.14|58.57|58.69
2020-02-18|58.99|59.16|58.5|59.16
2020-02-19|60|60.73|59.6801|60.37
2020-02-20|60.16|60.6095|58.8213|59.89
2020-02-21|59.54|59.6|58.2052|58.61
2020-02-24|55.44|56.58|55|56.02
2020-02-25|56.65|56.8678|53.76|54.1
2020-02-26|54.4|55.16|53.0701|53.54
2020-02-27|52.25|54.12|50.73|51.71
2020-02-28|49.68|52.84|49.6|52.84
2020-03-02|53.55|54.11|52.14|54.08
2020-03-03|54.69|55.5479|51.88|52.99
2020-03-04|54.17|54.83|52.8829|54.79
2020-03-05|53.2|54.4519|52.9614|53.51
2020-03-06|51.58|52.9|51.09|52.11
2020-03-09|48|49.8069|46.904|47.78
2020-03-10|49.9|50.05|47.5|50.05
2020-03-11|48.66|49.29|46.39|46.94
2020-03-12|43.44|43.86|41.03|41.03
2020-03-13|43.64|44.18|39.0962|42.9
2020-03-16|37.55|39.48|36.22|36.22
2020-03-17|37.36|39.6599|34.7325|38.23
2020-03-18|35.5|37.4299|33|34.69
2020-03-19|34.8|38.68|34.0691|37.81
2020-03-20|39.1|40.57|37.8101|37.85
2020-03-23|37.55|39.25|36.63|38.35
2020-03-24|41.13|42.24|40.41|42.15
2020-03-25|43.26|45.47|42.04|43.79
2020-03-26|44.26|46.54|44.26|45.97
2020-03-27|44.46|44.95|43.2|43.76
2020-03-30|44.19|44.72|42.8554|44.6
2020-03-31|44.37|45.38|43.23|44
2020-04-01|42.42|42.64|39.8288|40.24
2020-04-02|39.63|41.7|39.41|40.49
2020-04-03|40.95|41.5|39.8001|40.2
2020-04-06|42.38|44.31|42.02|44.18
2020-04-07|46.17|46.5|44.051|44.22
2020-04-08|45.17|46.21|44.4828|46.01
2020-04-09|47.04|47.95|46.51|47.29
2020-04-13|47.17|47.93|46.1111|47.85
2020-04-14|49.72|50.827|49.37|50.38
2020-04-15|49.48|50.03|48.6001|49.56
2020-04-16|49.92|50.8865|49.3|50.6
2020-04-17|52.11|52.35|51.3001|52.26
2020-04-20|51.64|53.8684|51.05|52.8
2020-04-21|51.99|52.26|49.75|50.61
2020-04-22|52.16|52.68|51.3|52.42
2020-04-23|52.43|53.4688|51.9265|52.01
2020-04-24|52.38|53.359|51.7305|53.06
2020-04-27|54.07|56.4289|53.755|55.64
2020-04-28|56.73|56.73|53.38|54.05
2020-04-29|55.69|56.87|54.6024|56.63
2020-04-30|56.72|57|55.1001|55.33
2020-05-01|53.82|54.23|51.6701|52.38
2020-05-04|51.71|54.31|51.53|54.31
2020-05-05|55.53|56.02|54.7601|55.06
2020-05-06|55.33|55.85|54.75|55.33
2020-05-07|56.09|56.899|55.64|56.6
2020-05-08|57.16|58.449|56.5|58.3
2020-05-11|57.55|60.19|57.3888|59.68
2020-05-12|60.5|60.5|58.16|58.16
2020-05-13|58.03|58.7162|54.77|56.33
2020-05-14|55.43|56.45|54.31|56.25
2020-05-15|55.83|58.22|55.517|58.09
2020-05-18|60.07|60.64|59.62|59.88
2020-05-19|60.01|61.15|59.68|59.82
2020-05-20|61.01|61.89|59.96|61.82
2020-05-21|61.82|62.34|60.5101|61.98
2020-05-22|61.96|62.8|61.5|62.76
2020-05-26|64.9|64.9|62.78|62.9
2020-05-27|63.52|63.52|59.65|62.51
2020-05-28|62.73|63.2599|61.49|61.75
2020-05-29|61.94|63|61.28|62.82
2020-06-01|63.36|65.17|62.93|64.8
2020-06-02|65.2|65.64|64.01|65.6
2020-06-03|66.42|66.72|65.66|65.87
2020-06-04|65.8|66.2839|63.46|63.95
2020-06-05|65.35|65.6531|64.01|64.25
2020-06-08|64.99|65.37|64.52|65.37
2020-06-09|64.6|66.6|64.42|65.61
2020-06-10|66.64|67.04|65.64|66.51
2020-06-11|63.93|64.47|61.5|61.57
2020-06-12|63.72|63.84|60.6109|62.42
2020-06-15|60.74|64.77|60.74|64.64
2020-06-16|66.75|67.03|64.44|66.69
2020-06-17|67.21|67.59|66.2201|66.5
2020-06-18|66.43|67.89|66.2054|67.63
2020-06-19|68.75|69.25|67.595|68.03
2020-06-22|68.66|71.43|68.597|71.29
2020-06-23|72.53|73.449|71.5501|72.4
2020-06-24|71.63|72.46|68.62|69.3
2020-06-25|69.14|70.76|68.41|70.58
2020-06-26|70.34|71.06|68.93|68.97
2020-06-29|69.35|69.57|67.73|69.36
2020-06-30|69.25|71.43|69.1781|71.31
2020-07-01|71.47|74|71.33|73.5
2020-07-02|75.91|75.92|74.585|74.94
2020-07-06|77.27|79.0419|76.5|77.75
2020-07-07|78.1|80.59|77.5501|78.84
2020-07-08|80.02|81.24|79.64|80.72
2020-07-09|81.74|81.93|79.02|81.08
2020-07-10|80.95|81.36|80.17|80.89
2020-07-13|83|84.5444|78|78.14
2020-07-14|78.1|79.5|75.01|78.82
2020-07-15|80.36|81.12|78.5401|80.93
2020-07-16|79.6|80.47|78.9126|79.76
2020-07-17|80.3|80.86|79.6385|80.67
2020-07-20|81.24|84.25|81.12|84.03
2020-07-21|84.95|84.95|82.27|82.52
2020-07-22|83.01|83.58|81.85|82.53
2020-07-23|82.9|83.59|79.5801|80.47
2020-07-24|78.9|79.8172|77.4|78.83
2020-07-27|79.8|82.13|79.3207|81.97
2020-07-28|81.62|81.64|79.28|79.35
2020-07-29|80|80.5999|79.8701|80.07
2020-07-30|79.42|80.81|78.8|80.4
2020-07-31|81.69|81.83|79.3601|80.37
2020-08-03|81.31|83.99|81.2|83.68
2020-08-04|83.9|84.2601|83.1301|84.2
2020-08-05|84.93|85.83|84.47|85.61
2020-08-06|85.62|86.11|84.3826|84.87
2020-08-07|84.59|84.82|81.24|82.49
2020-08-10|84.66|84.89|82.77|83.47
2020-08-11|83.32|83.699|81.385|81.58
2020-08-12|82.93|84.289|82.4601|83.95
2020-08-13|84.51|86.39|84.51|85.76
2020-08-14|86.08|86.3|84.3566|84.72
2020-08-17|85.39|87.75|85.3201|87.63
2020-08-18|88.82|88.96|87.3035|88.58
2020-08-19|88.63|90.38|88.185|88.86
2020-08-20|88.31|89.99|88.05|89.48
2020-08-21|90|90.42|89.6623|89.83
2020-08-24|91.9|91.9|87.88|88.46
2020-08-25|88.46|89.5823|87.4|89.5
2020-08-26|89.71|92.12|89.7093|91.4
2020-08-27|92.01|92.01|89.5|90.77
2020-08-28|91.52|92.98|91.3|92.36
2020-08-31|92.86|95.68|92.5|95.33
2020-09-01|96.45|97.29|95.4238|97.21
2020-09-02|98.9|98.9|93.92|96.97
2020-09-03|94.15|94.2|88.86|89.81
2020-09-04|89.19|90.18|81.33|87.05
2020-09-08|82.79|86.09|82.11|83.1
2020-09-09|85.45|86.9|84.1616|86.58
2020-09-10|88|89.4|85|85.84
2020-09-11|86.79|87.31|83.9|85.35
2020-09-14|86.66|89.28|86.59|89.09
2020-09-15|91|92.7|90.4001|91.83
2020-09-16|92.1|93.31|91.37|91.64
2020-09-17|88.3691|90.36|88.05|89.3
2020-09-18|90.49|90.8635|87.71|89.88
2020-09-21|88.39|90.7|86.85|90.58
2020-09-22|90.81|91.79|88.9339|91.71
2020-09-23|91.11|91.48|87.35|87.95
2020-09-24|86.21|89.255|85.27|87.9
2020-09-25|88.09|90.81|88.02|90.75
2020-09-28|92.92|93.05|90.96|91.72
2020-09-29|91.76|93.38|91.74|92.77
2020-09-30|92.85|93.5481|91.32|92
2020-10-01|93.39|94.54|92.9201|94.54
2020-10-02|91.56|94.06|91.55|92.32
2020-10-05|93.56|95.96|93.56|95.89
2020-10-06|95.94|97.91|94.88|95.67
2020-10-07|97.1|100.02|97.1|99.21
2020-10-08|101.8599|101.8599|100.19|100.57
2020-10-09|101.66|103.03|101.32|102.76
2020-10-12|104.77|105|102.26|102.33
2020-10-13|102.79|105.2|102.16|104.83
2020-10-14|105.65|106.15|103.5|103.77
2020-10-15|101.4|103.0767|101.12|102.83
2020-10-16|104.08|104.5|102.7001|102.76
2020-10-19|104.11|104.55|101.86|102.25
2020-10-20|102.84|103.28|100.75|100.83
2020-10-21|100.15|100.77|97.7|97.95
2020-10-22|99.16|99.84|96.855|98.58
2020-10-23|99.12|99.18|97.41|99.18
2020-10-26|98.16|99.84|95.8601|97.2
2020-10-27|97.84|98.9946|97.635|98.63
2020-10-28|96.31|96.37|94.35|94.75
2020-10-29|95.6|96.46|94.93|95.99
2020-10-30|95|95.15|89.95|90.79
2020-11-02|91.97|92.5198|89.39|90.8
2020-11-03|92.22|93.78|90.95|93.16
2020-11-04|95.93|98.32|95.22|97.51
2020-11-05|100.73|100.98|99.21|100.82
2020-11-06|101.15|102.63|99.61|102.08
2020-11-09|105|105.5|97.38|97.43
2020-11-10|97.26|97.6199|91.8|94.76
2020-11-11|96.79|98.78|96.01|98.73
2020-11-12|99.6|100.4|98.32|98.89
2020-11-13|99.95|100.68|98.7|99.4
2020-11-16|99.65|99.99|98.202|99.54
2020-11-17|100.65|101.25|99.64|101.23
2020-11-18|101.5|102.42|100.5633|101.02
2020-11-19|101.24|103.8739|101.24|103.26
2020-11-20|103.79|105.5|103.1735|104.9
2020-11-23|106.27|108.28|105.6|107.42
2020-11-24|109.08|109.39|105.91|106.14
2020-11-25|106.41|108.54|105.92|108.48
2020-11-27|109.85|111.8259|109.094|111.78
2020-11-30|113.66|113.76|108.8|112.37
2020-12-01|114|114.2|112.1379|112.76
2020-12-02|111.46|112.47|109.6|112.34
2020-12-03|113.52|115.55|112.9501|114.28
2020-12-04|115.84|117.3596|114.7601|117.19
2020-12-07|119.01|122.02|118.28|120.68
2020-12-08|121.27|122.91|120.15|122.17
2020-12-09|123.88|125.53|118.76|119.98
2020-12-10|117.75|125.32|117.72|125.2
2020-12-11|124.94|125.84|121.6801|123.87
2020-12-14|126.09|127.65|124.2001|124.25
2020-12-15|126.45|126.45|123.24|124.3
2020-12-16|124.7|125.13|122.5223|123.95
2020-12-17|125.34|126.54|124.79|126.07
2020-12-18|127.57|128.199|125.94|127.3
2020-12-21|126.97|133.01|126.25|131.34
2020-12-22|134.4|135.729|132.67|135.05
2020-12-23|137.0181|137.08|132.81|134.96
2020-12-24|135.64|136.08|132.42|133.03
2020-12-28|135.55|135.85|129.72|129.8
2020-12-29|128.53|128.69|120.81|124.32
2020-12-30|125.7821|127.55|125.56|127.1
2020-12-31|127.72|127.74|123.965|124.49
2021-01-04|126.22|127.19|122.44|124.69
2021-01-05|124.38|127.84|124.08|127.76
2021-01-06|126.69|131.15|125.85|128.23
2021-01-07|131.16|138.62|131.13|138.38
2021-01-08|142.03|145.64|139.29|142.48
2021-01-11|140.25|140.63|136.8|138.22
2021-01-12|140.18|141.66|139.04|140.99
2021-01-13|141.93|143.5|140.5|141.72
2021-01-14|143.3621|147.45|142.78|145.28
2021-01-15|146.87|148.01|141.68|141.91
2021-01-19|145.36|146.22|144.11|146.13
2021-01-20|148.9525|149.8|146.71|147.11
2021-01-21|148.42|148.42|144.54|144.81
2021-01-22|144.1001|146.17|143.89|146.08
2021-01-25|148.5621|149.85|142.93|146.67
2021-01-26|147.25|147.34|141.72|141.83
2021-01-27|139.0639|142.5|135.17|138.35
2021-01-28|138.57|141.84|138.14|140.37
2021-01-29|139.86|141.18|135.0501|137.44
2021-02-01|139.98|142.8|138.41|142.62
2021-02-02|145.3|147.95|144.9301|146.89
2021-02-03|148.63|148.7|145.42|146.11
2021-02-04|147.93|148.5|146.9156|148.35
2021-02-05|148.8|149.75|147.42|149.46
2021-02-08|152.05|153.89|151.45|153.31
2021-02-09|153.91|156.65|152.83|154.93
2021-02-10|157.2|157.91|150.46|153.1
2021-02-11|155|156.38|152.38|154.57
2021-02-12|153.88|156.6|152.01|156.58
2021-02-16|159.05|159.7|154.73|155.12
2021-02-17|153.49|153.51|147.46|152.17
2021-02-18|149.0487|150.22|146.09|149.19
2021-02-19|151.5|154|151|152.61
2021-02-22|149.72|150.93|143.25|143.78
2021-02-23|136.18|139.99|126.815|139.04
2021-02-24|138.44|140.22|134.5|138.32
2021-02-25|136.18|138.69|128.4108|129.51
2021-02-26|130.7|132.97|126.07|130.36
2021-03-01|134.54|137|133.51|136.7
2021-03-02|138.25|138.37|133.16|133.51
2021-03-03|132.91|133.44|124.44|125.11
2021-03-04|124.2|125.9299|114.63|118.43
2021-03-05|119.22|119.44|106.25|117.07
2021-03-08|117|118.88|109.24|110.26
2021-03-09|117|122.86|116.3|121.75
2021-03-10|126.17|126.75|120.5|121.19
2021-03-11|125.96|129.12|124.52|128.68
2021-03-12|125|126.69|122.57|126.68
2021-03-15|127.05|128.92|125.52|128.88
2021-03-16|130.51|130.8|123.98|126.02
2021-03-17|122.75|129|120.94|127.46
2021-03-18|124.36|125.15|119.51|120.07
2021-03-19|119.99|122.73|118.2|122.36
2021-03-22|124|126.38|122.53|124.72
2021-03-23|124.7905|124.7905|121.15|121.7
2021-03-24|122.5|122.68|114.55|114.78
2021-03-25|111.36|114.88|110.39|114.42
2021-03-26|114.43|115.94|109.55|113.97
2021-03-29|113.6|113.65|109.73|111.17
2021-03-30|110|114.8|108.81|114.42
2021-03-31|115.94|120.51|115.86|119.95
2021-04-01|122.96|124.625|120.57|120.85
2021-04-05|124.36|124.36|120.67|121.64
2021-04-06|121.67|125.025|121.48|123.83
2021-04-07|123.31|123.85|120.61|120.82
2021-04-08|122.8|124.41|122.63|124.14
2021-04-09|123.01|123.42|121.9401|123.26
2021-04-12|122.69|122.9|120.23|122.47
2021-04-13|123.28|127.71|123.28|127.56
2021-04-14|128.3|130.28|124.51|124.87
2021-04-15|126.84|127.42|125.32|126.62
2021-04-16|126.51|126.62|123.405|124.38
2021-04-19|122.57|123.7|118.94|120.44
2021-04-20|120.13|121.885|117.23|119
2021-04-21|117.78|121.82|116.54|121.82
2021-04-22|122.54|124.42|120.37|121.41
2021-04-23|121.9241|123.925|121.53|123.7
2021-04-26|124.63|127.82|123.52|127.73
2021-04-27|127.62|128.14|125.2|126.24
2021-04-28|125.3|126.46|123.88|125.38
2021-04-29|126.15|126.3|120.58|121.76
2021-04-30|120.09|122.61|119.85|120.77
2021-05-03|121.21|121.41|116.71|116.91
2021-05-04|115.48|115.5|111.16|113.29
2021-05-05|114.66|114.839|110.71|111.55
2021-05-06|110.62|110.62|105.68|108.34
2021-05-07|111.02|113.13|109.13|109.72
2021-05-10|108.38|108.39|103.9|103.98
2021-05-11|99.86|107.13|98.89|106.12
2021-05-12|103.34|105.84|101.53|102.16
2021-05-13|103.29|104.68|97.22|99.48
2021-05-14|101.85|104.64|100.57|104.31
2021-05-17|102.75|104.8801|100.94|103.31
2021-05-18|103.31|107.19|102.28|104.79
2021-05-19|100.04|103.24|100.03|102.97
2021-05-20|104.5|107.11|104.0499|106.59
2021-05-21|107.65|108.1399|105.71|105.84
2021-05-24|106.83|109.49|105.9|108.73
2021-05-25|109.5|110.77|108.3205|109.38
2021-05-26|109.97|111.75|109.76|111.43
2021-05-27|111.29|112.305|109.27|112.28
2021-05-28|112.4579|115.14|111.85|112.1
2021-06-01|112.85|113.74|110.051|111.25
2021-06-02|111.33|112.23|110.264|111.3
2021-06-03|109.81|110.68|107.39|107.43
2021-06-04|108.8|110.295|108.44|109.51
2021-06-07|109.27|113.05|108.93|112.69
2021-06-08|113.7499|114.77|110.72|113.13
2021-06-09|113.75|114.72|112.65|112.85
2021-06-10|112.45|115.13|112.1375|114.97
2021-06-11|115.47|116.16|114.82|116.12
2021-06-14|116.59|118.908|116.41|118.33
2021-06-15|117.85|118.05|114.64|115.09
2021-06-16|114.9|115.77|111.88|114.53
2021-06-17|113.8|119.16|113.62|118.5
2021-06-18|117.77|119.85|117.3801|118.9
2021-06-21|118.47|120.18|116.52|119.51
2021-06-22|119.04|121.0499|118.85|121.02
2021-06-23|121.5|123.88|121.22|123.53
2021-06-24|124.91|127.22|124.52|125.28
2021-06-25|125.94|126.33|124.03|125.49
2021-06-28|128.7|130.83|128.534|130.23
2021-06-29|130.07|131.499|129.01|130.88
2021-06-30|130.55|132.5|129.06|130.78
2021-07-01|130.75|131.55|127.28|129.16
2021-07-02|129.88|131.43|127.89|128.15
2021-07-06|128.1|128.976|126.4101|127.24
2021-07-07|128.01|128.28|123.12|124.26
2021-07-08|120.38|124.34|119.39|123.31
2021-07-09|123.61|125.9|122.03|125.62
2021-07-12|126.24|127.4|124.01|124.74
2021-07-13|124.49|124.95|122.2|122.27
2021-07-14|123.31|123.31|118.07|118.17
2021-07-15|118.05|119.41|114.4585|116.4
2021-07-16|117.81|117.94|115.45|116.53
2021-07-19|113.92|117.58|113.27|117.28
2021-07-20|117.51|121.175|116.45|120.76
2021-07-21|120.875|122.91|119.98|122.66
2021-07-22|122.5|123.42|121.25|121.71
2021-07-23|122|122.56|120.38|122.43
2021-07-26|122.5|123.11|120.95|121.6
2021-07-27|121|121.52|115.5825|118.62
2021-07-28|118.56|121.78|117.96|121.35
2021-07-29|121.16|123.23|120.67|121.6
2021-07-30|120|122.41|119.62|120
2021-08-02|120.54|122.44|119.09|121.12
2021-08-03|121.31|121.49|118.52|120.22
2021-08-04|120.08|123.39|119.99|123.28
2021-08-05|122.52|126.25|121.74|125.57
2021-08-06|125.27|125.73|122.29|123.01
2021-08-09|123.63|125.48|122.98|124.7
2021-08-10|124.87|125.57|121.42|121.44
2021-08-11|122.56|122.88|119.36|121.3
2021-08-12|120.9|122.29|120.59|121.85
2021-08-13|121.96|122.1|119.91|120.1
2021-08-16|119.25|119.3|115.23|116.98
2021-08-17|115.38|116.81|114.23|115.89
2021-08-18|116.06|117.99|114.94|115.84
2021-08-19|114.26|116.14|113.54|113.85
2021-08-20|114.35|116.16|114.15|115.8
2021-08-23|116.99|119.61|116.86|119.48
2021-08-24|120.3|121.12|119.83|121.06
2021-08-25|120.94|121.5|120.19|121.03
2021-08-26|120.72|122.36|118.87|119.16
2021-08-27|119.82|122.39|119.3506|122.03
2021-08-30|122.24|123.26|121.49|122.79
2021-08-31|121.65|122.41|120.72|122.03
2021-09-01|122.5|124.73|122.3|123.72
2021-09-02|124.5099|125.35|124.05|124.83
2021-09-03|124.52|125.61|123.85|125.07
2021-09-07|125.21|126.32|124.18|124.71
2021-09-08|124.06|124.06|120.37|121.17
2021-09-09|121.18|123.47|120.92|121.71
2021-09-10|122.65|122.97|120.44|120.46
2021-09-13|120.72|120.81|116.14|118.17
2021-09-14|118.74|119.55|116.47|116.86
2021-09-15|116.96|117.97|115.6|117.82
2021-09-16|117.47|118.95|116.4|118.57
2021-09-17|118.83|121.5|117.86|121.5
2021-09-20|116.97|118.619|114.44|116.14
2021-09-21|117.26|118.14|116.22|117.14
2021-09-22|117.18|118.98|116.87|118.11
2021-09-23|119.31|119.52|118.13|119.34
2021-09-24|118.09|118.4|116.27|117.13
2021-09-27|116.51|117.27|114.6|117.03
2021-09-28|115.29|115.58|111.81|112.14
2021-09-29|112.92|113.34|109.6|109.72
2021-09-30|110.35|111.71|110|110.53
2021-10-01|111.02|111.45|109.14|111.17
2021-10-04|110.72|110.82|106.35|107.19
2021-10-05|107.57|110.23|107.57|109.04
2021-10-06|108|110.33|107.73|109.94
2021-10-07|111.2|113.38|110.94|112.6
2021-10-08|112.97|113.12|110.45|110.6
2021-10-11|110.19|112.06|109.76|110.24
2021-10-12|110.77|112.33|110.6581|111.74
2021-10-13|112.01|113.52|111.94|113.43
2021-10-14|115|116.58|114.65|115.58
2021-10-15|116.43|116.49|115.31|115.8
2021-10-18|115.03|117.19|114.9401|117.05
2021-10-19|117.7|120.17|117.5302|119.6
2021-10-20|120.1408|120.4|118.16|118.7
2021-10-21|118.44|120.76|118.37|119.66
2021-10-22|119.1|119.13|116.69|117.75
2021-10-25|118.59|122.28|117.801|121.81
2021-10-26|122.65|124.45|120.58|121.2
2021-10-27|121.27|121.87|118.68|118.68
2021-10-28|118.7|122.215|118.54|121.77
2021-10-29|120.92|122.059|120.71|121.28
2021-11-01|121.93|125.15|121.89|125.12
2021-11-02|124.56|124.56|121.87|123.09
2021-11-03|122.28|124.67|121.36|124.64
2021-11-04|124.7321|125.86|123.2877|124.39
2021-11-05|123.96|124.501|121.02|122.29
2021-11-08|121.69|124.3|121.61|123.4
2021-11-09|123.91|124.22|119.65|120.57
2021-11-10|118.42|120.785|115.2|116.54
2021-11-11|118.28|118.78|117.1|117.34
2021-11-12|117.77|118.52|116.71|118.49
2021-11-15|118.85|119.05|116.64|117.53
2021-11-16|116.74|118.92|116.12|118.92
2021-11-17|118.37|118.71|116.17|116.72
2021-11-18|117.13|117.73|113.22|113.82
2021-11-19|114.29|115.3|113.01|113.24
2021-11-22|113.4|113.51|107.59|108.49
2021-11-23|107.96|108.59|103.58|105.96
2021-11-24|105.03|108.02|103.64|107.77
2021-11-26|107.572|108.8099|106.33|107.12
2021-11-29|108.55|108.77|104.905|106.92
2021-11-30|107|108.88|103.73|105.69
2021-12-01|106.75|106.98|98.53|98.6
2021-12-02|98.64|101.12|96.47|99.02
2021-12-03|98.66|99|91.66|93.53
2021-12-06|92.03|95.08|89.03|94.95
2021-12-07|97.88|101.33|97.85|100.11
2021-12-08|100.52|103.92|98.28|103.22
2021-12-09|102.68|103.54|97.44|97.73
2021-12-10|98.95|100.57|95.61|96.17
2021-12-13|95.79|96.89|92.46|94.5
2021-12-14|92.37|94.72|91.53|93.42
2021-12-15|93.05|95.79|90.055|95.43
2021-12-16|96.84|97.07|90.87|91.87
2021-12-17|90.82|97.51|89.6|97.2
2021-12-20|95|96.46|93.28|94.73
2021-12-21|96.14|98.49|94.7|98.37
2021-12-22|98.24|99.88|96.93|98.26
2021-12-23|98.11|99.71|96.03|99.07
2021-12-27|98.7|99.14|97.07|97.41
2021-12-28|97.24|99.03|95.48|95.63
2021-12-29|94.79|95.15|92.78|93.83
2021-12-30|93.33|98.43|93.33|96.7
2021-12-31|96.71|98.075|94.48|94.59
2022-01-03|96|97.17|93.44|96.99
2022-01-04|96.73|97|90.515|92.69
2022-01-05|91.45|92.95|85.63|86.12
2022-01-06|85.97|87.59|82.65|85.58
2022-01-07|85.85|88.59|83.9|84.42
2022-01-10|83.2231|84.69|80.1|84.64
2022-01-11|84.42|87.55|83.3|86.98
2022-01-12|87.97|89.34|84.33|84.56
2022-01-13|85.01|85.17|79.845|79.98
2022-01-14|79.45|81.29|77.53|80.24
2022-01-18|78.7399|80.66|76.91|76.91
2022-01-19|77.7|79.48|75.66|75.75
2022-01-20|77.05|80.84|75.61|75.87
2022-01-21|74.8|76.36|71.49|71.52
2022-01-24|68.59|73.57|64.98|73.54
2022-01-25|71.36|73.46|69.19|70.8
2022-01-26|73.44|74.91|68.54|69.03
2022-01-27|70.59|70.65|66.041|66.33
2022-01-28|66.22|69.51|64.35|68.91
2022-01-31|70.06|75.44|69.77|75.43
2022-02-01|76.69|77.38|73.29|77.08
2022-02-02|77.41|77.56|71.91|73.14
2022-02-03|70.14|72.02|68.86|69.04
2022-02-04|69.7499|73.645|68.2|72.75
2022-02-07|72.6699|75.71|71.81|72.48
2022-02-08|72.03|72.78|70.46|72.39
2022-02-09|73.63|76.48|73.52|76.11
2022-02-10|74.31|78.25|73.1|73.76
2022-02-11|74.25|76.24|70.92|71.9
2022-02-14|71.54|74.13|70.56|71.39
2022-02-15|72.99|75.39|72.28|75.28
2022-02-16|73.82|73.83|71.67|72.87
2022-02-17|71.66|71.91|67.73|68.18
2022-02-18|67.115|67.66|63.99|64.8
2022-02-22|63.45|66.29|62.75|63.39
2022-02-23|64.08|64.87|60.87|60.88
2022-02-24|57.55|65.95|57.5|65.62
2022-02-25|66.53|67.82|63.95|67.82
2022-02-28|68.0699|71.38|67.45|70.47
2022-03-01|70.2|71.23|67.68|68.31
2022-03-02|68.47|68.63|65.15|67.56
2022-03-03|68.0213|68.04|62.73|63.26
2022-03-04|63.26|64.41|59.7|60.23
2022-03-07|60.83|62.18|58.02|58.05
2022-03-08|57.69|61.21|56.22|58.62
2022-03-09|60.37|62.56|60.3|61.71
2022-03-10|60.52|60.56|58.15|59.54
2022-03-11|60.38|60.4|55.33|55.58
2022-03-14|55.09|55.98|52.06|52.29
2022-03-15|52.67|54.72|51.85|54.39
2022-03-16|55.8|60.04|55.71|60.04
2022-03-17|59.29|62.94|58.55|62.93
2022-03-18|62.28|65.97|62.24|65.77
2022-03-21|65.14|66|62.61|63.98
2022-03-22|63.91|67.58|63.83|66.97
2022-03-23|65.94|68.23|64.72|65.67
2022-03-24|66.27|66.45|63.365|66.4
2022-03-25|66.24|66.5|63.46|64.51
2022-03-28|65.42|67.37|64.52|67.06
2022-03-29|68.528|72.005|67.935|71.39
2022-03-30|70.48|71.9|68.15|68.68
2022-03-31|68.39|68.65|66.27|66.29
2022-04-01|66.7653|68.615|66.31|67.54
2022-04-04|68.22|70.84|67.99|70.5
2022-04-05|70.17|70.68|66.21|66.48
2022-04-06|64.85|65.17|61.9199|63.4
2022-04-07|63.16|64.77|60.61|62.66
2022-04-08|62.2|62.58|60.42|60.65
2022-04-11|59.31|60.82|58.16|59.84
2022-04-12|61.438|63.25|59.36|59.84
2022-04-13|59.58|62.12|59.02|61.73
2022-04-14|61.53|61.58|58.9|58.99
2022-04-18|58.57|58.895|56.3199|57.35
2022-04-19|57.21|60.42|56.86|59.67
2022-04-20|59.27|59.43|56.13|56.13
2022-04-21|57.76|58.73|52.91|53.34
2022-04-22|53.53|54.97|52.12|52.46
2022-04-25|52.04|54.62|51.95|54.35
2022-04-26|53.82|54.19|50.51|50.68
2022-04-27|50.61|51.84|49.46|49.56
2022-04-28|48.6801|49.61|45.89|48.87
2022-04-29|48.63|51.2682|47.09|47.13
2022-05-02|47|50.13|46.35|50.13
2022-05-03|49.68|51.4199|49.14|49.87
2022-05-04|49.74|52.71|47.46|52.43
2022-05-05|51.23|51.23|46.95|47.75
2022-05-06|47.64|47.64|43.99|45.63
2022-05-09|44.12|44.975|40.755|41.13
2022-05-10|42.65|44.11|38.72|41.08
2022-05-11|39.26|41|36.63|36.93
2022-05-12|35.92|40.54|35.1|38.99
2022-05-13|41.01|44.11|40.8611|43.6
2022-05-16|43.21|43.92|40.925|41.02
2022-05-17|42.52|43.38|40.67|43.08
2022-05-18|42.06|43.74|40.96|41.17
2022-05-19|41.21|44.15|40.72|43.03
2022-05-20|43.85|44.45|39.98|42.41
2022-05-23|42.54|42.86|40.757|42.14
2022-05-24|41.1|41.2825|38.62|39.21
2022-05-25|39.09|41.44|39.06|41.03
2022-05-26|40.7|43|40.44|42.63
2022-05-27|43.25|45.44|43.16|45.41
2022-05-31|45.59|46.05|43.22|44.09
2022-06-01|44.18|44.99|41.78|42.5
2022-06-02|42.68|46.08|42.21|45.63
2022-06-03|44.09|44.82|42.82|43.16
2022-06-06|44.44|44.85|42.69|43.49
2022-06-07|42.525|44.8398|42.1|44.78
2022-06-08|44.87|46.94|44.76|45.99
2022-06-09|45.65|46.02|43.19|43.2
2022-06-10|41.61|42.34|39.82|40.11
2022-06-13|37.76|38.39|36.27|36.58
2022-06-14|37.1|37.52|35.65|36.99
2022-06-15|37.43|40.08|37.192|39.42
2022-06-16|37.6186|38.03|36.46|36.98
2022-06-17|37.1601|39.25|37.1601|38.8
2022-06-21|39.93|41.93|39.81|40.5
2022-06-22|39.62|42.075|39.35|41.11
2022-06-23|41.63|44.24|40.79|44.03
2022-06-24|44.77|45.99|43.96|45.83
2022-06-27|45.825|46.27|43.58|44.8
2022-06-28|44.73|45.37|42.04|42.17
2022-06-29|41.89|42.24|40.7|41.51
2022-06-30|40.75|41.03|39.11|39.88
2022-07-01|40.37|41.81|40.02|41.22
2022-07-05|40.57|44.975|39.84|44.97
2022-07-06|44.78|45.96|43.56|43.96
2022-07-07|44.09|46.9|43.81|46.83
2022-07-08|45.7|48.12|45.35|46.86
2022-07-11|46.18|46.49|43.51|43.62
2022-07-12|44.36|45.285|42.64|44.32
2022-07-13|42.44|45.155|42.315|44.01
2022-07-14|43.61|43.91|42.27|43.1
2022-07-15|43.64|44.1881|42.2|44.11
2022-07-18|45.25|46.175|43.68|43.97
2022-07-19|44.86|45.845|43.44|45.8
2022-07-20|46.14|49.02|46.01|48.12
2022-07-21|47.69|49.25|47.39|48.96
2022-07-22|49|49.34|45.7418|46.25
2022-07-25|45.94|46.2|44.68|45.65
2022-07-26|44.77|44.78|43.411|43.47
2022-07-27|44.5101|46.65|43.94|46.38
2022-07-28|45.945|46.9|44.13|46.18
2022-07-29|44.81|45.31|44.0201|45.13
2022-08-01|44.49|46.63|44.015|45.69
2022-08-02|45|47.7|44.88|46.91
2022-08-03|47.98|50.04|47.32|49.76
2022-08-04|50.0699|51.15|49|50.17
2022-08-05|48.68|50.78|47.96|50.07
2022-08-08|50.47|52.425|50.27|50.8
2022-08-09|49.86|50.0143|47.38|48.03
2022-08-10|50.35|51.65|49.05|51.57
2022-08-11|52.24|53.86|49.69|49.92
2022-08-12|50.73|52.07|49.91|52.01
2022-08-15|51.55|52.67|51.15|52.19
2022-08-16|51.98|52.12|49.325|50.74
2022-08-17|49.5|50.04|47.88|48.03
2022-08-18|48.1067|48.15|46.8|47.5
2022-08-19|46.24|46.41|44.49|44.69
2022-08-22|43.96|44.79|43.28|43.61
2022-08-23|43.5001|44.6|42.73|43.37
2022-08-24|43.58|45.15|43.14|44.5
2022-08-25|45.04|45.78|44.38|45.78
2022-08-26|45.65|45.73|42.79|42.84
2022-08-29|41.9|43.4|41.86|42.13
2022-08-30|42.8|43.2448|41.1801|41.91
2022-08-31|42.79|43.27|41.49|41.88
2022-09-01|41.16|41.77|39.79|41.72
2022-09-02|42.45|42.59|40.38|40.59
2022-09-06|40.7399|40.85|39.49|40.09
2022-09-07|39.76|41.55|39.71|41.47
2022-09-08|40.75|42.73|40.51|42.7
2022-09-09|43.43|44.81|43.41|44.6
2022-09-12|44.92|45.68|44.41|45.68
2022-09-13|43.032|43.5772|42.41|42.58
2022-09-14|42.71|43.79|41.86|43.75
2022-09-15|43.22|45.52|43.13|44.71
2022-09-16|43.53|43.56|42.1|42.58
2022-09-19|42.01|42.54|41.19|42.49
2022-09-20|41.9|42.575|41.345|41.44
2022-09-21|41.62|42.78|40.34|40.34
2022-09-22|40.06|40.29|38.45|38.61
2022-09-23|37.9713|38.66|37.09|37.83
2022-09-26|37.78|39.15|37.33|37.43
2022-09-27|38.62|39.25|37.475|38.21
2022-09-28|38.44|40.26|38.2099|39.99
2022-09-29|39.1|39.29|37.36|37.8
2022-09-30|37.71|39.45|37.51|37.73
2022-10-03|38|38.39|36.82|37.9
2022-10-04|39.3061|40.9|39.25|40.79
2022-10-05|39.74|40.2899|38.66|40.04
2022-10-06|39.9|40.969|39.36|40.17
2022-10-07|39.07|39.19|37.32|37.53
2022-10-10|37.6|37.6|35.8432|36.3
2022-10-11|36.04|36.8511|34.625|35.65
2022-10-12|35.69|36.26|34.81|36.12
2022-10-13|34.17|36.48|33.74|36.04
2022-10-14|36.79|37.26|33.93|33.99
2022-10-17|35.42|36.69|35.28|36.38
2022-10-18|37.98|38.36|36.215|36.97
2022-10-19|36.52|36.6|35.1|35.38
2022-10-20|35.09|36.708|34.92|35.25
2022-10-21|35.11|35.92|34.29|35.88
2022-10-24|35.6353|35.68|34.055|35.43
2022-10-25|35.83|37.9|35.79|37.81
2022-10-26|37.2731|39.498|37.06|37.89
2022-10-27|38.67|38.98|37.58|37.87
2022-10-28|37.83|38.935|37.145|38.89
2022-10-31|38.55|39.15|37.79|38.28
2022-11-01|39.47|39.75|38.27|38.29
2022-11-02|38.17|39.185|36.43|36.44
2022-11-03|35.58|37.3383|35.3|36.2
2022-11-04|37.06|37.24|34.32|35.22
2022-11-07|35.54|35.76|34.2|34.99
2022-11-08|35.01|36.125|34.1|34.85
2022-11-09|34.2|34.26|32.51|32.57
2022-11-10|35.555|37.33|34.85|37.3
2022-11-11|36.64|40.93|36.39|40.4
2022-11-14|39.8|40.26|38.75|38.91
2022-11-15|40.68|41.29|39.39|39.97
2022-11-16|39.2399|39.32|37.7|37.91
2022-11-17|36.8199|37.65|36.42|37.12
2022-11-18|37.99|38.02|36.21|36.56
2022-11-21|36.16|36.31|34.77|35.2
2022-11-22|35.168|35.33|34.27|35.31
2022-11-23|35.46|36.53|35.32|36.32
2022-11-25|36.03|36.155|35.6|36
2022-11-28|35.598|36.31|34.785|34.99
2022-11-29|35.12|35.82|34.682|34.8
2022-11-30|34.88|37.5|34.72|37.48
2022-12-01|37.7|38.295|36.86|37.9
2022-12-02|36.94|38.31|36.73|38.16
2022-12-05|37.63|38.18|35.83|36.07
2022-12-06|35.99|36.07|34.33|34.62
2022-12-07|34.302|34.995|33.96|34.35
2022-12-08|34.6|35.525|33.85|35.16
2022-12-09|34.91|35.71|34.6397|34.65
2022-12-12|34.38|35.31|34.08|35.31
2022-12-13|37.551|38.375|34.67|35.29
2022-12-14|35.1|35.77|34.42|34.93
2022-12-15|33.91|34.34|33.165|33.22
2022-12-16|33.46|33.87|32.675|33.26
2022-12-19|33.11|33.26|32.02|32.22
2022-12-20|31.9|32.82|31.701|32.17
2022-12-21|32.45|33.19|31.992|32.71
2022-12-22|32.1|32.125|30.59|31.6
2022-12-23|31.41|31.65|30.685|30.97
2022-12-27|30.51|30.59|29.66|29.78
2022-12-28|29.758|30.28|29.43|29.64
2022-12-29|30.18|31.39|29.96|31.17
2022-12-30|30.48|31.28|30.24|31.24
2023-01-03|31.84|32.15|30.02|30.46
2023-01-04|30.89|31.94|30.57|31.78
2023-01-05|31.39|31.43|30.55|31.02
2023-01-06|30.93|31.68|30.05|31.37
2023-01-09|32.43|33.45|32.02|32.81
2023-01-10|32.64|33.64|32.59|33.62
2023-01-11|33.93|34.76|33.46|34.76
2023-01-12|34.9|35.5|33.38|35.49
2023-01-13|34.662|36.02|34.61|35.99
2023-01-17|36.22|37.12|35.4701|37.04
2023-01-18|37.59|38.01|35.93|35.95
2023-01-19|35.3043|35.61|34.435|34.79
2023-01-20|35.33|36.62|34.81|36.5
2023-01-23|36.68|38.1|36.32|38.08
2023-01-24|37.6|38.61|37.272|37.48
2023-01-25|36.42|37.5793|35.68|37.51
2023-01-26|38.802|39.17|37.32|38.27
2023-01-27|38.02|40.69|37.92|40.39
2023-01-30|39.7|40.08|38.4627|38.51
2023-01-31|38.69|40.095|38.69|39.93
2023-02-01|40.1|42.055|39.238|41.69
2023-02-02|43.34|45.46|43.095|44.41
2023-02-03|42.42|44.63|42.1|42.85
2023-02-06|42.202|42.865|41.84|42.24
2023-02-07|42.28|43.18|41.3|42.98
2023-02-08|42.73|43.55|41.72|41.74
2023-02-09|42.54|42.68|40.2338|40.5
2023-02-10|39.72|40.24|38.73|39.15
2023-02-13|39.28|40.14|38.57|39.82
2023-02-14|39.36|40.99|38.845|40.82
2023-02-15|41.03|43.235|40.97|43.22
2023-02-16|42.25|43.76|41.715|42.02
2023-02-17|41.67|41.995|40.73|41.86
2023-02-21|40.57|41.255|39.295|39.31
2023-02-22|39.61|40.45|39.175|40.27
2023-02-23|40.83|40.84|38.46|39.66
2023-02-24|38.54|38.95|38.05|38.44
2023-02-27|39.14|39.14|38.355|38.82
2023-02-28|38.9903|40.07|38.9903|39.62
2023-03-01|39.46|39.68|38.48|38.7
2023-03-02|37.888|39.31|37.62|39.18
2023-03-03|39.34|40.705|39.23|40.46
2023-03-06|40.67|40.98|39.61|39.62
2023-03-07|39.61|40.13|38.95|38.96
2023-03-08|38.91|39.27|38.24|38.91
2023-03-09|39.06|39.6|37.19|37.29
2023-03-10|36.94|37.27|35.27|36.02
2023-03-13|35.6|37.635|34.81|36.98
2023-03-14|38.19|38.48|37.265|37.77
2023-03-15|37.06|38.09|37.01|38.07
2023-03-16|38.53|39.485|37.92|39.24
2023-03-17|39.05|39.37|38.09|38.68
2023-03-20|38.61|38.84|37.645|38.22
2023-03-21|38.83|40.51|38.655|40.34
2023-03-22|40.41|40.45|38.37|38.39
2023-03-23|37.93|39.32|37.19|37.8
2023-03-24|37.38|37.97|37.0207|37.73
2023-03-27|38.33|38.7485|37.36|37.76
2023-03-28|37.61|37.84|36.96|37.19
2023-03-29|37.86|38.69|37.62|38.59
2023-03-30|39.2395|39.39|38.305|38.48
2023-03-31|38.87|40.445|38.5914|40.34
2023-04-03|39.78|40.02|38.75|39.58
2023-04-04|39.86|39.99|38.9399|39.37
2023-04-05|39.06|39.098|37.595|37.97
2023-04-06|37.6879|38.67|37.18|38.57
2023-04-10|37.91|38.53|37.55|38.53
2023-04-11|38.72|39.058|38.3521|38.77
2023-04-12|39.62|39.84|37.61|37.65
2023-04-13|38.15|39.52|38.07|39.16
2023-04-14|39|39.4199|38.32|38.79
2023-04-17|38.42|39.08|38.212|38.97
2023-04-18|39.4321|39.485|38.68|38.89
2023-04-19|38.26|39.17|37.935|38.86
2023-04-20|38.01|38.426|37.34|37.39
2023-04-21|37.48|37.755|37.17|37.63
2023-04-24|37.58|37.9|36.575|37.12
2023-04-25|36.91|36.99|35.91|35.91
2023-04-26|36.45|36.49|35.09|35.22
2023-04-27|35.51|36.035|35.2399|35.7
2023-04-28|35.52|36.145|34.97|35.92
2023-05-01|35.76|36.075|35.405|35.74
2023-05-02|35.56|35.71|34.835|34.9
2023-05-03|34.97|35.79|34.72|34.76
2023-05-04|35.1|35.895|34.97|35.74
2023-05-05|36.53|37.5|36.4|37.39
2023-05-08|37.44|37.88|36.97|37.82
2023-05-09|37.35|38.28|37.25|38.25
2023-05-10|38.93|39.43|38.435|38.79
2023-05-11|38.84|39.07|38.41|38.86
2023-05-12|38.89|38.96|37.5|37.68
2023-05-15|37.61|38.88|37.47|38.57
2023-05-16|38.12|38.17|37.47|37.62
2023-05-17|37.8|38.7|37.42|38.58
2023-05-18|38.55|39.23|38.33|39.12
2023-05-19|39.12|39.3|38.43|38.7
2023-05-22|38.86|40.76|38.73|40.58
2023-05-23|40.25|41.28|39.7|39.7
2023-05-24|39.13|39.66|38.75|39.46
2023-05-25|39.65|39.67|38.16|38.38
2023-05-26|38.41|39.66|38.38|39.1
2023-05-30|40.07|40.835|39.42|39.81
2023-05-31|39.52|40.49|39.355|40.49
2023-06-01|40.15|41.6|39.8098|41.11
2023-06-02|41.708|42.03|40.85|41.62
2023-06-05|41.58|42.23|41.3|42.06
2023-06-06|41.39|42.78|41.03|42.68
2023-06-07|43.3|43.83|42.0901|42.25
2023-06-08|42.09|42.735|41.91|42.68
2023-06-09|43.5|43.84|42.44|42.51
2023-06-12|42.76|43.54|42.53|43.28
2023-06-13|43.89|44.41|43.58|44.29
2023-06-14|44.35|44.645|43.15|44.07
2023-06-15|43.53|44.7|43.325|44.54
2023-06-16|44.95|45|44.0839|44.31
2023-06-20|44.01|44.71|43.41|44.26
2023-06-21|44.3|44.33|42.48|42.66
2023-06-22|42.29|42.8|41.95|42.67
2023-06-23|41.93|42.43|41.505|42.14
2023-06-26|41.86|42.895|41.76|41.9
2023-06-27|42.3|43.47|42.06|43.32
2023-06-28|43.26|44.495|43.06|44.18
2023-06-29|44.2001|44.51|43.6136|43.79
2023-06-30|44.54|44.69|43.99|44.14
2023-07-03|44.52|45.43|44.52|45.12
2023-07-05|44.74|45.17|44.35|44.96
2023-07-06|44.02|44.2|42.749|43.24
2023-07-07|43.46|44.315|43.4|43.73
2023-07-10|43.69|45.379|43.53|45.37
2023-07-11|45.64|47.3|45.505|47.05
2023-07-12|48.23|48.23|46.85|47.48
2023-07-13|48.02|49.79|47.69|49.63
2023-07-14|49.74|50.43|48.235|48.57
2023-07-17|48.57|49.89|48.2|49.68
2023-07-18|49.85|50.155|49.435|49.86
2023-07-19|50.46|51.33|49.96|50.65
2023-07-20|49.74|50.08|47.59|47.76
2023-07-21|48.388|48.62|47.39|47.93
2023-07-24|47.83|48.05|46.905|47.41
2023-07-25|47.6|48.125|47.241|47.27
2023-07-26|47.18|48.52|47.03|48.28
2023-07-27|49.37|49.42|46.665|46.87
2023-07-28|48.11|49.44|47.98|49.44
2023-07-31|49.78|50.4891|49.69|50.45
2023-08-01|49.81|49.83|48.67|49.45
2023-08-02|48.1701|48.18|46.33|46.69
2023-08-03|46.13|46.59|45.86|46.19
2023-08-04|46.45|46.65|45.29|45.38
2023-08-07|45.54|45.6|44.24|45.15
2023-08-08|44.48|45.01|44.141|44.91
2023-08-09|44.78|44.82|43.24|43.29
2023-08-10|43.78|44.28|42.6327|42.98
2023-08-11|42.46|43.11|42.35|42.75
2023-08-14|42.24|42.94|41.88|42.92
2023-08-15|42.63|42.81|42.12|42.17
2023-08-16|42|42.125|41.23|41.24
2023-08-17|41.29|41.29|40.2201|40.24
2023-08-18|39.35|40.77|39.32|40.38
2023-08-21|40.6|41.19|40.34|41.1
2023-08-22|41.59|41.73|40.57|41.01
2023-08-23|41|42.11|40.92|41.96
2023-08-24|42.2494|42.3|40.42|40.47
2023-08-25|40.49|41.34|40.14|40.97
2023-08-28|41.36|41.595|40.88|41.08
2023-08-29|41.08|43.415|40.87|43.31
2023-08-30|43.06|43.76|42.71|43.61
2023-08-31|43.83|44.1|43.4|43.75
2023-09-01|44.11|44.33|43.49|43.62
2023-09-05|43.28|44.1173|43.165|44.01
2023-09-06|44.25|44.69|43.69|44.17
2023-09-07|43.29|44.13|42.9704|44.01
2023-09-08|44|44.395|43.425|43.68
2023-09-11|44.22|44.81|43.87|44.6
2023-09-12|44.24|45.16|44.01|44.01
2023-09-13|43.87|44.2197|43.285|43.43
2023-09-14|43.67|44|43.22|43.61
2023-09-15|43.51|43.715|42.72|43.06
2023-09-18|42.93|42.9301|42.01|42.01
2023-09-19|41.87|41.965|41.082|41.51
2023-09-20|41.73|42.07|40.755|40.78
2023-09-21|39.99|40.17|39.525|39.54
2023-09-22|39.99|40.09|38.795|38.82
2023-09-25|38.55|39.0805|38.365|38.8
2023-09-26|38.56|39.25|38.36|38.43
2023-09-27|39.01|39.21|38.135|38.68
2023-09-28|38.7|39.55|38.2|39.12
2023-09-29|39.84|40.245|39.48|39.67
2023-10-02|39.69|39.91|38.78|39.04
2023-10-03|38.53|39.09|37.76|37.97
2023-10-04|38.12|38.67|37.55|38.53
2023-10-05|38.392|38.75|37.745|38.54
2023-10-06|37.84|39.34|37.78|39.21
2023-10-09|38.47|39.47|38.335|39.36
2023-10-10|39.44|40.81|39.44|40.19
2023-10-11|40.37|40.77|39.49|39.9
2023-10-12|39.9699|39.9699|38.28|38.48
2023-10-13|38.43|38.55|37.565|37.77
2023-10-16|38.03|38.68|37.59|38.53
2023-10-17|38|39.4362|38|39.18
2023-10-18|38.78|38.87|37.375|37.43
2023-10-19|37.43|37.63|36.52|36.61
2023-10-20|36.52|36.76|35.88|36.03
2023-10-23|35.67|36.815|35.1|36.11
2023-10-24|36.77|37.96|36.77|37.17
2023-10-25|36.68|36.79|35.175|35.22
2023-10-26|35.27|35.71|34.43|34.76
2023-10-27|35.28|35.4297|34.07|34.1
2023-10-30|34.53|34.8001|33.76|34.29
2023-10-31|34.34|35.22|34.08|35.08
2023-11-01|35.25|35.36|34.54|35.31
2023-11-02|37.09|38.3|37.05|38.28
2023-11-03|39.189|40.74|39.1|40.44
2023-11-06|40.68|40.82|39.14|39.77
2023-11-07|39.99|41.01|39.6915|40.91
2023-11-08|41.05|41.05|39.94|40.34
2023-11-09|40.68|40.89|38.94|39.09
2023-11-10|39.01|39.86|38.74|39.73
2023-11-13|39.37|39.93|38.71|39.91
2023-11-14|41.565|42.05|41.21|41.95
2023-11-15|42.12|43.75|42.12|43.01
2023-11-16|42.665|42.73|41.6188|42.21
2023-11-17|42.54|43.73|42.34|43.7
2023-11-20|43.85|45.0264|43.72|44.88
2023-11-21|44.25|44.41|43.61|43.87
2023-11-22|44.3315|44.59|43.63|44.32
2023-11-24|44.19|45.12|44.165|44.88
2023-11-27|44.65|45.67|44.28|45.45
2023-11-28|45.39|46.77|44.985|46.7
2023-11-29|47.21|48.015|46.7|46.9
2023-11-30|47.1726|47.28|45.85|46.11
2023-12-01|46.55|48.45|46.07|48.43
2023-12-04|48.35|48.9882|47.71|48.69
2023-12-05|48.23|48.94|47.8799|48.26
2023-12-06|48.76|49.345|47.99|48.04
2023-12-07|47.83|48.385|47.5|48.29
2023-12-08|48.06|49.695|47.78|49.18
2023-12-11|48.6101|48.74|48.01|48.53
2023-12-12|48.55|48.64|47.82|48.38
2023-12-13|48.38|50.17|47.405|50.17
2023-12-14|51.28|52.5|51.14|52.02
2023-12-15|51.962|52.17|50.8|51.11
2023-12-18|50.6871|51.64|50.56|51.07
2023-12-19|51.52|53.395|51.465|53.18
2023-12-20|53.08|53.575|50.99|51.01
2023-12-21|52.0372|52.46|51.285|52.31
2023-12-22|52.57|53.34|52.34|53.01
2023-12-26|53.25|54.0157|53.07|53.79
2023-12-27|54.3|54.52|53.8|54.26
2023-12-28|54|54.3899|53.79|54.14
2023-12-29|54|54.21|52.24|52.37
2024-01-02|51.7999|51.84|50.215|50.5
2024-01-03|49.235|49.46|48.37|48.52
2024-01-04|48.41|49.39|48.07|48.91
2024-01-05|48.352|49.35|48.17|48.9