2018-08-01|26.01|26.18|25.635|25.85
2018-08-02|25.425|26.2925|25.355|26.23
2018-08-03|26.28|26.59|26.225|26.585
2018-08-06|26.575|26.96|26.4625|26.875
2018-08-07|27.065|27.245|27.035|27.115
2018-08-08|27.07|27.2059|26.94|27.055
2018-08-09|27.1|27.22|26.915|26.95
2018-08-10|26.47|26.665|26.19|26.405
2018-08-13|26.49|26.685|26.015|26.125
2018-08-14|26.345|26.68|26.2166|26.615
2018-08-15|26.175|26.2165|25.545|26.03
2018-08-16|26.445|26.9|26.44|26.62
2018-08-17|26.53|27.04|26.4274|26.88
2018-08-20|27.04|27.1527|26.895|27.085
2018-08-21|27.225|27.535|27.185|27.235
2018-08-22|27.125|27.3675|27.035|27.22
2018-08-23|27.12|27.41|26.975|27.065
2018-08-24|27.26|27.61|27.245|27.555
2018-08-27|27.955|28.25|27.905|28.195
2018-08-28|28.375|28.4|28.105|28.235
2018-08-29|28.315|28.78|28.245|28.695
2018-08-30|28.515|28.655|28.145|28.325
2018-08-31|28.19|28.49|28.04|28.315
2018-09-04|28.18|28.3|27.85|28.19
2018-09-05|28.06|28.125|27.62|27.96
2018-09-06|27.97|28.0745|27.35|27.69
2018-09-07|27.35|27.84|27.266|27.51
2018-09-10|27.85|27.9215|27.59|27.665
2018-09-11|27.45|28.075|27.334|27.955
2018-09-12|27.935|28.1375|27.69|27.96
2018-09-13|28.29|28.4895|28.185|28.42
2018-09-14|28.51|28.545|28.18|28.45
2018-09-17|28.405|28.425|27.89|27.975
2018-09-18|28.035|28.615|28.035|28.425
2018-09-19|28.44|28.65|28.4|28.52
2018-09-20|28.895|29.2995|28.885|29.185
2018-09-21|29.43|29.475|29.055|29.105
2018-09-24|28.915|28.96|28.62|28.835
2018-09-25|28.9661|29|28.655|28.72
2018-09-26|28.745|29.15|28.315|28.435
2018-09-27|28.585|29.03|28.505|28.665
2018-09-28|28.475|28.84|28.455|28.635
2018-10-01|29.085|29.325|28.75|28.96
2018-10-02|28.935|29.16|28.8|28.93
2018-10-03|29.25|29.41|28.845|28.97
2018-10-04|28.8|28.8|27.735|28.275
2018-10-05|28.33|28.505|27.3175|27.825
2018-10-08|27.56|27.9|27.11|27.78
2018-10-09|27.67|28.085|27.475|27.67
2018-10-10|27.485|27.495|24.9099|25.005
2018-10-11|24.705|25.16|22.865|23.385
2018-10-12|24.545|24.6155|23.4|24.33
2018-10-15|24.21|24.605|23.8821|23.92
2018-10-16|24.49|25.59|24.35|25.42
2018-10-17|25.48|25.67|24.695|25.475
2018-10-18|25.19|25.36|23.975|24.38
2018-10-19|24.565|25.12|24.115|24.31
2018-10-22|24.51|24.61|23.83|24.005
2018-10-23|22.9|23.935|22.3101|23.595
2018-10-24|23.54|23.645|21.31|21.435
2018-10-25|21.955|23.025|21.675|22.625
2018-10-26|21.545|22.27|20.65|21.395
2018-10-29|22.24|22.59|20.079|21.025
2018-10-30|21|22.06|20.86|22
2018-10-31|22.68|23.31|22.555|22.685
2018-11-01|22.915|23.44|22.6|23.395
2018-11-02|23.695|23.82|22.375|22.935
2018-11-05|23.09|23.495|22.825|23.355
2018-11-06|23.315|23.82|23.3116|23.775
2018-11-07|24.42|25.325|24.2916|25.285
2018-11-08|25.06|25.35|24.805|25.135
2018-11-09|24.74|24.805|23.985|24.44
2018-11-12|24.25|24.325|22.885|23.02
2018-11-13|23.165|23.73|22.7|22.905
2018-11-14|23.43|23.54|21.98|22.405
2018-11-15|22.06|23.24|21.625|23.12
2018-11-16|22.815|23.545|22.64|23.285
2018-11-19|23.13|23.1909|21.845|22.145
2018-11-20|21.175|21.575|20.6183|20.885
2018-11-21|21.25|21.57|21.065|21.085
2018-11-23|20.605|21.015|20.605|20.66
2018-11-26|21.255|21.65|21.135|21.635
2018-11-27|21.355|21.845|21.19|21.845
2018-11-28|22.15|23.35|21.885|23.34
2018-11-29|23.14|23.6|22.81|23.19
2018-11-30|23.135|23.785|23.06|23.655
2018-12-03|24.825|24.85|24.095|24.535
2018-12-04|24.31|24.42|22.07|22.205
2018-12-06|21.065|22.07|20.2175|22.065
2018-12-07|21.93|22.39|20.275|20.52
2018-12-10|20.44|20.8575|19.3401|20.615
2018-12-11|21.43|21.495|20.235|20.61
2018-12-12|21.395|21.745|20.9137|20.935
2018-12-13|21.175|21.4|20.605|20.91
2018-12-14|20.32|20.58|19.585|19.74
2018-12-17|19.48|19.76|18.145|18.545
2018-12-18|18.955|19.115|18.115|18.51
2018-12-19|18.515|19.405|17.25|17.66
2018-12-20|17.34|17.71|16.25|16.795
2018-12-21|16.98|17.58|15.6|15.74
2018-12-24|15.4|15.65|14.485|14.5
2018-12-26|14.75|16.575|14.325|16.575
2018-12-27|15.885|17.03|15.15|17.015
2018-12-28|17.275|17.665|16.6538|16.935
2018-12-31|17.275|17.405|16.87|17.39
2019-01-02|16.56|17.6216|16.525|17.425
2019-01-03|17.005|17.065|16.0373|16.125
2019-01-04|16.82|17.9126|16.735|17.765
2019-01-07|17.84|18.515|17.61|18.17
2019-01-08|18.725|18.825|18.1|18.675
2019-01-09|18.87|19.165|18.575|18.935
2019-01-10|18.57|19.205|18.405|19.165
2019-01-11|18.875|19.1589|18.73|19.15
2019-01-14|18.69|19.005|18.59|18.825
2019-01-15|18.905|19.53|18.905|19.46
2019-01-16|19.56|19.81|19.51|19.575
2019-01-17|19.365|20.235|19.355|20.025
2019-01-18|20.49|20.94|20.2805|20.81
2019-01-22|20.435|20.4839|19.56|19.98
2019-01-23|20.235|20.395|19.4656|20.075
2019-01-24|20.035|20.255|19.7774|20.13
2019-01-25|20.59|20.83|20.47|20.62
2019-01-28|20.05|20.165|19.69|20.165
2019-01-29|20.165|20.315|19.855|20.075
2019-01-30|20.445|21.225|20.25|21.02
2019-01-31|20.975|21.665|20.935|21.545
2019-02-01|21.605|21.8525|21.375|21.575
2019-02-04|21.59|22.045|21.41|22.035
2019-02-05|22.155|22.385|22.015|22.32
2019-02-06|22.22|22.3572|22.005|22.21
2019-02-07|21.755|21.905|21.1184|21.57
2019-02-08|21.21|21.65|21.0101|21.65
2019-02-11|21.815|21.88|21.535|21.685
2019-02-12|22.105|22.61|22.085|22.515
2019-02-13|22.74|22.955|22.6167|22.715
2019-02-14|22.405|22.865|22.175|22.56
2019-02-15|23.05|23.295|22.98|23.285
2019-02-19|23.06|23.5875|23.055|23.4
2019-02-20|23.4|23.665|23.25|23.54
2019-02-21|23.36|23.445|23.01|23.28
2019-02-22|23.46|23.76|23.375|23.72
2019-02-25|24.11|24.26|23.775|23.82
2019-02-26|23.685|23.9869|23.64|23.745
2019-02-27|23.535|23.81|23.2701|23.705
2019-02-28|23.62|23.75|23.47|23.545
2019-03-01|24.005|24.1188|23.595|24.015
2019-03-04|24.305|24.36|23.0755|23.73
2019-03-05|23.765|23.815|23.48|23.63
2019-03-06|23.65|23.65|23.1|23.195
2019-03-07|23.06|23.09|22.36|22.615
2019-03-08|22.085|22.5|21.955|22.475
2019-03-11|22.645|23.48|22.645|23.455
2019-03-12|23.575|23.84|23.54|23.695
2019-03-13|23.94|24.425|23.9|24.165
2019-03-14|24.16|24.28|23.9775|24.115
2019-03-15|24.245|24.68|24.205|24.465
2019-03-18|24.505|24.8|24.445|24.74
2019-03-19|25.02|25.2392|24.465|24.755
2019-03-20|24.59|24.96|24.135|24.45
2019-03-21|24.195|25.3843|24.195|25.255
2019-03-22|24.865|25.0144|23.79|23.815
2019-03-25|23.71|24.035|23.395|23.755
2019-03-26|24.245|24.545|23.875|24.255
2019-03-27|24.27|24.44|23.445|23.915
2019-03-28|24.06|24.275|23.73|24.17
2019-03-29|24.59|24.69|24.2576|24.64
2019-04-01|25.175|25.555|25.105|25.5
2019-04-02|25.525|25.565|25.275|25.495
2019-04-03|25.865|25.98|25.44|25.645
2019-04-04|25.705|25.88|25.495|25.81
2019-04-05|26.01|26.185|25.92|26.145
2019-04-08|26.04|26.26|25.8492|26.245
2019-04-09|25.935|26.0334|25.665|25.825
2019-04-10|25.945|26.1097|25.825|26.09
2019-04-11|26.22|26.22|25.88|26.06
2019-04-12|26.535|26.66|26.3251|26.585
2019-04-15|26.6|26.625|26.275|26.515
2019-04-16|26.77|26.8|26.38|26.59
2019-04-17|26.88|26.885|26.225|26.36
2019-04-18|26.53|26.58|26.125|26.5
2019-04-22|26.255|26.6083|26.235|26.585
2019-04-23|26.675|27.34|26.6|27.265
2019-04-24|27.25|27.3425|27.045|27.105
2019-04-25|27.045|27.225|26.6551|27.02
2019-04-26|27.03|27.415|26.795|27.41
2019-04-29|27.41|27.675|27.395|27.505
2019-04-30|27.405|27.64|26.965|27.55
2019-05-01|27.755|27.81|26.925|26.93
2019-05-02|26.86|27.16|26.285|26.765
2019-05-03|27.19|27.604|27.12|27.52
2019-05-06|26.155|27.305|26.08|27.195
2019-05-07|26.43|26.61|25.22|25.835
2019-05-08|25.7|26.205|25.515|25.715
2019-05-09|25.05|25.6185|24.5451|25.455
2019-05-10|25.17|26.045|24.28|25.815
2019-05-13|24.28|24.575|23.6255|23.905
2019-05-14|24.155|24.95|24.125|24.505
2019-05-15|24.045|25.125|23.98|24.93
2019-05-16|25.14|26.02|25.125|25.605
2019-05-17|24.935|25.855|24.935|25.125
2019-05-20|24.65|25|24.4|24.64
2019-05-21|25.1|25.39|25.0301|25.275
2019-05-22|24.985|25.32|24.9057|25.06
2019-05-23|24.395|24.395|23.69|24.16
2019-05-24|24.52|24.63|24.0852|24.255
2019-05-28|24.335|24.615|23.585|23.605
2019-05-29|23.255|23.3735|22.7095|23.135
2019-05-30|23.295|23.53|22.975|23.3
2019-05-31|22.56|22.8|22.325|22.345
2019-06-03|22.33|22.6375|21.79|22.165
2019-06-04|22.775|23.635|22.65|23.605
2019-06-05|24.055|24.216|23.54|24.2
2019-06-06|24.295|24.865|24.1|24.66
2019-06-07|24.97|25.72|24.915|25.405
2019-06-10|25.865|26.25|25.74|25.755
2019-06-11|26.3|26.4|25.545|25.735
2019-06-12|25.66|25.825|25.44|25.595
2019-06-13|25.86|26|25.645|25.93
2019-06-14|25.8|25.98|25.585|25.8
2019-06-17|25.87|26.055|25.7818|25.845
2019-06-18|26.38|26.9575|26.27|26.61
2019-06-19|26.675|26.98|26.375|26.83
2019-06-20|27.625|27.7|26.9599|27.575
2019-06-21|27.485|27.875|27.385|27.47
2019-06-24|27.51|27.61|27.295|27.36
2019-06-25|27.305|27.315|26.445|26.52
2019-06-26|26.765|26.915|26.375|26.405
2019-06-27|26.63|26.825|26.525|26.7
2019-06-28|26.965|27.225|26.815|27.075
2019-07-01|28.08|28.16|27.4403|27.78
2019-07-02|27.785|28.045|27.53|28.045
2019-07-03|28.22|28.67|28.175|28.665
2019-07-05|28.275|28.625|27.875|28.54
2019-07-08|28.155|28.245|27.925|28.115
2019-07-09|27.72|28.29|27.72|28.21
2019-07-10|28.54|28.895|28.365|28.61
2019-07-11|28.795|28.8625|28.465|28.785
2019-07-12|28.945|29.19|28.84|29.19
2019-07-15|29.29|29.3|29.04|29.195
2019-07-16|29.165|29.215|28.8058|28.905
2019-07-17|28.89|28.95|28.315|28.33
2019-07-18|28.145|28.72|27.995|28.62
2019-07-19|28.945|28.97|28.06|28.13
2019-07-22|28.25|28.485|28.075|28.335
2019-07-23|28.675|28.92|28.415|28.915
2019-07-24|28.68|29.315|28.655|29.315
2019-07-25|29.185|29.19|28.635|28.88
2019-07-26|29.115|29.525|29.07|29.47
2019-07-29|29.425|29.437|29.12|29.32
2019-07-30|28.845|29.205|28.725|29.11
2019-07-31|29.16|29.2142|27.465|28.105
2019-08-01|28.155|29.075|27.125|27.395
2019-08-02|27.1|27.16|26.27|26.8
2019-08-05|25.5|25.525|23.7551|24.415
2019-08-06|24.865|25.4037|24.44|25.35
2019-08-07|24.445|25.61|23.83|25.405
2019-08-08|25.82|26.865|25.66|26.865
2019-08-09|26.585|26.7637|25.77|26.315
2019-08-12|25.855|26.0233|25.065|25.345
2019-08-13|25.255|26.9484|25.145|26.515
2019-08-14|25.325|25.49|24.14|24.19
2019-08-15|24.425|24.6073|23.79|24.37
2019-08-16|24.83|25.55|24.815|25.435
2019-08-19|26.325|26.545|26.115|26.35
2019-08-20|26.2|26.345|25.695|25.735
2019-08-21|26.365|26.4737|26.135|26.36
2019-08-22|26.555|26.75|25.8|26.325
2019-08-23|25.94|26.425|23.92|24.28
2019-08-26|24.9|25.08|24.475|25.075
2019-08-27|25.495|25.595|24.57|24.8
2019-08-28|24.59|25.355|24.38|25.315
2019-08-29|26.055|26.415|25.755|26.27
2019-08-30|26.705|26.715|25.9525|26.245
2019-09-03|25.72|25.985|25.375|25.78
2019-09-04|26.405|26.635|26.175|26.625
2019-09-05|27.38|27.93|27.34|27.66
2019-09-06|27.76|27.905|27.539|27.73
2019-09-09|28.02|28.04|27.455|27.75
2019-09-10|27.505|27.75|27.1194|27.75
2019-09-11|27.82|28.34|27.6397|28.34
2019-09-12|28.585|28.9215|28.345|28.58
2019-09-13|28.735|28.845|28.415|28.515
2019-09-16|28.16|28.3981|28.055|28.27
2019-09-17|28.18|28.5|28.15|28.49
2019-09-18|28.35|28.555|27.705|28.535
2019-09-19|28.625|28.945|28.395|28.49
2019-09-20|28.7|28.7737|27.8675|28.065
2019-09-23|27.88|28.29|27.8|28.09
2019-09-24|28.41|28.5205|27.11|27.4
2019-09-25|27.415|28.02|26.97|27.88
2019-09-26|27.885|27.935|27.27|27.71
2019-09-27|27.935|27.955|26.7725|27.24
2019-09-30|27.39|27.835|27.39|27.635
2019-10-01|27.885|28.09|26.56|26.645
2019-10-02|26.145|26.1567|24.83|25.225
2019-10-03|25.14|25.825|24.36|25.825
2019-10-04|26.025|26.935|25.9961|26.86
2019-10-07|26.63|27.105|26.425|26.52
2019-10-08|25.945|26.1721|25.265|25.285
2019-10-09|25.86|26.255|25.675|25.97
2019-10-10|25.945|26.76|25.9|26.495
2019-10-11|27.325|27.98|27.285|27.295
2019-10-14|27.215|27.4245|27.125|27.235
2019-10-15|27.545|28.255|27.51|28.05
2019-10-16|27.895|28.1045|27.76|27.91
2019-10-17|28.25|28.4|27.915|28.13
2019-10-18|27.96|28.156|27.48|27.75
2019-10-21|28.15|28.37|28.025|28.345
2019-10-22|28.5|28.56|28.005|28.04
2019-10-23|27.955|28.2875|27.89|28.28
2019-10-24|28.555|28.595|28.1416|28.4
2019-10-25|28.22|28.91|28.22|28.77
2019-10-28|29.125|29.38|29.12|29.25
2019-10-29|29.13|29.48|29.0909|29.195
2019-10-30|29.275|29.565|28.84|29.48
2019-10-31|29.435|29.435|28.75|29.21
2019-11-01|29.66|30.025|29.6151|30.02
2019-11-04|30.525|30.565|30.2565|30.38
2019-11-05|30.445|30.525|30.17|30.27
2019-11-06|30.275|30.37|29.975|30.305
2019-11-07|30.715|30.97|30.4375|30.615
2019-11-08|30.465|30.8125|30.2485|30.805
2019-11-11|30.365|30.69|30.31|30.66
2019-11-12|30.75|31.12|30.57|30.81
2019-11-13|30.495|30.975|30.4183|30.85
2019-11-14|30.74|30.995|30.5375|30.975
2019-11-15|31.4|31.65|31.1905|31.65
2019-11-18|31.56|31.78|31.405|31.705
2019-11-19|31.905|31.905|31.455|31.66
2019-11-20|31.475|31.63|30.79|31.32
2019-11-21|31.32|31.355|30.885|31.165
2019-11-22|31.395|31.425|31.022|31.345
2019-11-25|31.66|32.075|31.66|32.065
2019-11-26|32.105|32.3475|31.98|32.265
2019-11-27|32.46|32.7|32.365|32.685
2019-11-29|32.51|32.59|32.26|32.345
2019-12-02|32.425|32.435|31.365|31.515
2019-12-03|30.6|30.89|30.1355|30.87
2019-12-04|31.21|31.63|31.1|31.42
2019-12-05|31.655|31.66|31.155|31.605
2019-12-06|32.235|32.59|32.227|32.44
2019-12-09|32.315|32.545|32.12|32.15
2019-12-10|32.115|32.35|31.8155|32.025
2019-12-11|32.185|32.3875|32.05|32.295
2019-12-12|32.29|33.3894|32.21|33.125
2019-12-13|33.04|33.605|32.7747|33.18
2019-12-16|33.775|34.0695|33.765|33.875
2019-12-17|33.985|34.095|33.86|33.88
2019-12-18|34.01|34.095|33.8683|33.875
2019-12-19|33.92|34.305|33.915|34.28
2019-12-20|34.65|34.9598|34.625|34.8
2019-12-23|35.01|35.015|34.83|34.9
2019-12-24|34.91|34.92|34.72|34.84
2019-12-26|34.95|35.36|34.945|35.35
2019-12-27|35.635|35.64|35.15|35.335
2019-12-30|35.365|35.4045|34.5716|34.75
2019-12-31|34.55|35.075|34.44|35.005
2020-01-02|35.535|35.955|35.19|35.95
2020-01-03|34.725|35.54|34.7|35.17
2020-01-06|34.495|35.555|34.465|35.535
2020-01-07|35.335|35.492|35.065|35.225
2020-01-08|35.305|36.215|35.205|35.77
2020-01-09|36.355|36.525|36.1294|36.5
2020-01-10|36.72|36.7626|36.015|36.19
2020-01-13|36.415|36.925|36.25|36.92
2020-01-14|36.765|37.135|36.55|36.745
2020-01-15|36.72|37.2745|36.6801|37
2020-01-16|37.49|37.9|37.4|37.9
2020-01-17|38.165|38.3245|37.945|38.255
2020-01-21|37.875|38.315|37.8551|38.04
2020-01-22|38.345|38.58|37.98|38.06
2020-01-23|37.78|38.205|37.35|38.14
2020-01-24|38.4|38.41|36.6355|37.115
2020-01-27|35.18|35.87|35.035|35.34
2020-01-28|35.845|36.745|35.6711|36.435
2020-01-29|36.935|37|36.265|36.34
2020-01-30|35.575|36.75|35.3|36.655
2020-01-31|36.44|36.5014|34.345|34.685
2020-02-03|35.205|36.105|35.16|35.445
2020-02-04|36.75|37.3693|36.62|37.06
2020-02-05|38.15|38.41|37.605|38.315
2020-02-06|38.705|38.78|38.305|38.71
2020-02-07|38.31|38.58|37.89|38.115
2020-02-10|37.75|38.95|37.74|38.95
2020-02-11|39.465|39.755|38.955|39.15
2020-02-12|39.69|39.965|39.54|39.885
2020-02-13|39.33|40.12|39.215|39.735
2020-02-14|39.885|39.965|39.44|39.93
2020-02-18|39.53|39.755|39.075|39.615
2020-02-19|39.985|40.435|39.865|40.18
2020-02-20|39.95|40.27|38.5|39.655
2020-02-21|39.145|39.25|38.1177|38.435
2020-02-24|34.845|35.765|34.19|34.59
2020-02-25|35.085|35.2789|31.13|31.455
2020-02-26|31.895|33.075|30.845|31.11
2020-02-27|29.27|30.5|26.865|26.875
2020-02-28|24.495|26.695|23.625|26.695
2020-03-02|27|29.97|26.035|29.93
2020-03-03|30.08|31.325|26.595|27.385
2020-03-04|28.9842|30.895|28.223|30.83
2020-03-05|28.5|29.5|27.01|27.735
2020-03-06|25.17|26.7|24.3616|26.35
2020-03-09|20.785|22.8|20|20.195
2020-03-10|22.5|23.385|20.025|23.385
2020-03-11|21.47|21.75|19.09|19.94
2020-03-12|15.8|18.22|14.15|14.155
2020-03-13|16.845|18.1325|14.4376|18.085
2020-03-16|12.5|15.265|11.625|11.765
2020-03-17|12.53|14.175|11.385|13.96
2020-03-18|11.13|12.565|9.85|11.82
2020-03-19|11.41|12.65|10.45|11.745
2020-03-20|12.18|12.44|10.1|10.15
2020-03-23|10.07|10.235|8.755|9.315
2020-03-24|10.805|11.995|10.75|11.92
2020-03-25|12.08|13.77|11.33|12.355
2020-03-26|12.755|14.765|12.7|14.51
2020-03-27|13.185|14.45|12.81|13.2
2020-03-30|13.565|14.6|13.235|14.49
2020-03-31|14.315|14.77|13.585|13.815
2020-04-01|12.265|12.82|11.615|11.97
2020-04-02|11.835|12.92|11.735|12.79
2020-04-03|12.645|13.0175|11.795|12.24
2020-04-06|13.675|15.025|13.5|14.715
2020-04-07|16.275|16.405|14.695|14.715
2020-04-08|15.2|16.435|14.805|16.21
2020-04-09|16.845|17.478|16.46|16.945
2020-04-13|16.76|16.82|15.7|16.45
2020-04-14|17.445|18.1|17.235|17.945
2020-04-15|16.755|17.13|16.355|16.79
2020-04-16|17.035|17.195|16.4225|17.035
2020-04-17|18.175|18.53|17.63|18.425
2020-04-20|17.63|18.335|17.385|17.435
2020-04-21|16.525|16.77|15.655|15.825
2020-04-22|16.755|17.215|16.515|16.895
2020-04-23|17.15|17.765|16.8325|16.875
2020-04-24|17.19|17.715|16.78|17.59
2020-04-27|17.995|18.57|17.9|18.365
2020-04-28|19.12|19.185|18.0325|18.095
2020-04-29|19.205|19.8292|18.985|19.495
2020-04-30|19.21|19.315|18.585|18.95
2020-05-01|17.935|18.09|17.21|17.43
2020-05-04|17.07|17.665|16.775|17.615
2020-05-05|18.17|18.65|17.995|18.085
2020-05-06|18.435|18.515|17.685|17.725
2020-05-07|18.37|18.74|18.2453|18.355
2020-05-08|18.99|19.335|18.77|19.255
2020-05-11|18.835|19.57|18.75|19.285
2020-05-12|19.52|19.615|18.095|18.1
2020-05-13|17.995|18.2051|16.65|17.165
2020-05-14|16.645|17.79|16.19|17.79
2020-05-15|17.285|18.0112|17.08|18
2020-05-18|19.3|19.975|19.215|19.665
2020-05-19|19.53|19.8901|19.04|19.06
2020-05-20|19.805|20.2|19.75|20.02
2020-05-21|19.99|20.1635|19.3555|19.585
2020-05-22|19.54|19.74|19.27|19.69
2020-05-26|21.01|21.06|20.36|20.445
2020-05-27|21.065|21.345|19.985|21.34
2020-05-28|21.595|22.045|21.075|21.235
2020-05-29|21.125|21.635|20.45|21.485
2020-06-01|21.36|21.905|21.245|21.77
2020-06-02|21.985|22.32|21.675|22.32
2020-06-03|22.79|23.43|22.715|23.22
2020-06-04|22.95|23.3838|22.51|22.995
2020-06-05|24.325|25.23|24.31|24.765
2020-06-08|25.01|25.7255|24.86|25.695
2020-06-09|25|25.49|24.775|25.135
2020-06-10|25.275|25.485|24.51|24.7
2020-06-11|22.88|23.08|20.24|20.385
2020-06-12|21.97|22.115|19.98|21.13
2020-06-15|19.815|21.975|19.56|21.725
2020-06-16|23.525|23.5445|21.85|22.97
2020-06-17|23.225|23.29|22.515|22.67
2020-06-18|22.335|22.825|22.2149|22.7
2020-06-19|23.53|23.575|22.0101|22.3
2020-06-22|22.17|22.84|21.915|22.775
2020-06-23|23.38|23.61|22.966|23.065
2020-06-24|22.57|22.72|20.865|21.32
2020-06-25|21.165|22.04|20.71|21.97
2020-06-26|21.725|21.7709|20.285|20.4
2020-06-29|20.68|21.31|20.185|21.31
2020-06-30|21.225|22.515|21.1801|22.18
2020-07-01|22.385|22.8775|22.27|22.59
2020-07-02|23.41|23.72|22.8|22.95
2020-07-06|23.885|24.12|23.69|24.02
2020-07-07|23.63|24.125|23.18|23.26
2020-07-08|23.46|23.83|23.035|23.8
2020-07-09|23.96|24.01|22.565|23.395
2020-07-10|23.36|24.1775|23.04|24.115
2020-07-13|24.695|25.275|23.33|23.485
2020-07-14|23.125|24.4774|22.85|24.385
2020-07-15|25.19|25.34|24.48|25.065
2020-07-16|24.595|24.93|24.42|24.815
2020-07-17|25.065|25.23|24.575|25.03
2020-07-20|24.975|25.82|24.78|25.63
2020-07-21|26.135|26.255|25.5504|25.785
2020-07-22|25.715|26.305|25.685|26.24
2020-07-23|26.135|26.3257|24.95|25.29
2020-07-24|24.815|25.075|24.43|24.82
2020-07-27|24.975|25.395|24.79|25.335
2020-07-28|25.16|25.455|24.79|24.87
2020-07-29|25.095|25.925|25.075|25.775
2020-07-30|25.01|25.61|24.48|25.5
2020-07-31|25.97|26.13|24.885|26.105
2020-08-03|26.545|26.845|26.4025|26.635
2020-08-04|26.43|26.96|26.4295|26.935
2020-08-05|27.32|27.5325|27.2375|27.445
2020-08-06|27.3|28.04|27.22|28.005
2020-08-07|27.745|28.12|27.5|28.06
2020-08-10|28.2|28.37|27.66|28.31
2020-08-11|28.655|28.815|27.42|27.635
2020-08-12|28.27|28.984|28.27|28.755
2020-08-13|28.56|28.975|28.36|28.63
2020-08-14|28.505|28.765|28.31|28.61
2020-08-17|28.885|28.995|28.785|28.89
2020-08-18|29|29.19|28.56|29.055
2020-08-19|29.195|29.3275|28.555|28.72
2020-08-20|28.225|29.1|28.195|28.98
2020-08-21|28.885|29.33|28.795|29.28
2020-08-24|29.97|30.19|29.6956|30.175
2020-08-25|30.345|30.51|30.0048|30.48
2020-08-26|30.655|31.4825|30.505|31.41
2020-08-27|31.6691|32.035|31.125|31.605
2020-08-28|31.925|32.265|31.565|32.225
2020-08-31|32.16|32.425|31.8169|31.86
2020-09-01|32.115|32.8|31.8501|32.77
2020-09-02|33.365|34.475|33.015|34.185
2020-09-03|33.67|33.81|29.85|30.64
2020-09-04|30.85|31.295|27.855|29.92
2020-09-08|28.35|28.701|27.35|27.46
2020-09-09|28.52|29.73|28.275|29.045
2020-09-10|29.575|29.765|27.285|27.54
2020-09-11|28.01|28.3|26.825|27.575
2020-09-14|28.44|29.145|28.2952|28.675
2020-09-15|29.36|29.5775|28.82|29.105
2020-09-16|29.47|29.855|28.69|28.77
2020-09-17|27.405|28.47|27.275|28.02
2020-09-18|28.23|28.245|26.365|27.04
2020-09-21|25.83|26.155|24.84|26.145
2020-09-22|26.505|27.07|25.865|26.92
2020-09-23|27.075|27.135|24.925|25.05
2020-09-24|24.71|26.015|24.385|25.255
2020-09-25|25.03|26.665|24.8125|26.455
2020-09-28|27.55|27.965|27.295|27.8
2020-09-29|27.745|27.9245|27.15|27.345
2020-09-30|27.525|28.795|27.465|27.955
2020-10-01|28.655|28.91|27.9805|28.475
2020-10-02|27.14|28.204|27.0101|27.69
2020-10-05|28.235|29.19|28.22|29.13
2020-10-06|29.1881|29.76|27.765|27.91
2020-10-07|28.7|29.58|28.6933|29.36
2020-10-08|29.895|30.1505|29.65|30.115
2020-10-09|30.61|31.075|30.435|30.935
2020-10-12|31.72|32.8605|31.545|32.425
2020-10-13|32.395|32.415|31.515|31.805
2020-10-14|31.97|32.29|30.9851|31.23
2020-10-15|30.05|31.2295|29.915|31.08
2020-10-16|31.47|31.9593|30.975|31.015
2020-10-19|31.39|31.57|29.355|29.61
2020-10-20|29.98|30.865|29.775|29.94
2020-10-21|29.935|30.56|29.71|29.78
2020-10-22|29.845|30.44|29.25|30.3
2020-10-23|30.63|30.65|29.9|30.57
2020-10-26|29.615|29.845|27.9|28.895
2020-10-27|28.985|29.08|28.535|28.595
2020-10-28|27.05|27.225|25.53|25.66
2020-10-29|25.715|27.225|25.29|26.425
2020-10-30|26.01|26.3536|24.655|25.585
2020-11-02|26.46|26.955|25.755|26.465
2020-11-03|27.295|28.39|27.165|27.85
2020-11-04|29.07|30.82|28.745|29.705
2020-11-05|31.21|31.9699|31.1095|31.445
2020-11-06|31.375|31.795|30.77|31.455
2020-11-09|35.185|35.275|32.48|32.64
2020-11-10|32.315|32.784|31.53|32.495
2020-11-11|33.115|33.44|32.75|33.19
2020-11-12|32.8937|33.125|31.68|32.23
2020-11-13|32.7928|33.78|32.635|33.565
2020-11-16|34.385|34.82|33.9855|34.785
2020-11-17|34.074|34.635|33.6099|34.275
2020-11-18|34.3417|34.5101|32.995|33.01
2020-11-19|32.815|33.54|32.43|33.435
2020-11-20|33.35|33.41|32.7237|32.75
2020-11-23|33.265|33.69|32.615|33.345
2020-11-24|34.095|35.1|33.845|34.94
2020-11-25|34.915|34.92|34.4393|34.775
2020-11-27|35.1126|35.21|34.755|35.045
2020-11-30|34.805|34.895|33.7655|34.59
2020-12-01|35.6|36.195|35.4151|35.725
2020-12-02|35.3627|35.985|35.185|35.93
2020-12-03|35.905|36.355|35.58|35.91
2020-12-04|36.105|36.835|36.075|36.825
2020-12-07|36.61|36.7751|36.2|36.64
2020-12-08|36.2|37.12|36.195|36.94
2020-12-09|37.14|37.1976|35.675|35.955
2020-12-10|35.5|36.228|35.22|35.885
2020-12-11|35.345|35.845|34.88|35.75
2020-12-14|36.46|36.795|35.21|35.285
2020-12-15|36.095|36.72|35.655|36.705
2020-12-16|36.8|37.19|36.515|36.885
2020-12-17|37.411|37.5701|37.16|37.505
2020-12-18|37.605|37.635|36.41|37.07
2020-12-21|35.79|36.95|34.9325|36.7
2020-12-22|36.76|36.8|36.1249|36.455
2020-12-23|36.75|37.16|36.5|36.55
2020-12-24|36.705|36.975|36.515|36.975
2020-12-28|37.8|38.0491|37.585|37.915
2020-12-29|38.425|38.48|37.515|37.69
2020-12-30|37.96|38.19|37.74|37.84
2020-12-31|37.805|38.665|37.625|38.43
2021-01-04|38.87|38.91|35.635|36.855
2021-01-05|36.64|37.955|36.635|37.585
2021-01-06|37.11|39.325|36.935|38.29
2021-01-07|39.065|40.225|39.005|39.975
2021-01-08|40.45|40.73|39.345|40.66
2021-01-11|39.565|40.44|39.54|39.85
2021-01-12|39.91|40.2|39.105|39.88
2021-01-13|39.845|40.515|39.575|40.17
2021-01-14|40.435|40.5995|39.64|39.755
2021-01-15|39.2|39.47|38.255|38.875
2021-01-19|39.69|39.9695|39.215|39.795
2021-01-20|40.565|41.72|40.44|41.43
2021-01-21|41.62|41.775|41.23|41.525
2021-01-22|40.905|41.49|40.77|41.105
2021-01-25|41.36|41.7002|39.6875|41.6
2021-01-26|41.9|42.05|41.315|41.405
2021-01-27|40.24|40.25|37.58|38.355
2021-01-28|38.94|40.645|38.81|39.32
2021-01-29|38.7|39.03|36.405|37.005
2021-02-01|38.06|39.149|37.38|38.77
2021-02-02|39.865|40.9735|39.85|40.43
2021-02-03|40.7344|41.13|40.115|40.555
2021-02-04|40.905|41.93|40.8455|41.915
2021-02-05|42.6|42.665|42.025|42.4
2021-02-08|42.92|43.36|42.635|43.36
2021-02-09|43.05|43.46|42.9|43.24
2021-02-10|43.855|43.925|42.335|43.21
2021-02-11|43.59|43.725|42.535|43.39
2021-02-12|43.085|44.12|43.085|44.045
2021-02-16|44.475|44.54|43.6634|43.915
2021-02-17|43.275|44.025|42.92|43.955
2021-02-18|42.9993|43.64|42.385|43.4
2021-02-19|43.835|43.925|42.985|43.16
2021-02-22|42.145|43|42.055|42.18
2021-02-23|41.38|42.768|39.905|42.31
2021-02-24|41.9|43.8417|41.575|43.705
2021-02-25|43.25|43.7295|40.005|40.57
2021-02-26|41.1728|41.56|39.215|39.87
2021-03-01|41.53|43.22|41.53|42.76
2021-03-02|42.885|42.965|41.71|41.785
2021-03-03|41.55|41.885|40.1025|40.14
2021-03-04|40.065|40.935|37.105|38.62
2021-03-05|39.78|41.11|37.38|40.76
2021-03-08|41.085|42.04|40.05|40.16
2021-03-09|41.44|42.7251|41.28|41.86
2021-03-10|42.705|43.235|42.19|42.625
2021-03-11|43.525|44.64|43.355|43.94
2021-03-12|43.455|44.165|43.16|44.12
2021-03-15|44.205|45|43.44|44.915
2021-03-16|45.12|45.38|44.45|44.755
2021-03-17|44.27|45.475|43.845|45.165
2021-03-18|44.24|44.995|43|43.2
2021-03-19|43.105|43.65|42.19|42.97
2021-03-22|43.125|44.48|43.12|43.955
2021-03-23|43.75|44.265|42.655|42.95
2021-03-24|43.435|44.005|42.275|42.275
2021-03-25|41.775|43.27|41.095|42.97
2021-03-26|43.4|45.195|43.18|45.075
2021-03-29|44.515|45.305|43.975|44.99
2021-03-30|44.545|44.87|44.05|44.615
2021-03-31|44.835|45.7225|44.8227|45.17
2021-04-01|45.86|46.64|45.78|46.575
2021-04-05|47.615|48.83|47.59|48.595
2021-04-06|48.42|48.93|48.295|48.52
2021-04-07|48.485|48.83|48.29|48.715
2021-04-08|49.175|49.41|48.825|49.38
2021-04-09|49.37|50.53|49.295|50.455
2021-04-12|50.21|50.6193|49.99|50.5
2021-04-13|50.465|51.205|50.325|50.925
2021-04-14|50.95|51.365|50.22|50.435
2021-04-15|51.2653|52.1545|51.255|52.05
2021-04-16|52.575|52.82|52.005|52.61
2021-04-19|52.19|52.3793|51.255|51.82
2021-04-20|51.29|51.595|50.0825|50.69
2021-04-21|50.42|52.165|50.365|52.09
2021-04-22|52.03|52.345|50.24|50.68
2021-04-23|50.885|52.855|50.86|52.3
2021-04-26|52.57|52.855|52.39|52.635
2021-04-27|52.745|52.82|52.14|52.58
2021-04-28|52.7|53.145|52.37|52.505
2021-04-29|53.655|53.78|52.175|53.485
2021-04-30|52.62|52.965|52.125|52.475
2021-05-03|53.25|53.425|52.615|52.815
2021-05-04|52.005|52.2|50.345|51.84
2021-05-05|52.5|52.575|51.575|51.835
2021-05-06|51.91|53.1515|51.095|53.085
2021-05-07|53.42|54.535|53.15|54.26
2021-05-10|54.43|54.5|52.595|52.65
2021-05-11|50.805|51.625|49.67|51.27
2021-05-12|50.115|50.625|47.745|48.005
2021-05-13|48.54|50.42|48.54|49.67
2021-05-14|50.755|52.305|50.745|51.965
2021-05-17|51.535|51.904|50.775|51.575
2021-05-18|51.695|51.765|50.185|50.28
2021-05-19|48.385|49.895|47.815|49.845
2021-05-20|50.185|51.9278|50.1419|51.44
2021-05-21|52.055|52.53|51.1354|51.315
2021-05-24|52.24|53.3098|52.11|52.885
2021-05-25|53.31|53.465|52.2975|52.54
2021-05-26|52.765|53.0445|52.355|52.85
2021-05-27|53.265|53.455|52.87|52.88
2021-05-28|53.5501|53.66|53.1102|53.19
2021-06-01|54.165|54.21|52.88|53.035
2021-06-02|53.305|53.64|52.915|53.31
2021-06-03|52.34|53.17|51.755|52.715
2021-06-04|53.445|54.265|53.425|54.105
2021-06-07|54.137|54.2161|53.61|54.02
2021-06-08|54.35|54.375|53.275|54.035
2021-06-09|54.38|54.39|53.68|53.78
2021-06-10|54.295|54.9034|53.745|54.525
2021-06-11|54.755|54.835|54.225|54.795
2021-06-14|54.82|55.185|54.325|55.18
2021-06-15|55.2265|55.2265|54.495|54.845
2021-06-16|54.93|54.99|53.055|53.945
2021-06-17|53.765|54.255|52.86|53.905
2021-06-18|52.55|52.795|51.615|51.735
2021-06-21|52.395|53.99|52.075|53.925
2021-06-22|53.92|55.115|53.61|54.73
2021-06-23|54.8|55.13|54.535|54.58
2021-06-24|55.435|55.725|55.345|55.535
2021-06-25|55.86|56.295|55.705|56.11
2021-06-28|56.33|56.5175|55.825|56.475
2021-06-29|56.615|56.88|56.33|56.54
2021-06-30|56.375|56.9575|56.3475|56.695
2021-07-01|57.01|57.69|56.975|57.645
2021-07-02|58.095|59.085|57.975|58.96
2021-07-06|58.95|59.04|57.425|58.575
2021-07-07|58.925|59.35|58.045|59.23
2021-07-08|56.895|58.12|56.41|57.815
2021-07-09|58.44|59.74|58.345|59.62
2021-07-12|59.585|60.375|59.4|60.29
2021-07-13|59.955|60.5795|59.53|59.675
2021-07-14|60.395|60.5971|59.365|59.88
2021-07-15|59.3|59.615|58.465|59.275
2021-07-16|59.82|59.82|57.7155|57.905
2021-07-19|55.815|56.02|54.12|55.36
2021-07-20|55.59|58.21|55.27|57.725
2021-07-21|58.215|59.1475|58.13|59.095
2021-07-22|59.175|59.555|58.7305|59.48
2021-07-23|60.28|61.435|59.99|61.275
2021-07-26|61.025|61.735|60.9952|61.735
2021-07-27|61.265|61.275|59.625|60.905
2021-07-28|61.18|61.42|60.175|60.805
2021-07-29|61.25|62.035|61.21|61.56
2021-07-30|60.415|61.305|60.3546|60.625
2021-08-02|61.395|61.66|60.15|60.25
2021-08-03|60.605|61.775|59.655|61.725
2021-08-04|61.15|61.425|60.725|60.845
2021-08-05|61.345|62.015|61.195|61.96
2021-08-06|62.1|62.46|61.98|62.31
2021-08-09|62.265|62.3975|61.765|62.115
2021-08-10|62.295|62.655|61.985|62.305
2021-08-11|62.825|62.836|62.3|62.76
2021-08-12|62.7|63.41|62.315|63.315
2021-08-13|63.525|63.695|63.33|63.665
2021-08-16|63.12|64.185|62.385|64.14
2021-08-17|62.955|63.2795|61.505|62.9
2021-08-18|62.415|63.115|60.705|60.835
2021-08-19|59.555|61.61|59.53|61.05
2021-08-20|61.245|62.69|61.025|62.575
2021-08-23|63.29|64.6025|63.29|64.175
2021-08-24|64.515|64.73|64.255|64.495
2021-08-25|64.585|65.125|64.405|64.87
2021-08-26|64.75|64.86|63.6931|63.755
2021-08-27|64.105|65.615|64.08|65.395
2021-08-30|65.765|66.67|65.65|66.265
2021-08-31|66.265|66.4245|65.735|66.065
2021-09-01|66.445|66.69|66.01|66.175
2021-09-02|66.79|67.105|66.16|66.725
2021-09-03|66.255|66.905|65.99|66.645
2021-09-07|66.495|66.535|65.625|65.96
2021-09-08|65.68|66.0295|64.795|65.72
2021-09-09|65.58|66.415|64.735|64.83
2021-09-10|65.745|65.93|63.255|63.325
2021-09-13|64.66|64.785|62.735|63.755
2021-09-14|64.42|64.5195|62.3375|62.765
2021-09-15|62.925|64.54|62.43|64.34
2021-09-16|64.065|64.51|62.65|63.98
2021-09-17|63.605|63.835|61.965|62.16
2021-09-20|59.365|60.0841|56.83|59.06
2021-09-21|60.035|60.58|58.62|58.89
2021-09-22|59.845|61.455|59.415|60.555
2021-09-23|61.37|63.47|61.28|62.76
2021-09-24|62.02|63.377|61.92|63.075
2021-09-27|62.58|63.105|62.185|62.535
2021-09-28|61.23|61.39|58.395|58.76
2021-09-29|59.3|60.055|58.765|58.995
2021-09-30|59.625|59.935|56.755|56.855
2021-10-01|57.57|59.5706|56.09|58.88
2021-10-04|58.36|58.732|55.65|56.58
2021-10-05|57.21|59.27|56.87|58.3
2021-10-06|56.775|59.14|56.075|59.06
2021-10-07|60.48|61.805|60.39|60.56
2021-10-08|60.935|61.08|59.965|60.21
2021-10-11|59.95|61.225|58.905|58.93
2021-10-12|59.335|59.5|58.16|58.52
2021-10-13|58.92|59.485|57.655|59.1
2021-10-14|60.72|62.16|60.51|62.08
2021-10-15|63.075|63.675|62.7601|63.51
2021-10-18|62.675|64.22|62.39|64.105
2021-10-19|64.805|65.58|64.535|65.565
2021-10-20|65.755|66.465|65.71|66.3
2021-10-21|66.03|66.93|65.835|66.835
2021-10-22|66.63|67.305|65.7|66.61
2021-10-25|67.115|67.835|66.2951|67.62
2021-10-26|68.405|68.99|67.7|67.88
2021-10-27|68.08|68.38|66.94|66.955
2021-10-28|67.635|68.92|67.63|68.865
2021-10-29|67.775|69.44|67.66|69.305
2021-11-01|69.785|69.9698|68.84|69.68
2021-11-02|69.73|70.65|69.68|70.5
2021-11-03|70.225|72|70.02|71.815
2021-11-04|72.09|72.855|71.92|72.78
2021-11-05|73.925|74.5674|72.825|73.57
2021-11-08|74.13|74.365|73.41|73.775
2021-11-09|73.95|74.05|72.3005|73.015
2021-11-10|72.17|73.005|70.5|71.27
2021-11-11|71.96|72|71.3075|71.35
2021-11-12|71.94|73.195|71.47|72.935
2021-11-15|73.575|73.635|72.43|72.965
2021-11-16|72.86|74.42|72.83|73.84
2021-11-17|73.72|73.81|72.985|73.28
2021-11-18|73.815|74.185|72.465|74.015
2021-11-19|73.975|74.615|73.475|73.66
2021-11-22|74.55|75.845|72.925|73.005
2021-11-23|72.83|73.725|71.5501|73.35
2021-11-24|72.32|73.94|71.885|73.845
2021-11-26|70.52|71.25|68.37|69.035
2021-11-29|71.215|72.3346|70.1607|71.48
2021-11-30|70.245|71.165|67.155|67.425
2021-12-01|69.95|71.315|64.92|65.04
2021-12-02|65.11|68.715|64.935|67.975
2021-12-03|68.805|69.2895|64.225|66.185
2021-12-06|67.4|69.4431|66.275|68.55
2021-12-07|71.115|73.1|71.07|72.795
2021-12-08|73.04|73.63|72.1513|73.435
2021-12-09|72.755|73.205|71.82|71.92
2021-12-10|73.24|74.0101|71.975|73.995
2021-12-13|73.695|73.84|71.84|72.02
2021-12-14|70.32|71.57|69.03|70.51
2021-12-15|70.495|73.895|69.2925|73.77
2021-12-16|74.7|74.8244|71.02|71.795
2021-12-17|70.27|71.755|68.67|69.54
2021-12-20|67.05|67.4796|65.5407|67.31
2021-12-21|68.905|70.935|67.87|70.875
2021-12-22|70.72|73.03|70.64|72.99
2021-12-23|73.42|75.03|73.38|74.295
2021-12-27|74.985|77.465|74.96|77.425
2021-12-28|77.675|78.19|76.855|77.285
2021-12-29|77.305|78.065|76.785|77.565
2021-12-30|77.705|78.2651|76.66|76.9
2021-12-31|76.61|77.22|76.16|76.28
2022-01-03|76.96|77.67|75.76|77.615
2022-01-04|78.355|78.715|76.58|77.55
2022-01-05|77.355|77.73|73.02|73.045
2022-01-06|72.855|74.185|71.67|72.845
2022-01-07|72.815|73.425|71.3|72.02
2022-01-10|70.375|71.81|67.57|71.695
2022-01-11|71.565|73.69|70.09|73.665
2022-01-12|74.52|75.265|73.27|74.315
2022-01-13|74.8|75.1|70.66|71.17
2022-01-14|69.58|71.4|69.03|71.23
2022-01-18|68.93|69.04|66.92|67.46
2022-01-19|68.15|68.81|65.21|65.37
2022-01-20|66.19|68.36|62.95|63.19
2022-01-21|62.68|63.7|59.43|59.47
2022-01-24|56.98|60.4012|52.415|60.21
2022-01-25|57.4|60.135|55|57.97
2022-01-26|60.43|61.79|55.74|57.6
2022-01-27|59.49|60.8|55.97|56.71
2022-01-28|57.26|60.9|55.33|60.89
2022-01-31|60.57|64.33|60|64.16
2022-02-01|64.54|65.77|62.91|65.57
2022-02-02|66.55|67.7101|65.52|67.38
2022-02-03|64.52|65.43|62.22|62.64
2022-02-04|62.53|65.19|61.45|63.51
2022-02-07|63.83|64.45|62.27|62.86
2022-02-08|62.61|64.825|62.01|64.37
2022-02-09|66.27|67.34|66.151|67.2
2022-02-10|64.51|67.31|62.68|63.64
2022-02-11|63.64|64.57|59.2|59.85
2022-02-14|59.59|60.29|57.74|59.26
2022-02-15|61.17|62.17|60.93|62.07
2022-02-16|61.21|62.919|60.35|62.31
2022-02-17|60.9|61.1199|58.04|58.36
2022-02-18|58.45|58.95|56.21|57.19
2022-02-22|56.245|57.66|53.85|55.37
2022-02-23|56.49|56.74|52.14|52.29
2022-02-24|48.24|54.89|48.135|54.72
2022-02-25|55.21|58.3794|54.575|58.29
2022-02-28|56.04|58.51|55.52|57.84
2022-03-01|57.32|58.11|54.11|55.28
2022-03-02|56.18|58.93|55.855|58.28
2022-03-03|59.29|59.56|56.665|57.43
2022-03-04|55.85|56.47|54.291|56.04
2022-03-07|55.76|55.86|51.02|51.06
2022-03-08|51.12|53.87|49.45|49.85
2022-03-09|53.11|54.63|52.24|53.9
2022-03-10|52|53.51|51.24|53.13
2022-03-11|54.13|54.37|50.92|51.14
2022-03-14|51.43|52.74|49.54|50
2022-03-15|50.98|53.53|50.48|53.3
2022-03-16|54.63|56.85|52.75|56.78
2022-03-17|55.99|58.98|55.88|58.91
2022-03-18|58.3|61.02|57.98|60.85
2022-03-21|60.82|61.69|59.3197|60.85
2022-03-22|61.46|63.37|61.46|62.93
2022-03-23|61.81|62.46|60.48|60.5
2022-03-24|61.34|63.21|60.9|63.18
2022-03-25|63.52|64.28|62.37|64.13
2022-03-28|63.86|65.51|63.03|65.49
2022-03-29|67.26|68.16|66.07|67.97
2022-03-30|67.43|67.775|65.69|66.72
2022-03-31|66.37|66.695|63.55|63.63
2022-04-01|64.31|64.36|62.54|64.08
2022-04-04|64.19|65.79|63.84|65.77
2022-04-05|65.13|66.21|62.75|63.33
2022-04-06|61.55|62.39|60.08|61.4
2022-04-07|60.99|63.1|60.13|62.3
2022-04-08|61.96|63.06|61.11|61.86
2022-04-11|60.35|60.71|58.4|58.63
2022-04-12|59.86|60.93|57.31|57.95
2022-04-13|57.83|60.23|57.77|59.93
2022-04-14|60.05|60.51|57.65|57.73
2022-04-18|57.26|58.45|56.83|57.75
2022-04-19|57.7|60.85|57.64|60.52
2022-04-20|61.31|61.575|59.91|60.38
2022-04-21|61.96|62.62|57.31|57.69
2022-04-22|57.23|57.345|52.71|52.99
2022-04-25|52.04|53.9|50.24|53.84
2022-04-26|52.81|52.91|49.15|49.19
2022-04-27|49.59|51.5862|48.78|49.55
2022-04-28|51.37|53.9701|49.69|53.3
2022-04-29|51.73|52.6|47.13|47.46
2022-05-02|47.42|48.76|45.015|48.29
2022-05-03|48.44|49.81|47.87|48.94
2022-05-04|49.18|53.59|47.98|53.38
2022-05-05|51.71|51.74|46.08|47.74
2022-05-06|46.77|48.04|44.8901|46.87
2022-05-09|44.69|45.13|41.78|42.37
2022-05-10|44.36|44.84|41.26|42.6
2022-05-11|42.25|44.19|40.3299|40.58
2022-05-12|39.52|41.4914|38.21|40.44
2022-05-13|41.79|43.775|41.44|43.33
2022-05-16|42.76|44.05|41.98|42.83
2022-05-17|44.9|45.51|43.59|45.39
2022-05-18|43.82|43.9162|39.51|39.98
2022-05-19|38.91|40.6|38.47|39.16
2022-05-20|40.33|40.49|36.48|39.23
2022-05-23|40.2|41.67|39.45|41.45
2022-05-24|40.05|40.8686|38.3|40.5
2022-05-25|39.97|42.185|39.87|41.59
2022-05-26|41.94|44.56|41.88|44.03
2022-05-27|44.86|47.3|44.81|47.28
2022-05-31|46.65|47.66|45.47|46.45
2022-06-01|47.21|47.56|44.42|45.35
2022-06-02|45.28|47.915|44.46|47.88
2022-06-03|46.17|46.7386|45.185|45.55
2022-06-06|46.94|47.55|45.54|45.92
2022-06-07|44.7|47.42|44.54|47.24
2022-06-08|46.63|47.275|45.42|45.73
2022-06-09|45.08|45.855|42.43|42.44
2022-06-10|40.34|40.6189|38.6905|38.73
2022-06-13|35.76|36.32|33.79|34.3
2022-06-14|34.8|35.08|33.0701|33.96
2022-06-15|34.9|36.7|33.49|35.39
2022-06-16|32.97|33.08|31.16|32
2022-06-17|32|33|31.12|32.07
2022-06-21|33.66|34.88|33.64|34.5
2022-06-22|33.26|35.5|33.15|34.29
2022-06-23|34.9|35.51|33.88|35.29
2022-06-24|36.24|38.65|36.2201|38.64
2022-06-27|38.96|39.032|37.87|38.26
2022-06-28|38.67|39.55|35.82|35.91
2022-06-29|36.01|36.3295|35.23|35.78
2022-06-30|34.62|35.84|33.56|34.87
2022-07-01|34.69|36.1|33.93|35.95
2022-07-05|34.46|36.19|33.61|36.16
2022-07-06|36.21|37.275|35.5|36.54
2022-07-07|37.07|38.395|37.06|38.15
2022-07-08|37.63|38.645|37.18|38.08
2022-07-11|37.24|37.5291|36.54|36.76
2022-07-12|36.59|37.29|35.2499|35.78
2022-07-13|34.16|36.07|34.03|35.21
2022-07-14|33.72|35.1|33|34.93
2022-07-15|36.21|36.95|35.66|36.94
2022-07-18|37.84|38.0565|35.63|36.01
2022-07-19|37.17|39.07|36.97|38.89
2022-07-20|38.94|40.0907|38.54|39.62
2022-07-21|39.43|40.85|38.682|40.83
2022-07-22|40.87|41.25|38.98|39.74
2022-07-25|39.89|40.1|39.13|39.84
2022-07-26|39.32|39.365|38.13|38.4
2022-07-27|39.42|41.93|39.3445|41.39
2022-07-28|41.65|43.16|40.49|42.94
2022-07-29|43.45|45.15|43.17|44.85
2022-08-01|43.88|45.2676|43.65|44.4
2022-08-02|43.86|45.12|43.12|43.54
2022-08-03|44.24|45.95|44.14|45.52
2022-08-04|45.51|45.74|44.86|45.44
2022-08-05|43.95|45.42|43.93|45.18
2022-08-08|45.77|46.55|44.655|45.05
2022-08-09|44.8|44.93|44.11|44.47
2022-08-10|46.89|47.33|46.235|47.25
2022-08-11|48.25|48.9201|47|47.26
2022-08-12|47.94|49.67|47.6|49.63
2022-08-15|48.8|50.43|48.8|50.24
2022-08-16|49.85|51.2499|49.54|50.53
2022-08-17|49.19|50.45|48.7|49.44
2022-08-18|49.48|50.095|49.01|49.84
2022-08-19|48.83|48.9199|47.5|47.85
2022-08-22|46.07|46.13|44.4926|44.83
2022-08-23|44.64|45.485|44.3|44.49
2022-08-24|44.39|45.37|44.17|44.87
2022-08-25|45.38|46.795|45.025|46.78
2022-08-26|46.74|46.92|42|42
2022-08-29|41.02|42.165|40.725|41.18
2022-08-30|41.54|41.61|39.13|39.8
2022-08-31|40.31|40.7|38.84|38.87
2022-09-01|38.16|39.32|37.33|39.21
2022-09-02|40.38|40.7474|37.39|37.98
2022-09-06|38.22|38.5002|36.85|37.53
2022-09-07|37.43|39.77|37.38|39.54
2022-09-08|38.77|40.43|38.43|40.29
2022-09-09|41.03|42.44|40.9216|42.16
2022-09-12|42.85|43.76|42.75|43.51
2022-09-13|40.58|41.0021|37.465|37.86
2022-09-14|38.23|38.71|37.25|38.24
2022-09-15|37.72|38.62|36.535|36.95
2022-09-16|35.65|36.265|35.09|36.1
2022-09-19|35.14|36.895|35.115|36.89
2022-09-20|35.91|36.185|34.8|35.66
2022-09-21|36.19|37.07|33.76|33.76
2022-09-22|33.5|33.8|32.665|32.89
2022-09-23|31.9|31.9297|30|31.2
2022-09-26|30.83|31.78|29.95|30.28
2022-09-27|31.22|31.79|29.42|30.06
2022-09-28|30.3|32.2499|29.84|31.78
2022-09-29|30.83|30.9099|29|29.78
2022-09-30|29.57|30.545|28.385|28.41
2022-10-03|29.33|31.11|28.88|30.65
2022-10-04|32.08|33.48|32.07|33.47
2022-10-05|32.26|33.87|31.6|33.21
2022-10-06|32.8|33.64|32.03|32.18
2022-10-07|31.07|31.1599|29|29.49
2022-10-10|29.75|29.82|28.22|28.84
2022-10-11|28.38|29.51|27.75|28.23
2022-10-12|28.33|28.7275|27.9|27.97
2022-10-13|26.2|30.5|25.94|30.14
2022-10-14|30.79|31.19|27.92|28.08
2022-10-17|29.59|30.5|29.56|30.21
2022-10-18|32.3|32.35|30.3999|31.11
2022-10-19|30.72|31.455|29.86|30.63
2022-10-20|30.47|31.61|29.61|29.82
2022-10-21|29.72|32.1|29.35|31.97
2022-10-24|32.4|33.4494|31.67|33.13
2022-10-25|33.12|34.8141|33.09|34.73
2022-10-26|33.83|35.44|33.755|33.96
2022-10-27|34.22|34.7|33.19|33.37
2022-10-28|33.32|35.8796|33.28|35.71
2022-10-31|35|35.55|34.68|34.96
2022-11-01|36|36.0777|34.14|34.5
2022-11-02|34.32|35.59|31.85|31.88
2022-11-03|30.97|31.665|30.29|30.84
2022-11-04|32.33|32.815|30.6|32.18
2022-11-07|32.52|33.25|31.9704|33.11
2022-11-08|33.39|34.44|32.5|33.61
2022-11-09|33|33.35|31.38|31.51
2022-11-10|34.98|36.795|34.41|36.69
2022-11-11|36.97|38|36.41|37.78
2022-11-14|37.24|38.23|36.72|36.82
2022-11-15|38.47|38.7982|36.61|37.75
2022-11-16|37.23|37.5|36.66|36.87
2022-11-17|35.41|36.6621|35.3226|36.47
2022-11-18|37.45|37.45|36.13|36.96
2022-11-21|36.56|36.89|36|36.54
2022-11-22|37.09|38.05|36.68|38.01
2022-11-23|37.86|38.84|37.81|38.68
2022-11-25|38.52|38.8299|38.43|38.64
2022-11-28|37.7|38.21|36.57|36.82
2022-11-29|36.83|37.16|36.05|36.58
2022-11-30|36.66|40|36.09|39.99
2022-12-01|40.37|40.71|39.15|39.93
2022-12-02|38.39|40.05|38.371|39.76
2022-12-05|38.9|39.2|37.21|37.59
2022-12-06|37.54|37.7|35.34|35.98
2022-12-07|35.69|36.4593|35.45|35.78
2022-12-08|36.27|36.89|35.83|36.6
2022-12-09|36.229|36.9675|35.73|35.76
2022-12-12|35.99|37.3|35.79|37.3
2022-12-13|40.46|40.49|37.33|38.11
2022-12-14|38.02|39.17|36.51|37.41
2022-12-15|35.94|36.19|34.115|34.63
2022-12-16|33.9|34.255|32.77|33.37
2022-12-19|33.4|33.5042|32.07|32.52
2022-12-20|32.3|33.07|31.955|32.62
2022-12-21|33.34|34.4|33.18|34.09
2022-12-22|33.07|33.15|30.89|32.49
2022-12-23|32.18|33.04|31.765|32.98
2022-12-27|32.98|33.06|32.15|32.61
2022-12-28|32.59|33.1|31.33|31.39
2022-12-29|32.08|33.25|31.94|32.99
2022-12-30|32.3|32.79|31.73|32.77
2023-01-03|33.27|33.77|31.56|32.34
2023-01-04|32.91|33.61|32.1199|33.05
2023-01-05|32.52|32.54|31.754|31.91
2023-01-06|32.71|34.38|31.9101|34.07
2023-01-09|34.67|35.55|33.96|34.03
2023-01-10|33.85|34.735|33.59|34.72
2023-01-11|35.18|36.0499|34.93|36.01
2023-01-12|36.3|36.78|35.14|36.38
2023-01-13|35.46|36.95|35.38|36.79
2023-01-17|36.81|37.26|36.38|36.59
2023-01-18|36.92|37.21|34.78|34.86
2023-01-19|34.235|34.6885|33.67|34.05
2023-01-20|34.41|35.97|33.97|35.9
2023-01-23|36.15|37.7601|35.88|37.21
2023-01-24|36.74|37.3477|36.37|37.08
2023-01-25|35.88|37.2|35.23|37.12
2023-01-26|37.85|38.34|36.99|38.27
2023-01-27|37.99|39.2572|37.92|38.55
2023-01-30|37.72|38.38|37.01|37.11
2023-01-31|37.22|38.71|37.13|38.71
2023-02-01|38.34|40.7501|37.52|39.91
2023-02-02|41.1|42.085|40.5|41.63
2023-02-03|40.08|41.69|39.92|40.3
2023-02-06|39.55|39.98|39.04|39.59
2023-02-07|39.26|41.46|38.88|41.1
2023-02-08|40.49|40.89|39.52|39.75
2023-02-09|40.8|40.82|38.29|38.68
2023-02-10|38.29|39.03|38.06|38.89
2023-02-13|39.12|40.3|38.96|40.25
2023-02-14|39.81|40.905|38.98|40.19
2023-02-15|39.52|40.61|39.27|40.56
2023-02-16|39.01|40.205|38.82|38.86
2023-02-17|38.2|38.61|37.6294|38.54
2023-02-21|37.35|37.6307|36.12|36.23
2023-02-22|36.33|36.75|35.63|36.07
2023-02-23|36.85|37|35.39|36.57
2023-02-24|35.12|35.63|34.65|35.39
2023-02-27|36.34|36.7|35.49|35.73
2023-02-28|35.61|36.1501|35.31|35.33
2023-03-01|35.1|35.44|34.55|34.92
2023-03-02|34.32|35.93|34.25|35.68
2023-03-03|36.21|37.48|36.0201|37.37
2023-03-06|37.65|38.305|37.35|37.48
2023-03-07|37.44|37.529|35.56|35.75
2023-03-08|35.77|36.11|35.2705|35.91
2023-03-09|36.08|36.558|33.6|33.89
2023-03-10|33.71|34.2799|31.9805|32.42
2023-03-13|31.369|33.52|31.08|32.2
2023-03-14|33.54|34.265|32.65|33.84
2023-03-15|32.28|33.24|31.75|33.2
2023-03-16|32.54|34.97|32.387|34.89
2023-03-17|34.53|34.84|33.29|33.71
2023-03-20|33.85|34.74|33.68|34.63
2023-03-21|35.54|36.12|35.11|35.96
2023-03-22|35.86|36.8501|34.04|34.08
2023-03-23|34.81|35.9|33.57|34.3
2023-03-24|33.96|35|33.3|34.97
2023-03-27|35.6|35.79|34.905|35.14
2023-03-28|34.96|35.14|34.4|34.91
2023-03-29|36.03|36.48|35.7125|36.4
2023-03-30|37.15|37.1899|36.48|37.02
2023-03-31|37.28|38.645|37.25|38.57
2023-04-03|38.41|39.1089|38.28|38.97
2023-04-04|39.19|39.25|37.93|38.34
2023-04-05|38.06|38.27|37.495|37.99
2023-04-06|37.74|38.49|37.432|38.41
2023-04-10|37.66|38.54|37.4843|38.52
2023-04-11|38.67|38.94|38.32|38.52
2023-04-12|39.14|39.2099|37.88|38.08
2023-04-13|38.35|39.63|38.1999|39.51
2023-04-14|39.32|39.99|38.54|39.24
2023-04-17|39.21|39.645|38.82|39.63
2023-04-18|40.1|40.13|39.28|39.71
2023-04-19|39.13|39.93|39.11|39.67
2023-04-20|38.78|39.5|38.52|38.97
2023-04-21|39.05|39.1901|38.48|39.06
2023-04-24|39|39.29|38.59|39.18
2023-04-25|38.59|38.73|37.28|37.29
2023-04-26|37.48|37.76|36.64|36.81
2023-04-27|37.49|39.04|37.42|38.94
2023-04-28|38.71|39.96|38.68|39.96
2023-05-01|39.81|40.42|39.74|39.82
2023-05-02|39.6|39.6|37.585|38.48
2023-05-03|38.59|39.29|37.58|37.66
2023-05-04|37.29|37.39|36.425|36.83
2023-05-05|37.85|39.14|37.77|38.82
2023-05-08|38.91|38.995|38.455|38.87
2023-05-09|38.38|38.665|38.26|38.34
2023-05-10|39.17|39.336|37.75|38.86
2023-05-11|38.58|38.7|38.01|38.63
2023-05-12|38.98|39.035|37.74|38.48
2023-05-15|38.64|38.955|38.07|38.83
2023-05-16|38.51|38.77|38.05|38.05
2023-05-17|38.62|39.595|38.14|39.4
2023-05-18|39.31|40.65|39.23|40.54
2023-05-19|40.78|40.94|39.97|40.34
2023-05-22|40.34|40.83|39.96|40.34
2023-05-23|39.88|40.16|38.8772|39.01
2023-05-24|38.51|38.61|37.79|38.14
2023-05-25|39.09|39.49|38.45|39.04
2023-05-26|39.24|40.79|39.24|40.58
2023-05-30|41.14|41.305|40.19|40.6
2023-05-31|40.04|40.3258|39.45|39.9
2023-06-01|39.95|41.33|39.57|41.01
2023-06-02|41.8|43.0299|41.63|42.79
2023-06-05|42.89|43.27|42.3|42.5
2023-06-06|42.39|42.96|42.1839|42.78
2023-06-07|42.92|43.255|42.2|42.34
2023-06-08|42.32|43.19|42.075|43.07
2023-06-09|43.31|43.9029|42.97|43.26
2023-06-12|43.57|44.46|43.34|44.43
2023-06-13|44.92|45.52|44.69|45.32
2023-06-14|45.41|46.0401|44.34|45.44
2023-06-15|45.16|47.49|45.1|47.08
2023-06-16|47.75|47.78|46.445|46.62
2023-06-20|45.93|46.2293|45.17|45.89
2023-06-21|45.38|45.625|44.8|45
2023-06-22|44.66|45.46|44.52|45.43
2023-06-23|44.3|44.965|44.16|44.41
2023-06-26|44.21|44.7999|43.75|43.84
2023-06-27|44.11|45.4499|43.95|45.23
2023-06-28|44.87|45.63|44.69|45.3
2023-06-29|45.15|45.85|45|45.79
2023-06-30|46.8|47.7|46.71|47.38
2023-07-03|47.27|47.62|47.155|47.59
2023-07-05|46.91|47.5444|46.9|47.31
2023-07-06|46.05|46.28|45.3|46.17
2023-07-07|45.79|47.064|45.7015|45.77
2023-07-10|45.63|46.17|45.455|46.11
2023-07-11|46.34|47.13|46.03|47
2023-07-12|48.23|48.56|47.74|48.07
2023-07-13|48.67|49.4561|48.52|49.18
2023-07-14|49.48|49.765|48.82|49.06
2023-07-17|48.98|49.925|48.98|49.56
2023-07-18|49.44|50.89|49.295|50.67
2023-07-19|50.92|51.3899|50.7|50.96
2023-07-20|50.57|50.9|49.675|49.93
2023-07-21|50.51|50.56|49.89|49.91
2023-07-24|50.28|50.82|50.0796|50.56
2023-07-25|50.41|51.37|50.41|50.95
2023-07-26|50.61|51.44|50.23|50.93
2023-07-27|52.07|52.2214|49.58|49.9
2023-07-28|50.97|51.62|50.73|51.33
2023-07-31|51.5|51.7395|51.03|51.62
2023-08-01|51.08|51.4|50.8199|51.13
2023-08-02|50.03|50.13|48.73|49.01
2023-08-03|48.25|49.15|48.04|48.53
2023-08-04|49.1|49.82|47.67|47.85
2023-08-07|48.43|49.1258|48.2|49.06
2023-08-08|48.18|48.57|47.29|48.4
2023-08-09|48.51|48.54|47.18|47.43
2023-08-10|48.17|49.28|47.045|47.42
2023-08-11|46.79|47.66|46.593|47.33
2023-08-14|47.02|48.09|46.91|48.06
2023-08-15|47.46|47.6|46.2101|46.44
2023-08-16|46.25|46.7899|45.33|45.34
2023-08-17|45.76|45.87|44.11|44.28
2023-08-18|43.36|44.64|43.26|44.3
2023-08-21|44.6|45.4|43.94|45.18
2023-08-22|45.72|45.73|44.605|44.79
2023-08-23|45.11|46.46|45.0681|46.22
2023-08-24|46.749|46.9|44.28|44.31
2023-08-25|44.81|45.62|43.7|45.22
2023-08-28|45.89|46.25|45.475|46.05
2023-08-29|46.01|48.12|45.96|48.02
2023-08-30|48.17|48.83|47.88|48.63
2023-08-31|48.78|49.145|48.28|48.33
2023-09-01|49.26|49.39|48.12|48.57
2023-09-05|48.46|48.525|47.92|47.96
2023-09-06|47.64|47.6842|46.18|46.96
2023-09-07|45.92|46.68|45.815|46.48
2023-09-08|46.49|47.165|46.355|46.64
2023-09-11|47.5|47.67|46.945|47.57
2023-09-12|47.06|47.58|46.58|46.75
2023-09-13|46.81|47.28|46.46|46.93
2023-09-14|47.7|48.3037|47.245|48.08
2023-09-15|47.55|47.64|46.19|46.32
2023-09-18|46.19|46.805|46.06|46.39
2023-09-19|46.07|46.265|45.21|46.1
2023-09-20|46.42|46.55|44.67|44.73
2023-09-21|43.79|43.88|42.43|42.5
2023-09-22|42.77|43.26|42.06|42.15
2023-09-25|41.79|42.7|41.66|42.7
2023-09-26|41.74|41.951|40.54|40.77
2023-09-27|41.15|41.29|39.741|40.84
2023-09-28|40.61|41.99|40.4499|41.5
2023-09-29|42.4|42.44|40.72|41.17
2023-10-02|40.91|41.4803|40.3|41.13
2023-10-03|40.43|40.9|39.0301|39.45
2023-10-04|39.5599|40.5|39.14|40.29
2023-10-05|40.16|40.43|39.243|40.19
2023-10-06|39.47|42.055|39.065|41.6
2023-10-09|41.04|42.5755|40.88|42.37
2023-10-10|42.6|43.8301|42.45|43.02
2023-10-11|43.37|43.635|42.63|43.57
2023-10-12|43.72|43.8192|42|42.74
2023-10-13|43.15|43.525|41.58|42.09
2023-10-16|42.72|43.695|42.66|43.39
2023-10-17|42.38|43.99|42.3|43.35
2023-10-18|42.8|43.08|41.2721|41.63
2023-10-19|41.76|42.31|40.26|40.49
2023-10-20|40.29|40.47|38.93|38.94
2023-10-23|38.47|39.84|38.008|38.75
2023-10-24|39.32|39.925|38.79|39.61
2023-10-25|39.1|39.11|37.73|37.89
2023-10-26|37.53|37.77|36.22|36.49
2023-10-27|36.9|37|35.573|35.97
2023-10-30|36.7|37.525|36.355|37.25
2023-10-31|37.38|38.01|36.8699|37.92
2023-11-01|38.17|39.35|38.035|39.13
2023-11-02|40.2|41.38|40.18|41.33
2023-11-03|42.03|42.9185|41.98|42.44
2023-11-06|42.67|42.875|42.15|42.71
2023-11-07|42.71|43.28|42.37|43.07
2023-11-08|43.25|43.42|42.47|43.17
2023-11-09|43.46|43.49|41.99|42.1
2023-11-10|42.72|44.16|42.27|44.06
2023-11-13|43.65|44.26|43.4|43.92
2023-11-14|45.77|46.87|45.68|46.45
2023-11-15|46.88|47.275|46.48|46.75
2023-11-16|46.55|46.97|46.22|46.87
2023-11-17|46.89|47.23|46.56|47.05
2023-11-20|46.96|48.38|46.94|48.09
2023-11-21|47.71|47.87|47.34|47.73
2023-11-22|48.25|48.69|47.91|48.28
2023-11-24|48.24|48.39|48.15|48.32
2023-11-27|48.09|48.375|47.93|48.07
2023-11-28|47.91|48.6|47.725|48.18
2023-11-29|48.88|49.2373|47.9328|48.04
2023-11-30|48.29|48.69|47.61|48.58
2023-12-01|48.37|49.5991|48.175|49.4
2023-12-04|48.2783|48.72|47.875|48.65
2023-12-05|48.13|48.9|48.04|48.59
2023-12-06|49.27|49.3|47.84|47.98
2023-12-07|48.62|49.23|48.415|49.02
2023-12-08|48.76|49.815|48.69|49.65
2023-12-11|49.46|50.2691|49.39|50.22
2023-12-12|50.08|50.91|49.73|50.89
2023-12-13|51|53.06|50.86|52.95
2023-12-14|53.61|54.01|52.5|53.42
2023-12-15|53.19|53.58|52.85|53.18
2023-12-18|53.68|54.36|53.64|54.03
2023-12-19|54.21|55.01|54.19|54.97
2023-12-20|54.54|55.215|52.4297|52.49
2023-12-21|53.54|54.0899|52.69|53.99
2023-12-22|54.37|54.9|53.64|54.29
2023-12-26|54.42|55.275|54.4|54.93
2023-12-27|54.88|55.29|54.69|55.23
2023-12-28|55.29|55.52|55.095|55.22
2023-12-29|55.13|55.32|54.0499|54.74
2024-01-02|53.63|54.13|53.04|53.75
2024-01-03|53.01|53.27|52.2455|52.45
2024-01-04|52.23|53.12|51.8102|51.9
2024-01-05|51.92|52.91|51.59|52.1
2024-01-08|52.23|54.34|52.2|54.27