2018-08-01|176.87|177.65|176.13|177.12
2018-08-02|175.87|179.74|175.79|179.53
2018-08-03|179.8|180.09|179.08|180.08
2018-08-06|179.97|181.19|179.74|181.14
2018-08-07|181.63|182.14|181.26|181.8
2018-08-08|181.55|182.35|181.06|182.02
2018-08-09|181.94|182.63|181.64|181.91
2018-08-10|180.68|181.22|179.84|180.52
2018-08-13|180.85|182.01|180.241|180.32
2018-08-14|181.01|181.66|180.04|181.45
2018-08-15|180.09|180.58|178.12|179.23
2018-08-16|180.57|180.99|179.47|179.82
2018-08-17|179.36|180.31|178.2679|179.86
2018-08-20|180.28|180.3251|179|179.7
2018-08-21|180.26|181.44|180.13|180.36
2018-08-22|179.96|181.27|179.75|181.06
2018-08-23|180.77|182.045|180.5|180.8
2018-08-24|181.4|182.63|181.36|182.48
2018-08-27|183.43|184.34|183.11|184.34
2018-08-28|184.8|185.02|184.22|184.61
2018-08-29|184.91|186.84|184.86|186.74
2018-08-30|186.41|187.5199|185.79|186.41
2018-08-31|186.18|187.18|185.98|186.65
2018-09-04|186.1|186.4|184.85|185.85
2018-09-05|185.55|185.55|182.82|183.45
2018-09-06|183.54|183.75|180.58|181.81
2018-09-07|180.53|182.67|180.44|181.11
2018-09-10|182.12|182.25|180.725|181.72
2018-09-11|180.97|183.42|180.52|183.12
2018-09-12|182.87|182.98|181.01|182.58
2018-09-13|183.67|184.88|183.6401|184.53
2018-09-14|184.66|184.945|183.26|183.99
2018-09-17|183.66|183.81|181.17|181.34
2018-09-18|181.52|183.73|181.4|182.84
2018-09-19|182.86|183.3|181.51|182.7
2018-09-20|183.95|184.97|183.5199|184.72
2018-09-21|185.27|185.48|183.48|183.71
2018-09-24|182.05|183.96|181.3|183.89
2018-09-25|183.78|184.28|183.18|184.14
2018-09-26|184.25|185.99|183.905|184.27
2018-09-27|185.04|186.49|184.92|185.83
2018-09-28|185.25|186.28|184.97|185.79
2018-10-01|186.82|187.53|185.7|186.17
2018-10-02|185.95|187.175|185.32|185.75
2018-10-03|186.52|186.97|185.66|185.95
2018-10-04|185.22|185.32|181.06|182.38
2018-10-05|182.39|182.97|178.43|180.15
2018-10-08|179.37|180.6427|176.93|179.05
2018-10-09|179.2|181.02|178.75|179.63
2018-10-10|178.53|178.62|171.5|171.73
2018-10-11|171.04|173.4|167.81|169.6
2018-10-12|173.99|174.86|170.9328|174.32
2018-10-15|173.69|174.04|171.56|172.21
2018-10-16|174.02|177.65|173.7|177.22
2018-10-17|178.14|178.2585|175.47|177.29
2018-10-18|176.6|176.68|172.44|173.18
2018-10-19|174.39|176.07|172.39|173.02
2018-10-22|174.06|175.2485|172.59|173.91
2018-10-23|170.79|174.13|168.82|173.27
2018-10-24|173.12|173.36|165.04|165.34
2018-10-25|167.99|172.08|167.16|171.06
2018-10-26|165.24|169.96|164.23|166.66
2018-10-29|169.16|169.86|160.09|163.23
2018-10-30|162.8|166.035|162.015|165.92
2018-10-31|168.55|171.25|168.54|169.82
2018-11-01|170.08|172.24|168.78|172.06
2018-11-02|171.53|172.55|168.22|169.38
2018-11-05|169.61|169.66|167.08|168.96
2018-11-06|168.93|171.19|168.72|170.24
2018-11-07|172.25|175.58|171.87|175.58
2018-11-08|174.76|175.302|173.63|174.46
2018-11-09|172.83|173.25|170.16|171.52
2018-11-12|170.33|170.64|166.18|166.33
2018-11-13|167.15|169.48|166|166.47
2018-11-14|168.09|168.7|164.25|165.2
2018-11-15|164.84|168.54|163.46|168.09
2018-11-16|166.49|168.31|165.78|167.5
2018-11-19|166.74|166.9|161.54|162.06
2018-11-20|158.37|161.38|157.13|159.16
2018-11-21|161.29|161.97|160.11|160.37
2018-11-23|159.09|160.84|159.09|159.21
2018-11-26|161.44|162.97|160.76|162.89
2018-11-27|162|163.85|161.18|163.44
2018-11-28|164.62|168.7|163.71|168.7
2018-11-29|168|169.26|166.82|168.15
2018-11-30|168.38|169.47|167.54|169.37
2018-12-03|173.1|173.31|171.04|172.33
2018-12-04|171.38|171.91|165.52|165.72
2018-12-06|162.46|166.91|161.77|166.89
2018-12-07|166.13|167.12|160.86|161.38
2018-12-10|161.11|163.78|159.41|163.07
2018-12-11|165.66|165.77|162.23|163.61
2018-12-12|166.06|167.6|164.96|165.05
2018-12-13|166.06|166.82|164.03|165.1
2018-12-14|163.19|163.81|160.7|161.08
2018-12-17|160.41|161.67|156.17|157.43
2018-12-18|158.67|159.95|157.04|158.42
2018-12-19|158.24|160.72|153.34|154.53
2018-12-20|154.16|155.87|150.39|152.29
2018-12-21|153.06|154.09|146.72|147.57
2018-12-24|146.14|147.98|143.46|143.5
2018-12-26|145.12|152.54|144.09|152.46
2018-12-27|150.57|153.18|147.08|153.05
2018-12-28|154.01|155.59|151.72|152.97
2018-12-31|154.47|154.98|152.71|154.26
2019-01-02|150.99|155.75|150.88|154.88
2019-01-03|152.6|153.26|149.49|149.82
2019-01-04|152.18|157|151.74|156.23
2019-01-07|156.54|158.86|156.11|158.09
2019-01-08|159.56|160.11|157.2|159.52
2019-01-09|160.15|161.5229|159.47|160.82
2019-01-10|159.59|161.37|158.7|161.28
2019-01-11|160.32|160.86|159.79|160.69
2019-01-14|159.32|159.96|158.59|159.27
2019-01-15|159.97|162.6|159.9096|162.38
2019-01-16|162.63|163.78|162.29|162.35
2019-01-17|161.84|164.36|161.57|163.63
2019-01-18|164.84|166.02|163.82|165.25
2019-01-22|164.05|164.14|160.76|161.94
2019-01-23|162.77|163.51|160.32|162.15
2019-01-24|162.66|163.44|162.0626|163.2
2019-01-25|164.48|165.65|163.95|165.15
2019-01-28|163.03|163.12|161.75|163.11
2019-01-29|163.2|163.24|160.99|161.57
2019-01-30|163.39|166.28|162.89|165.68
2019-01-31|166.65|168.99|166.4701|168.16
2019-02-01|167.37|168.6|166.99|167.45
2019-02-04|167.51|169.53|167.33|169.53
2019-02-05|169.75|171.23|169.69|171.03
2019-02-06|171.06|171.37|169.75|170.52
2019-02-07|169.03|169.4499|166.95|168.23
2019-02-08|166.73|168.59|166.57|168.56
2019-02-11|169.14|169.58|167.98|168.4
2019-02-12|169.59|171.14|169.33|170.89
2019-02-13|171.62|172.16|170.82|171.01
2019-02-14|170.38|171.83|169.83|171.22
2019-02-15|172.51|172.5623|171.1392|171.94
2019-02-19|171.39|172.8|171.38|172.28
2019-02-20|172.43|173.08|171.32|172.25
2019-02-21|171.77|172.26|170.71|171.62
2019-02-22|171.98|173.01|171.9|172.89
2019-02-25|174.2|174.66|173.4|173.52
2019-02-26|173.04|174.25|172.81|173.7
2019-02-27|172.92|173.8|171.76|173.59
2019-02-28|173.04|173.81|172.7|173.19
2019-03-01|174.41|174.65|173.18|174.39
2019-03-04|175.37|175.79|172.47|174.42
2019-03-05|174.52|175.085|173.685|174.55
2019-03-06|174.68|174.75|173.28|173.56
2019-03-07|173.09|173.18|170.79|171.43
2019-03-08|169.51|171.26|169.3375|171.17
2019-03-11|171.86|174.85|171.85|174.73
2019-03-12|175.17|176.14|174.7715|175.69
2019-03-13|176.6|177.93|176.35|177.01
2019-03-14|177.115|177.34|176.66|176.71
2019-03-15|177.43|178.88|177.28|178.35
2019-03-18|177.95|178.99|177.5915|178.45
2019-03-19|179.16|180|178.29|179.05
2019-03-20|179.06|180.86|178.24|179.76
2019-03-21|179.24|182.83|179.2|182.57
2019-03-22|181.76|182.27|178.37|178.56
2019-03-25|177.92|178.84|176.93|178.22
2019-03-26|179.58|180.69|178.14|179.05
2019-03-27|179.27|179.72|176.6|177.9
2019-03-28|178.36|178.98|177.24|178.31
2019-03-29|179.63|179.83|178.59|179.66
2019-04-01|181.42|182.26|180.77|182.04
2019-04-02|182.23|182.905|181.78|182.73
2019-04-03|183.74|184.92|183.2089|183.78
2019-04-04|183.81|184.5|182.65|183.71
2019-04-05|184.3|184.77|184.0183|184.66
2019-04-08|184.37|185.28|183.63|185.13
2019-04-09|184.5|185.11|184.09|184.48
2019-04-10|184.75|185.53|184.52|185.47
2019-04-11|185.77|185.78|184.6899|185.03
2019-04-12|185.86|185.95|185.0601|185.83
2019-04-15|185.81|186.07|184.62|185.86
2019-04-16|186.51|186.91|185.93|186.5
2019-04-17|187.75|187.93|186.6|187.15
2019-04-18|187.48|187.7905|186.29|187.39
2019-04-22|186.54|187.99|186.43|187.92
2019-04-23|188.37|190.54|188.13|190.31
2019-04-24|190.44|190.71|189.65|189.71
2019-04-25|191.15|191.22|189.45|190.48
2019-04-26|190.2|190.69|188.59|190.65
2019-04-29|190.62|191.32|190.34|191.02
2019-04-30|189.48|189.85|188.21|189.54
2019-05-01|190.76|191.32|188.795|188.93
2019-05-02|188.88|189.85|186.87|188.11
2019-05-03|189.69|191.25|189.33|191.11
2019-05-06|187.1|190.2|186.76|189.94
2019-05-07|187.86|188.67|184.51|186.24
2019-05-08|185.68|187.17|184.96|185.77
2019-05-09|183.76|185.4121|182.09|184.77
2019-05-10|184.06|185.89|181.0302|185
2019-05-13|180.3|181.26|178.06|178.58
2019-05-14|179.51|181.63|178.86|180.54
2019-05-15|179.39|183.55|179.31|183.09
2019-05-16|183.11|186.07|182.95|184.93
2019-05-17|183.1|185.5813|182.88|183.04
2019-05-20|180.51|181.1799|179.34|179.95
2019-05-21|181.5|182.33|180.92|181.83
2019-05-22|180.81|182.07|180.75|181.02
2019-05-23|179|179.023|177.14|178.25
2019-05-24|179.3|179.85|177.94|178.16
2019-05-28|178.67|179.66|177.47|177.49
2019-05-29|176.45|177|175.09|176.03
2019-05-30|176.54|177.27|175.77|176.77
2019-05-31|174.71|175.29|173.87|173.95
2019-06-03|173.52|173.95|169.27|170.12
2019-06-04|171.98|174.97|171.37|174.91
2019-06-05|176.6|176.61|174.38|176.21
2019-06-06|176.52|178.04|175.73|177.61
2019-06-07|178.5|181.7666|178.33|181.04
2019-06-10|182.23|184.85|182.21|183.15
2019-06-11|185.07|185.4|182.78|183.4
2019-06-12|182.88|183.28|182|182.34
2019-06-13|183.12|183.87|182.74|183.42
2019-06-14|182.44|183.11|181.94|182.64
2019-06-17|183.01|184.25|182.835|183.74
2019-06-18|185.88|187.72|185.4291|186.41
2019-06-19|186.73|187.53|185.57|187.11
2019-06-20|189.72|189.76|187.4401|188.85
2019-06-21|188.57|189.77|188.1736|188.57
2019-06-24|188.52|188.72|188.06|188.16
2019-06-25|188.06|188.14|184.65|184.93
2019-06-26|186.13|187.33|185.49|185.79
2019-06-27|186.47|186.94|185.99|186.5
2019-06-28|186.95|187.15|186.07|186.74
2019-07-01|190.3|190.5699|188.38|189.26
2019-07-02|189.19|190.03|188.66|190.01
2019-07-03|190.45|191.44|190.29|191.44
2019-07-05|190.15|191.4|189.39|191.05
2019-07-08|189.86|189.87|188.93|189.71
2019-07-09|188.79|190.9|188.65|190.66
2019-07-10|191.79|193.09|191.47|192.56
2019-07-11|192.88|193.34|191.81|192.42
2019-07-12|192.63|193.54|192.45|193.53
2019-07-15|193.97|194.19|193.44|194.15
2019-07-16|193.86|194.09|192.56|193.15
2019-07-17|193.2|193.49|192.18|192.2
2019-07-18|191.3|192.79|190.69|192.42
2019-07-19|193.82|193.83|190.81|191.01
2019-07-22|191.5|192.94|191.44|192.53
2019-07-23|193.58|193.81|192.29|193.79
2019-07-24|193.07|195.16|193.03|195.15
2019-07-25|194.48|194.52|192.93|193.3
2019-07-26|194.52|195.55|194.43|195.29
2019-07-29|195.18|195.18|193.39|194.62
2019-07-30|193.16|194.54|192.99|193.78
2019-07-31|194.31|194.43|189.32|191.1
2019-08-01|191.51|194.98|189.23|190.15
2019-08-02|188.82|188.99|186.21|187.35
2019-08-05|183.51|183.51|179.2|180.73
2019-08-06|182.38|183.8|181.07|183.26
2019-08-07|181.32|184.51|179.89|184.25
2019-08-08|185.15|188.32|184.57|188.26
2019-08-09|187.32|188|185.03|186.49
2019-08-12|185.34|185.9|183.5|184.35
2019-08-13|184.27|189.68|184.02|188.39
2019-08-14|185.31|185.95|182.42|182.76
2019-08-15|183.11|183.59|181.16|182.55
2019-08-16|184.11|185.95|184.1|185.48
2019-08-19|188.03|188.83|187.5|188.43
2019-08-20|188|188.635|186.92|186.97
2019-08-21|188.66|189.23|187.96|188.63
2019-08-22|188.98|189.46|186.54|188.02
2019-08-23|186.76|188.45|181.56|182.07
2019-08-26|184.19|184.87|183.08|184.82
2019-08-27|186.08|186.42|183.71|184.43
2019-08-28|183.84|185.4|182.91|185.09
2019-08-29|187.37|188.4562|186.675|187.92
2019-08-30|188.94|188.97|186.41|187.47
2019-09-03|186.26|187.18|185.03|185.65
2019-09-04|187.43|188.49|186.9|188.33
2019-09-05|190.39|192.325|190.34|191.78
2019-09-06|192.03|192.17|191.17|191.59
2019-09-09|192.18|192.27|190.215|191.19
2019-09-10|190.19|190.74|188.91|190.64
2019-09-11|190.98|192.53|190.56|192.43
2019-09-12|193.64|194.71|192.97|193.23
2019-09-13|192.95|193.4|192.29|192.54
2019-09-16|191.3|192.08|191.11|191.68
2019-09-17|191.7|192.6|191.29|192.6
2019-09-18|192.2|192.6|190.11|192.52
2019-09-19|192.86|194.035|192.47|192.84
2019-09-20|193.11|193.31|190.16|190.8
2019-09-23|190.36|191.07|189.72|190.5
2019-09-24|191.37|191.79|187.151|187.97
2019-09-25|187.79|190.58|186.21|190.08
2019-09-26|189.87|190|187.98|189.38
2019-09-27|189.7|189.83|185.75|187.03
2019-09-30|187.75|189.11|187.4|188.81
2019-10-01|189.54|190.5898|186.955|187.27
2019-10-02|186.01|187.204|183.02|184.05
2019-10-03|184.07|186.2065|181.82|186.07
2019-10-04|186.99|189.08|186.88|188.81
2019-10-07|188.23|189.74|187.91|188.24
2019-10-08|187.01|187.8562|185.27|185.42
2019-10-09|186.96|188.08|186.43|187.23
2019-10-10|187.25|189.43|187.12|188.68
2019-10-11|190.8|192.63|190.72|191.11
2019-10-14|190.82|191.7|190.645|191.09
2019-10-15|191.65|193.97|191.56|193.52
2019-10-16|192.88|193.53|192.43|193.04
2019-10-17|194.18|194.5|192.81|193.55
2019-10-18|193.26|193.67|190.705|191.69
2019-10-21|192.65|193.52|192.14|193.39
2019-10-22|194.06|194.42|191.79|191.85
2019-10-23|191.43|192.2582|191.15|192.22
2019-10-24|193.62|194.21|192.74|194.09
2019-10-25|193.09|195.74|193.05|195.64
2019-10-28|196.57|197.83|196.55|197.57
2019-10-29|197.24|197.535|196.01|196.04
2019-10-30|196.42|197.32|195.29|196.99
2019-10-31|197.56|197.65|195.94|197.08
2019-11-01|197.93|198.88|197.63|198.87
2019-11-04|200.19|200.5251|199.74|200.1
2019-11-05|200.35|200.55|199.55|200.21
2019-11-06|199.98|200|198.785|199.76
2019-11-07|200.76|201.72|199.85|200.43
2019-11-08|200.02|201.25|199.54|201.23
2019-11-11|200.23|201.0363|199.94|200.96
2019-11-12|201.13|202.21|200.82|201.54
2019-11-13|200.84|201.775|200.71|201.59
2019-11-14|200.83|201.56|200.22|201.43
2019-11-15|202.61|202.91|202|202.91
2019-11-18|202.61|203.39|201.77|203.07
2019-11-19|203.84|203.84|202.59|203.37
2019-11-20|202.85|203.45|200.62|202.15
2019-11-21|201.94|202.07|201.07|201.7
2019-11-22|202.17|202.32|200.74|201.83
2019-11-25|202.67|204.26|202.67|204.22
2019-11-26|204.32|204.87|204.05|204.61
2019-11-27|205.13|206.05|204.89|206.04
2019-11-29|205.59|205.83|205|205.1
2019-12-02|205.11|205.18|201.78|203
2019-12-03|200.32|201.49|199.23|201.41
2019-12-04|202.49|202.91|202.14|202.43
2019-12-05|203.15|203.15|201.84|202.83
2019-12-06|204.25|205.145|204.1501|205
2019-12-09|204.63|205.5937|203.98|204.07
2019-12-10|204.17|204.88|203.44|203.9
2019-12-11|204.37|205.19|204.04|204.98
2019-12-12|204.77|207.32|204.491|206.51
2019-12-13|206.36|207.91|205.96|207.19
2019-12-16|208.5|209.53|208.48|209.27
2019-12-17|209.5|209.71|209.04|209.39
2019-12-18|209.6|210.13|209.33|209.55
2019-12-19|209.64|210.93|209.62|210.86
2019-12-20|211.81|212.5186|211.27|211.71
2019-12-23|212.03|212.15|211.63|211.81
2019-12-24|211.97|212.09|211.44|211.92
2019-12-26|212.26|213.81|212.23|213.79
2019-12-27|214.55|214.56|213.04|213.61
2019-12-30|213.51|213.63|211.16|212.21
2019-12-31|211.62|212.76|211.2|212.61
2020-01-02|214.4|216.16|213.98|216.16
2020-01-03|213.29|215.47|213.28|214.18
2020-01-06|212.49|215.59|212.24|215.56
2020-01-07|215.64|216.14|214.85|215.53
2020-01-08|215.47|218.14|215.16|217.15
2020-01-09|218.91|219.41|217.7125|218.99
2020-01-10|219.76|219.87|218.04|218.43
2020-01-13|219.31|220.98|218.98|220.95
2020-01-14|220.75|221.21|219.74|220.08
2020-01-15|220.18|221.2|219.45|220.17
2020-01-16|221.24|222.32|220.8|222.28
2020-01-17|223.24|223.56|222.1221|223.38
2020-01-21|222.73|223.84|222.66|223.28
2020-01-22|224.38|225.15|223.59|223.87
2020-01-23|223.71|224.69|222.7|224.59
2020-01-24|225.62|225.88|221.6701|222.7
2020-01-27|217.72|219.2845|217.18|218.1
2020-01-28|219.6|221.96|219.06|221.45
2020-01-29|222.66|222.93|220.83|221.81
2020-01-30|220.37|222.7|219.6891|222.6
2020-01-31|223.5|223.56|218.285|219.07
2020-02-03|220.14|222.885|219.99|222.38
2020-02-04|225.39|227.86|224.6523|227.47
2020-02-05|230.22|230.25|226.85|228.22
2020-02-06|228.77|230.25|227.98|230.19
2020-02-07|229.16|230.44|228.54|229.2
2020-02-10|228.43|231.98|228.38|231.97
2020-02-11|233.21|234.02|231.3999|232.01
2020-02-12|233.34|234.38|232.8|234.27
2020-02-13|232.62|234.93|232.36|233.97
2020-02-14|234.28|234.86|233.5501|234.64
2020-02-18|233.47|235.17|233.25|234.73
2020-02-19|236.07|237.47|235.85|236.98
2020-02-20|236.46|236.95|231.88|234.78
2020-02-21|233.64|234.01|229.3211|230.27
2020-02-24|221.84|224.25|220.26|221.39
2020-02-25|223.19|223.9879|214.74|215.37
2020-02-26|216.67|220.28|214.9|216.48
2020-02-27|211.05|216.4235|205.5|205.64
2020-02-28|198.92|207.17|198.17|205.8
2020-03-02|208.88|216.57|205.94|216.42
2020-03-03|217.11|219.61|207.62|209.48
2020-03-04|213.32|218.33|211.37|218.22
2020-03-05|212.69|216.36|210.1|211.59
2020-03-06|204.67|209.15|202.91|208.02
2020-03-09|193.48|201.16|192.11|193.57
2020-03-10|201.11|204.3|193.6802|204.11
2020-03-11|199.35|200.75|192.73|195.22
2020-03-12|182.09|190.78|176.94|177.32
2020-03-13|187.07|194.48|178.13|192.34
2020-03-16|174.15|184.68|169.16|169.3
2020-03-17|175.47|184.39|169.78|182.14
2020-03-18|171.605|179.22|166.8|176.6
2020-03-19|175.69|183.49|171.63|177.66
2020-03-20|181.74|182.87|170.1|170.7
2020-03-23|170.92|174.21|164.93|170.46
2020-03-24|179.91|183.83|177.95|183.66
2020-03-25|184.42|189.51|179.98|182.3
2020-03-26|183.87|192.72|183.61|191.9
2020-03-27|186.93|190.5149|184.66|185.3
2020-03-30|187.1|192.49|186.3406|192.04
2020-03-31|191.53|195.25|189.2|190.4
2020-04-01|184.81|187.66|180.86|182.31
2020-04-02|181.59|190.1|180.97|186.01
2020-04-03|185.5|187.0716|181.29|183.37
2020-04-06|190.38|197.65|189.19|196.48
2020-04-07|202.14|202.66|196|196.4
2020-04-08|198.0835|201.17|196.37|200.57
2020-04-09|202.27|203.22|199.0281|200.86
2020-04-13|199.92|203.42|198.75|203.03
2020-04-14|207.17|212.5|206.42|211.86
2020-04-15|208.48|211.8338|207.12|209.43
2020-04-16|211.78|214.369|209.69|213.25
2020-04-17|215.96|216.51|212.0801|215.29
2020-04-20|213.27|215.88|212.57|212.74
2020-04-21|210.63|211.16|203.63|204.89
2020-04-22|209.14|212.35|208.33|210.97
2020-04-23|211.8|214.435|210.095|210.52
2020-04-24|210.94|214.3|209.5|213.84
2020-04-27|216.18|216.63|214.5|215.56
2020-04-28|217.27|217.32|211.21|211.5
2020-04-29|216.21|219.97|215.14|219
2020-04-30|220.01|220.04|217.35|218.91
2020-05-01|214.54|216.67|211.68|212.74
2020-05-04|211.61|215.45|211.12|215.22
2020-05-05|217.4|220.14|216.85|217.66
2020-05-06|219.37|221.04|218.11|219
2020-05-07|221.75|222.73|220.42|221.82
2020-05-08|223.55|225|222.48|224.86
2020-05-11|223.5|227.93|223.25|226.87
2020-05-12|227.48|228.095|222.09|222.12
2020-05-13|222.65|224.61|216.71|219.34
2020-05-14|218.12|221.87|215.99|221.83
2020-05-15|218.77|223.33|218.33|223.27
2020-05-18|226.28|228.68|225.47|227.43
2020-05-19|227.66|229.85|226.71|226.86
2020-05-20|229.48|231.76|229.48|231.39
2020-05-21|231.49|232.135|228.34|228.87
2020-05-22|228.46|229.87|227.5|229.66
2020-05-26|233.44|233.57|228.79|229.04
2020-05-27|228.51|230.41|223.94|230.29
2020-05-28|229.05|233.47|229.05|229.99
2020-05-29|230.43|233.6|228.76|233.36
2020-06-01|232.4|234.45|232|234.06
2020-06-02|234.42|235.69|232.01|235.63
2020-06-03|236.23|237.47|235.35|236.69
2020-06-04|236.32|237.79|233.68|235.03
2020-06-05|236.06|240.297|235.63|239.69
2020-06-08|239.54|241.68|237.91|241.55
2020-06-09|240.66|244.18|240.47|243.3
2020-06-10|245|247.815|244.51|246.22
2020-06-11|242.29|243.59|233.96|234.02
2020-06-12|239.09|240.4|231.74|235.88
2020-06-15|232.44|239.45|231.47|238.75
2020-06-16|243.78|244.39|239.1|242.85
2020-06-17|244.4|245.5|242.73|243.62
2020-06-18|243.29|244.53|242.49|244.28
2020-06-19|246.74|247|242.45|244.24
2020-06-22|243.77|246.87|243.38|246.74
2020-06-23|248.39|251.15|247.82|248.84
2020-06-24|247.99|249.325|242.16|243.71
2020-06-25|243.91|246.34|241.14|246.03
2020-06-26|245.75|245.96|239.68|240.22
2020-06-29|239.98|242.85|237.35|242.84
2020-06-30|242.77|248.16|242.58|247.6
2020-07-01|247.66|251.52|247.0802|250.49
2020-07-02|252.97|254.27|251.71|252.19
2020-07-06|255.46|258.928|255.43|258.39
2020-07-07|258.1|260.88|256.3|256.61
2020-07-08|258|260.02|256.5|259.99
2020-07-09|261.89|262.87|257.63|262.18
2020-07-10|262|264.23|259.26|263.97
2020-07-13|266.87|269.79|257.69|258.54
2020-07-14|256.07|260.79|252.76|260.37
2020-07-15|261.68|262.69|257.49|260.9
2020-07-16|257.97|259.78|255.62|259.12
2020-07-17|259.71|260.31|257.17|259.42
2020-07-20|260.12|267.43|258.79|266.78
2020-07-21|268.41|268.41|263.125|264
2020-07-22|264.46|265.89|262.55|264.93
2020-07-23|264.55|265.24|256.55|258.01
2020-07-24|254.12|256.93|251.32|255.56
2020-07-27|257.36|260.52|256.445|260.12
2020-07-28|259.33|259.85|256.51|256.81
2020-07-29|258.33|260.66|257.91|259.77
2020-07-30|257.78|261.71|256.55|261.13
2020-07-31|265.83|265.95|260.85|265.79
2020-08-03|268.05|270.15|267.87|269.38
2020-08-04|268.74|270.48|268.09|270.38
2020-08-05|270.83|271.52|269.96|271.05
2020-08-06|270.78|274.98|270.19|274.64
2020-08-07|274.04|274.8818|269.245|271.47
2020-08-10|271.74|271.98|266.67|270.31
2020-08-11|269.1|270.44|264.63|265.19
2020-08-12|267.37|272.84|267.37|271.86
2020-08-13|272.64|274.83|271.51|272.48
2020-08-14|273.01|273.4|270.72|272.16
2020-08-17|273.91|275.84|273.74|275.32
2020-08-18|276.41|278.465|274.91|277.97
2020-08-19|277.93|279.02|275.57|276.1
2020-08-20|275.3|280.43|274.86|279.93
2020-08-21|280.07|282.34|279.461|281.87
2020-08-24|285.06|286|281.27|283.63
2020-08-25|282.78|286.06|282.37|285.86
2020-08-26|287.11|292.22|286.965|291.96
2020-08-27|293.08|293.851|288.705|291.05
2020-08-28|292.27|293.18|290.93|292.53
2020-08-31|293.16|296.745|292.62|294.88
2020-09-01|297.6|300.04|295.79|299.92
2020-09-02|303.26|303.5|296.89|302.76
2020-09-03|298.2|298.62|284.41|287.41
2020-09-04|285.76|288.93|271.8|283.58
2020-09-08|272.27|278.22|269.66|269.95
2020-09-09|275.54|280.045|273|277.88
2020-09-10|280.97|282.195|270.56|272.34
2020-09-11|274.33|275.22|266.9|270.45
2020-09-14|274.28|277.22|272.96|275.16
2020-09-15|278.9|280.45|277.26|279.06
2020-09-16|279.77|280.36|274.25|274.61
2020-09-17|267.52|274.3955|266.68|270.32
2020-09-18|271.62|272.09|262.63|266.87
2020-09-21|262.52|267.65|260.11|267.51
2020-09-22|270.05|273.08|266.54|272.48
2020-09-23|272.15|272.34|263.2502|264.16
2020-09-24|261.58|268.7|261.22|265.39
2020-09-25|265.82|272.395|264.2999|271.56
2020-09-28|276.615|277.2|273.8548|277.2
2020-09-29|276.72|277.71|275.3719|275.95
2020-09-30|276.09|281.09|275.88|277.84
2020-10-01|281.79|282.8794|279.84|282.25
2020-10-02|276.01|282.2412|273.44|274.31
2020-10-05|276.34|280.49|276.23|280.16
2020-10-06|279.29|281.19|274.25|275.16
2020-10-07|277.83|280.74|277.28|279.92
2020-10-08|282.32|282.47|280.31|281.41
2020-10-09|283.09|285.79|282.71|285.71
2020-10-12|290.6|297.46|289.47|294.53
2020-10-13|296.34|297.0496|293.11|294.52
2020-10-14|295.32|296.35|290.26|292.06
2020-10-15|287.25|290.71|286.54|290.1
2020-10-16|291.8|293.269|288.15|288.51
2020-10-19|290.49|291.48|282.79|283.8
2020-10-20|284.56|287.62|282.95|284.41
2020-10-21|284.67|287.32|283.69|284.19
2020-10-22|285.05|285.98|280.82|284.18
2020-10-23|284.79|284.91|281.7818|284.74
2020-10-26|282.32|285.3|276.76|280.47
2020-10-27|281.42|283.505|280.2|282.66
2020-10-28|278.13|278.6401|271.38|271.64
2020-10-29|273.04|279.49|272.52|276.39
2020-10-30|274.375|275.24|267.07|269.38
2020-11-02|271.73|273.52|266.97|269.98
2020-11-03|271.86|276.82|270.84|274.65
2020-11-04|283.56|288.77|281.87|286.91
2020-11-05|293.41|295.39|292|294.39
2020-11-06|293.58|295.36|289.83|294.61
2020-11-09|297.31|299.14|288.12|288.59
2020-11-10|285.26|286.6599|280.62|283.42
2020-11-11|285.92|290.25|285.53|289.76
2020-11-12|290.72|292.074|287.25|288.4
2020-11-13|290.01|291.57|287.8701|290.93
2020-11-16|290.68|293.51|289.99|293.2
2020-11-17|293.4|293.74|291.61|292.27
2020-11-18|291.7|293.37|290.02|290.11
2020-11-19|289.48|292.7|288.85|292.38
2020-11-20|292.3|293.065|290.29|290.38
2020-11-23|291.41|292.75|288.07|290.39
2020-11-24|291.49|294.98|289.63|294.47
2020-11-25|295.44|296.94|294.59|296.28
2020-11-27|298.29|300.17|297.9|299.01
2020-11-30|299.3|299.97|294.78|299.62
2020-12-01|301.87|305.14|300.83|303.46
2020-12-02|302.22|304.195|300.35|303.85
2020-12-03|304.07|305.88|303.531|304.28
2020-12-04|304.33|305.67|303.63|305.52
2020-12-07|305.71|307.63|305.52|307.25
2020-12-08|306.76|308.6|304.95|308.29
2020-12-09|308.07|308.36|300.21|301.31
2020-12-10|299.21|303.68|298.09|302.52
2020-12-11|300.81|301.98|298.47|301.85
2020-12-14|303.08|306.05|303.01|304.04
2020-12-15|306.37|307.29|304.11|307.29
2020-12-16|307.7|309.785|306.621|308.98
2020-12-17|310.63|311.24|309.39|311
2020-12-18|311.66|311.98|307.61|310.06
2020-12-21|306.46|309.47|303.6|308.92
2020-12-22|309.85|310.7105|306.845|309.76
2020-12-23|309.81|310.18|308.035|308.2
2020-12-24|308.47|310.02|308.39|309.56
2020-12-28|312.25|313.17|310.36|312.68
2020-12-29|314.05|314.685|312.03|312.96
2020-12-30|314.16|314.49|312.33|312.97
2020-12-31|312.87|314.24|311.76|313.74
2021-01-04|315.11|315.29|305.18|309.31
2021-01-05|308.29|312.14|308.29|311.86
2021-01-06|307|311.88|305.98|307.54
2021-01-07|310.28|315.84|310.25|314.98
2021-01-08|317.34|319.39|315.0814|319.03
2021-01-11|315.98|317.19|313.75|314.42
2021-01-12|314.46|315.58|311.2|313.92
2021-01-13|314.19|316.86|313.57|316.04
2021-01-14|316.5|317.53|313.8616|314.35
2021-01-15|314.13|315.12|310.58|311.86
2021-01-19|314.25|316.93|313.12|316.41
2021-01-20|320.14|324.74|319.77|323.77
2021-01-21|325.15|327.13|323.73|326.36
2021-01-22|325.29|326.46|324.71|325.42
2021-01-25|328.91|330.32|321.41|328.11
2021-01-26|328.85|329.76|327.22|328.59
2021-01-27|326.26|326.27|317.36|319.43
2021-01-28|320.67|326.42|320.03|321.32
2021-01-29|319.58|320.7193|312.76|314.56
2021-02-01|318.11|323.54|316.02|322.42
2021-02-02|325.48|328.87|325.31|327.68
2021-02-03|329.82|330.195|326.32|326.38
2021-02-04|327.82|330.33|326.46|330.24
2021-02-05|331.22|332.4025|329.53|331.36
2021-02-08|333.1|333.74|331.41|333.58
2021-02-09|332.62|334.81|332.61|333.51
2021-02-10|334.99|335.46|329.5|332.75
2021-02-11|334.33|335|332.12|334.58
2021-02-12|333.71|336.62|332.63|336.45
2021-02-16|337.27|338.19|334.34|335.54
2021-02-17|332.47|335.657|330.17|333.93
2021-02-18|330.23|333.8661|328.36|332.47
2021-02-19|333.86|333.99|329.97|331.02
2021-02-22|326.5|327.8|322.23|322.44
2021-02-23|317|323.2|311|321.48
2021-02-24|318.74|324.45|315.96|324.13
2021-02-25|321.39|324.03|311.24|312.83
2021-02-26|315.85|319.11|310.88|314.14
2021-03-01|319.27|323.94|317.935|323.59
2021-03-02|324.25|324.33|318.14|318.4
2021-03-03|317.27|318.24|309.1|309.16
2021-03-04|308.78|312.04|300.11|304.1
2021-03-05|306.795|309.609|297.45|308.68
2021-03-08|308.12|310.06|299.51|299.94
2021-03-09|307.47|313.73|306.92|311.77
2021-03-10|316.16|316.47|310.17|310.88
2021-03-11|315.77|319.86|314.85|318.04
2021-03-12|313.86|318.2302|311.391|315.46
2021-03-15|315.79|319|314.095|318.83
2021-03-16|321.09|324.2|319.1|320.58
2021-03-17|317.45|323.85|315.68|321.9
2021-03-18|316.87|317.8801|311.57|312.04
2021-03-19|311.87|314.73|309.6601|313.14
2021-03-22|315.21|320.74|315.21|318.61
2021-03-23|319.73|321.09|316.375|317.22
2021-03-24|318.63|318.67|311.72|311.87
2021-03-25|309.968|312.885|307.3899|311.33
2021-03-26|311.11|316.33|309.67|316
2021-03-29|315.45|316.99|312.47|315.91
2021-03-30|313.89|314.91|311.54|314.32
2021-03-31|316.16|320.74|315.81|319.13
2021-04-01|323.07|324.71|322.81|324.57
2021-04-05|327.13|331.84|326.88|331.05
2021-04-06|330.73|332.83|330.02|330.82
2021-04-07|330.33|332.48|329.37|331.62
2021-04-08|334.56|335.27|333.7399|335.08
2021-04-09|333.68|337.32|332.92|337.11
2021-04-12|336.04|337.1|334.73|336.67
2021-04-13|338.24|341.08|338.02|340.6
2021-04-14|340.85|340.98|335.67|336.51
2021-04-15|339.47|342.01|339.33|341.61
2021-04-16|342.15|342.23|340.08|342.01
2021-04-19|340.39|341.58|336.9016|338.88
2021-04-20|338.2|339.52|334.3816|336.41
2021-04-21|335.09|339.48|333.97|339.29
2021-04-22|338.89|339.9|334.01|335.2
2021-04-23|335.85|340.767|335.85|339.42
2021-04-26|339.67|341.92|338.9|341.63
2021-04-27|341.93|342.15|339.17|340.15
2021-04-28|339.81|340.85|338.3301|339
2021-04-29|342.37|342.8|336.9001|340.22
2021-04-30|337.7|340.26|337.05|337.99
2021-05-03|339.23|340|335.73|336.19
2021-05-04|333.56|333.89|326.21|330.14
2021-05-05|332.25|333.14|328.23|329.03
2021-05-06|328.76|331.67|326.45|331.51
2021-05-07|334.37|336.65|333.06|334.2
2021-05-10|332.78|332.96|325.55|325.76
2021-05-11|319.7|326.1299|319.02|325.31
2021-05-12|320.23|322.62|316|316.89
2021-05-13|319.92|322.4|316.9|319.34
2021-05-14|322.6|327.33|322.08|326.39
2021-05-17|324.63|326.3721|321.45|324.41
2021-05-18|325.39|326.65|321.94|322.22
2021-05-19|316.66|322.9|316.3|322.59
2021-05-20|324.12|329.71|323.89|328.83
2021-05-21|330.43|330.86|326.64|327.01
2021-05-24|329.37|333.67|329|332.51
2021-05-25|334.07|334.81|331.755|332.97
2021-05-26|333.66|334.61|332.95|334.13
2021-05-27|333.67|334.54|332.67|332.88
2021-05-28|334.12|335.5699|333.6|333.93
2021-06-01|335.3|335.785|331.43|332.82
2021-06-02|333.25|334.34|331.695|333.47
2021-06-03|330.55|331.86|328.28|330
2021-06-04|331.85|336.0582|331.78|335.6
2021-06-07|335.05|336.66|334.34|336.6
2021-06-08|338.395|339.29|335.03|336.76
2021-06-09|338.17|338.97|336.651|336.84
2021-06-10|337.19|340.46|336.73|340.35
2021-06-11|340.36|341.25|339.69|341.24
2021-06-14|341.68|344.52|340.46|344.51
2021-06-15|344.15|344.47|341.52|342.26
2021-06-16|342.74|343.84|337.45|341.01
2021-06-17|339.97|346.38|339.92|345.34
2021-06-18|343.63|344.8082|341.86|342.63
2021-06-21|342.43|344.69|340.15|344.36
2021-06-22|344.15|348.03|343.84|347.57
2021-06-23|347.51|348.92|346.88|347.74
2021-06-24|349.73|351.46|349.17|349.89
2021-06-25|350.47|350.72|348.84|349.46
2021-06-28|350.78|353.85|350.72|353.71
2021-06-29|353.53|355.0199|352.67|354.99
2021-06-30|354.83|355.23|353.83|354.43
2021-07-01|354.07|355.09|352.68|354.57
2021-07-02|356.52|358.97|356.28|358.64
2021-07-06|359.26|360.48|356.49|360.19
2021-07-07|362.45|362.76|358.94|360.95
2021-07-08|355.74|359.65|354.42|358.77
2021-07-09|358.17|361.5|357.57|361.01
2021-07-12|362.45|362.89|360.83|362.42
2021-07-13|362.03|365.465|361.54|362.42
2021-07-14|364.83|365.49|362.22|363.07
2021-07-15|362.98|363.19|358.46|360.52
2021-07-16|361.4|362.41|357.24|357.6
2021-07-19|354.05|355.18|352.04|354.67
2021-07-20|355.63|360.28|353.8|358.79
2021-07-21|358.35|361.56|358.12|361.56
2021-07-22|361.77|363.96|361.77|363.95
2021-07-23|365.31|368.485|363.9157|368.2
2021-07-26|367.49|368.89|366.601|368.49
2021-07-27|368.22|368.22|360.16|364.43
2021-07-28|365.6|367.45|363.24|365.83
2021-07-29|365.25|367.6794|365.25|366.48
2021-07-30|362.44|365.17|362.41|364.57
2021-08-02|366.28|366.88|363.87|364.6
2021-08-03|365.28|366.93|362|366.81
2021-08-04|366.77|368.32|365.63|367.34
2021-08-05|368.18|369.91|367.45|369.67
2021-08-06|368.37|369.37|366.905|368.05
2021-08-09|368.52|369.27|367.39|368.73
2021-08-10|369.26|369.56|365.62|366.84
2021-08-11|368.14|368.65|364.84|366.21
2021-08-12|365.69|367.9|364.295|367.53
2021-08-13|367.89|369.16|367.38|368.82
2021-08-16|367.67|369.02|363.7|368.98
2021-08-17|366.15|367.15|363.23|365.73
2021-08-18|365.18|366.62|361.865|362.21
2021-08-19|360.22|365.68|359.96|363.96
2021-08-20|365.06|368.14|364.74|367.73
2021-08-23|368.8|373.935|368.79|373.23
2021-08-24|373.84|374.99|373.36|374.37
2021-08-25|374.63|375.39|373.855|374.8
2021-08-26|373.92|374.62|371.97|372.42
2021-08-27|373.07|376.56|372.57|376.04
2021-08-30|376.85|380.76|376.83|380.26
2021-08-31|380.51|380.579|378.36|379.95
2021-09-01|381.04|382.71|380.37|380.58
2021-09-02|381.97|382.31|379.15|380.4
2021-09-03|379.22|381.98|379.2003|381.57
2021-09-07|381.68|382.778|380.4882|382.11
2021-09-08|381.93|381.93|378.45|380.78
2021-09-09|381.01|382.15|379.22|379.47
2021-09-10|381.23|381.97|376.245|376.59
2021-09-13|378.99|379.43|374.22|376.33
2021-09-14|377.86|378.61|374.28|375.26
2021-09-15|375.73|378.41|373.37|378.05
2021-09-16|376.68|378.9|374.695|378.31
2021-09-17|377.82|377.87|372.76|373.83
2021-09-20|367.46|369.25|360.93|365.7
2021-09-21|367.58|368.81|364.99|366.15
2021-09-22|367.09|371.07|365.9584|369.57
2021-09-23|370.76|374.04|370.099|372.98
2021-09-24|370.65|373.76|370.27|373.33
2021-09-27|370.2|371.2516|367.73|370.35
2021-09-28|365.67|370.302|359.35|359.87
2021-09-29|361.17|363.37|358.635|359.28
2021-09-30|360.97|362.68|357.1|357.96
2021-10-01|358.6|361.25|354.38|360.18
2021-10-04|358.52|358.86|350.32|352.62
2021-10-05|353.71|359.69|353.48|357.38
2021-10-06|354.08|359.95|353.15|359.67
2021-10-07|362.8|365.69|362.25|362.97
2021-10-08|364.08|364.3166|360.61|361.16
2021-10-11|359.58|363.2|358.3|358.39
2021-10-12|359.88|360.33|356.48|357.14
2021-10-13|359.51|360.69|357.43|360
2021-10-14|363.69|366.85|363.01|366.63
2021-10-15|367.88|369.06|366.82|368.94
2021-10-18|367.61|372.87|366.99|372.65
2021-10-19|373.75|375.52|372.6974|375.47
2021-10-20|375.94|376.565|373.46|374.98
2021-10-21|374.16|377.47|373.85|377.27
2021-10-22|375.98|376.97|372.385|374.1
2021-10-25|375.56|378.87|373.56|377.93
2021-10-26|380.23|382.71|377.905|379.12
2021-10-27|379.58|383.15|379.31|380
2021-10-28|381.95|384.48|381.155|384.22
2021-10-29|381.06|386.28|380.7|386.11
2021-11-01|386.56|387.56|384.42|387.43
2021-11-02|386.8|389.54|386.75|389.05
2021-11-03|389.55|393.61|388.48|393.18
2021-11-04|394.48|399.2|393.92|398.22
2021-11-05|400.04|400.99|397.16|398.6
2021-11-08|398.57|399.62|397.4|398.06
2021-11-09|399.16|399.57|393.92|395.32
2021-11-10|392.47|395.36|387.53|389.51
2021-11-11|392.57|392.75|390.24|390.59
2021-11-12|391.77|395.25|390.13|394.7
2021-11-15|395.91|396.24|392.095|394.61
2021-11-16|393.86|397.93|393.66|397.42
2021-11-17|397.75|399.7196|396.64|397.63
2021-11-18|399.73|402.27|397.45|401.75
2021-11-19|403.43|405.3|402.58|403.99
2021-11-22|405.57|408.71|399.19|399.3
2021-11-23|398.11|400.23|392.92|397.48
2021-11-24|394.93|399.05|392.54|398.76
2021-11-26|396.11|397.54|389.77|391.2
2021-11-29|395.89|400.73|395.14|399.69
2021-11-30|398.78|401.19|391.75|393.82
2021-12-01|398.28|400.48|386.64|387.12
2021-12-02|385.8|391.74|384.34|389.91
2021-12-03|391.31|392.34|378.9|383.13
2021-12-06|383.63|387.6|379.3|386.2
2021-12-07|393.03|398.46|392.99|397.83
2021-12-08|398.17|399.82|396.22|399.61
2021-12-09|398.35|400.2|393.5299|393.73
2021-12-10|396.62|398.28|393.36|398.01
2021-12-13|398|398.325|391.88|392.26
2021-12-14|387.3|390.09|383.63|388.2
2021-12-15|387.94|397.4198|383.88|397.05
2021-12-16|398.04|398.475|385.21|386.84
2021-12-17|383.33|389.19|381.77|384.91
2021-12-20|379.565|381.5|377.47|380.69
2021-12-21|384.05|389.53|380.201|389.21
2021-12-22|388.91|394.16|388.23|393.95
2021-12-23|394.31|398.425|394.14|396.92
2021-12-27|398.25|403.48|398.2194|403.48
2021-12-28|404.4|404.58|400.71|401.61
2021-12-29|401.75|403.05|399.11|401.55
2021-12-30|401.33|403.5699|399.75|400.35
2021-12-31|399.66|401.0589|397.34|397.85
2022-01-03|399.05|401.94|396.88|401.68
2022-01-04|402.24|402.28|393.288|396.47
2022-01-05|394.74|395.89|384.03|384.29
2022-01-06|382.42|387.35|380.13|384.02
2022-01-07|384.03|385.76|378.04|379.86
2022-01-10|374.82|380.64|369.31|380.11
2022-01-11|379.355|385.9899|377.2182|385.82
2022-01-12|388.46|390.2|385.01|387.35
2022-01-13|388.77|389.47|376.7|377.66
2022-01-14|375.07|380.35|374.86|380.01
2022-01-18|374.04|376.22|369.7704|370.55
2022-01-19|372.15|374.69|366.21|366.48
2022-01-20|369.79|373.87|361.17|361.72
2022-01-21|359.47|362.18|351.4|351.69
2022-01-24|345.905|353.98|334.15|353.3
2022-01-25|346.67|351.0295|341.68|345.11
2022-01-26|352.91|356.88|340.78|344.57
2022-01-27|349.4|351.27|340.05|341.1
2022-01-28|343.03|352.02|337.95|351.8
2022-01-31|353.2|363.65|351.52|363.05
2022-02-01|364.43|366.19|359.14|365.52
2022-02-02|369.76|370.1|364.285|368.49
2022-02-03|358.53|361.93|352.46|353.55
2022-02-04|354.08|361.4|351.97|358.01
2022-02-07|358.62|361.05|353.84|355.13
2022-02-08|353.96|360.24|352.8|359.12
2022-02-09|363.76|366.81|362.12|366.73
2022-02-10|359.52|366.4885|356.54|358.43
2022-02-11|358.43|360.07|345.8|347.06
2022-02-14|346.49|350.98|343.89|347.49
2022-02-15|352.91|356.37|351.82|356.13
2022-02-16|353.82|357.0896|350.71|356.04
2022-02-17|352.74|353.46|345.02|345.45
2022-02-18|346.41|346.81|339.14|341.51
2022-02-22|338.49|344.04|334.35|338.08
2022-02-23|341.32|342.183|329.1|329.42
2022-02-24|318.84|341.04|318.26|340.49
2022-02-25|341.31|345.98|337.39|345.77
2022-02-28|342.51|348.54|341.32|346.8
2022-03-01|345.75|348.078|338.9|341.49
2022-03-02|343.08|348.59|340.24|347.22
2022-03-03|349.93|350.04|340.35|342.26
2022-03-04|339.84|341.31|334.92|337.3
2022-03-07|337.29|338.48|324.65|324.86
2022-03-08|324.05|333.21|319.94|323.35
2022-03-09|331.75|336.38|329.09|334.99
2022-03-10|330.82|332.51|326.71|331.27
2022-03-11|334.32|334.64|323.9|324.4
2022-03-14|323.13|326.59|317.45|318.17
2022-03-15|320.88|328.95|319.23|328.15
2022-03-16|332.17|340.44|328.401|340.32
2022-03-17|338.37|344.5|337.0406|344.44
2022-03-18|342.74|351.79|341.55|351.49
2022-03-21|350.2|352.48|345.575|350.08
2022-03-22|350.59|357.85|350.2|356.96
2022-03-23|354.01|357.66|351.77|351.83
2022-03-24|353.8|359.7|351.5939|359.65
2022-03-25|359.59|360.67|354.9438|359.35
2022-03-28|359.34|365.01|358.07|364.91
2022-03-29|368.9|371.83|366.06|371.19
2022-03-30|369.275|370.98|365.57|367.09
2022-03-31|367.24|367.6|361.68|362.54
2022-04-01|362.81|363.61|358.59|361.85
2022-04-04|362.71|369.31|362.44|369.3
2022-04-05|367.81|368.54|359.93|361.1
2022-04-06|355.65|356.78|350.56|353.26
2022-04-07|352.24|356.35|348.69|354.1
2022-04-08|352.32|353.09|348.5|349.15
2022-04-11|344.81|345.75|340.535|340.89
2022-04-12|345.76|347.69|338.035|339.45
2022-04-13|339.8|347.43|339.06|346.35
2022-04-14|346.44|346.97|338.21|338.43
2022-04-18|337.35|341.04|335.791|338.69
2022-04-19|338.03|346.85|336.98|346.26
2022-04-20|347.09|347.56|339.96|341.21
2022-04-21|345.19|347.87|333.2|334.15
2022-04-22|334.31|335.56|324.96|325.4
2022-04-25|323.73|329.9|322.43|329.58
2022-04-26|327.47|327.66|316.855|317.14
2022-04-27|317.24|322.88|315|316.76
2022-04-28|321.85|329.89|317.52|328.01
2022-04-29|323.7|327.225|312.6|313.25
2022-05-02|312.83|318.72|309.645|318.48
2022-05-03|318.5|321.17|315.98|318.82
2022-05-04|319.31|330.29|313.891|329.6
2022-05-05|325.17|325.25|309.62|313
2022-05-06|310.95|315.09|305.105|309.25
2022-05-09|303.48|309.3487|295.72|297.15
2022-05-10|304.51|305.76|296.57|300.76
2022-05-11|298.44|304.09|290.95|291.84
2022-05-12|287.45|295.75|284.94|291.15
2022-05-13|295.72|302.999|294.0825|301.94
2022-05-16|300.15|302.26|297.13|298.44
2022-05-17|304.45|306.56|300.55|306.17
2022-05-18|301.54|302.25|289.85|291.14
2022-05-19|289.29|294.39|287.58|289.58
2022-05-20|293.13|293.8|280.21|288.68
2022-05-23|289.75|293.87|287.29|293.48
2022-05-24|288.125|288.86|282.25|287.24
2022-05-25|285.71|293.39|285.5|291.26
2022-05-26|290.44|300.92|290.15|299.33
2022-05-27|302.54|309.25|302.42|309.1
2022-05-31|309.07|311.33|304.33|308.28
2022-06-01|310.47|312.65|303.73|306
2022-06-02|304.85|314.56|303.4001|314.38
2022-06-03|309.03|310.47|304.92|306.2
2022-06-06|310.75|312.35|305.62|307.22
2022-06-07|303.81|310.67|302.6886|309.87
2022-06-08|309.05|311.72|306.77|307.64
2022-06-09|305.91|309.05|299.23|299.4
2022-06-10|293.65|294.87|288.384|288.84
2022-06-13|279.75|282.34|274.53|275.41
2022-06-14|277.66|278.66|273.3375|275.91
2022-06-15|279.415|286.83|276.61|282.8
2022-06-16|275.59|276.06|269.28|271.39
2022-06-17|272.18|277.19|270.5119|274.69
2022-06-21|278.75|283.45|278.64|281.08
2022-06-22|278.52|285.18|277.91|280.67
2022-06-23|283.21|285.72|280.31|284.85
2022-06-24|287.74|295.04|287.5001|294.61
2022-06-27|296|296.5799|291.29|292.45
2022-06-28|293|295.65|283.35|283.54
2022-06-29|283.4|285.34|280.84|283.8
2022-06-30|280.75|283.9441|275.78|280.28
2022-07-01|278.95|282.53|277.03|282.13
2022-07-05|278.31|287.08|276.7501|286.96
2022-07-06|287.35|290.95|285.59|288.8
2022-07-07|289.63|295.7|289.63|294.98
2022-07-08|292.08|296.75|291.12|295.35
2022-07-11|292.88|293.11|288.14|289.04
2022-07-12|290.32|292.28|284.61|286.24
2022-07-13|280.6|288.05|280.02|285.65
2022-07-14|282.99|287.56|279.8|286.67
2022-07-15|289.73|291.98|288.08|291.87
2022-07-18|294.72|296.16|288.2|289.4
2022-07-19|293.11|298.6|291.47|298.3
2022-07-20|298.73|304.24|297.9329|303.03
2022-07-21|303.5|307.435|300.78|307.38
2022-07-22|306.43|308.55|300.115|301.99
2022-07-25|302.02|302.5|298.22|300.27
2022-07-26|298.53|298.79|293.54|294.37
2022-07-27|299.04|308.54|298.46|306.81
2022-07-28|306.59|310.3965|302.745|309.81
2022-07-29|311.385|316.39|309.931|315.46
2022-08-01|313.65|318.81|312.53|315.27
2022-08-02|312.92|318.545|311.8401|314.33
2022-08-03|316.05|323.7291|315.99|322.89
2022-08-04|322.97|324.72|320.77|324.4
2022-08-05|319.19|323.83|318.39|321.75
2022-08-08|322.69|326.47|319.21|320.71
2022-08-09|318.77|319.03|315.42|317.08
2022-08-10|324.59|326.23|322.0601|325.93
2022-08-11|328.305|330.36|323.36|324.08
2022-08-12|326.175|330.585|325.1001|330.39
2022-08-15|329.42|333.5652|329.4|333.06
2022-08-16|332.055|334.4209|329.16|332.28
2022-08-17|329.07|331.43|326.36|328.49
2022-08-18|328.44|330.49|326.79|329.28
2022-08-19|326.17|326.84|322.08|322.86
2022-08-22|318.5|318.74|313.53|314.36
2022-08-23|314.12|317|313.33|314.1
2022-08-24|313.61|316.87|312.99|315.01
2022-08-25|316.83|320.6|315.7577|320.58
2022-08-26|320.28|321.51|307.35|307.44
2022-08-29|304.62|307.22|303.28|304.41
2022-08-30|306.1|306.73|298.44|301.02
2022-08-31|303.99|304.91|299.16|299.27
2022-09-01|296.72|299.78|292.95|299.4
2022-09-02|302.34|303.75|293.52|295.17
2022-09-06|295.66|296.6|290.87|293.05
2022-09-07|293.54|299.99|293.27|298.97
2022-09-08|296.85|301.87|295.45|300.52
2022-09-09|302.83|307.6|300.5209|307.09
2022-09-12|308.5|311.08|308.18|310.74
2022-09-13|301.8|303.02|292.785|293.7
2022-09-14|294.865|296.93|293.06|296.03
2022-09-15|294.07|296.53|289.46|291.1
2022-09-16|287.72|289.72|285.62|289.32
2022-09-19|286.1|291.21|286.04|291.05
2022-09-20|288.49|291.07|286.38|288.73
2022-09-21|289.59|293.95|283.42|283.56
2022-09-22|282|283.03|278.815|280.07
2022-09-23|277.55|277.85|272.02|275.51
2022-09-26|275.03|279.49|273.56|274.37
2022-09-27|277.81|280.21|272.11|274.48
2022-09-28|274.46|281.25|272.945|279.94
2022-09-29|275.86|276.25|268.84|271.87
2022-09-30|271.03|275.19|267.1|267.26
2022-10-03|269.07|275.16|267.53|273.53
2022-10-04|278.99|282.85|278.99|282.13
2022-10-05|278.28|283.81|275.42|281.98
2022-10-06|280.96|284.18|279.43|279.76
2022-10-07|275.02|275.15|267.74|269.1
2022-10-10|269.3|269.7|263.64|266.41
2022-10-11|264.7|267.63|261.03|262.75
2022-10-12|263.4|265.36|261.95|262.66
2022-10-13|255.16|270.17|254.26|268.82
2022-10-14|271.2|271.81|260.14|260.74
2022-10-17|266.84|270.24|266.74|269.35
2022-10-18|276.53|277.21|268.74|271.48
2022-10-19|269.93|273.68|268.07|270.49
2022-10-20|269.58|274.84|267.92|269.11
2022-10-21|267.98|275.969|266.8236|275.42
2022-10-24|275.69|279.4|271.97|278.45
2022-10-25|279.41|284.6|277.9|284.21
2022-10-26|278.46|283.98|277.43|277.93
2022-10-27|276.79|278.2795|272.34|272.87
2022-10-28|272.23|281.698|272.06|281.22
2022-10-31|278.92|279.76|275.99|277.95
2022-11-01|281.495|282.07|274.74|275.11
2022-11-02|275.08|278.21|265.61|265.68
2022-11-03|263.01|264.5|260.1|260.49
2022-11-04|265.53|266.61|259.08|264.68
2022-11-07|265.75|268.14|263.57|267.59
2022-11-08|269.14|272.85|265.52|269.54
2022-11-09|267.76|268.56|263.03|263.32
2022-11-10|276.01|283.05|273.85|282.75
2022-11-11|282.56|288.64|281.19|287.96
2022-11-14|285.86|289.215|284.44|285.44
2022-11-15|292.21|293.26|285.97|289.39
2022-11-16|287.39|289.4838|284.6|285.44
2022-11-17|280.88|286.3189|280.72|284.81
2022-11-18|287.89|287.99|282.3211|284.82
2022-11-21|283.4|284.58|281.04|281.89
2022-11-22|282.64|286.11|280.46|285.95
2022-11-23|285.97|289.46|285.79|288.82
2022-11-25|287.19|287.91|286.42|286.92
2022-11-28|284.9|286.96|281.76|282.71
2022-11-29|282.94|283.35|279.17|280.57
2022-11-30|280.84|293.47|279.97|293.36
2022-12-01|293.69|295.75|290.88|293.72
2022-12-02|288.54|293.45|288.36|292.55
2022-12-05|290.38|291.68|286.15|287.64
2022-12-06|287.48|287.62|280.255|281.68
2022-12-07|280.47|282.57|278.7801|280.53
2022-12-08|281.91|284.84|279.79|283.85
2022-12-09|282.81|285.64|281.59|282.04
2022-12-12|282.22|285.64|281.16|285.58
2022-12-13|296.65|296.875|285.91|288.65
2022-12-14|288.05|291.41|283.19|286.51
2022-12-15|282.33|283.01|275.67|276.89
2022-12-16|276.2|277.77|272.61|274.25
2022-12-19|273.87|273.96|268.49|269.75
2022-12-20|268.56|271.32|266.95|269.54
2022-12-21|270.6|274.78|269.74|273.45
2022-12-22|270.38|270.5149|262.455|266.76
2022-12-23|265.47|268.04|263.53|267.36
2022-12-27|266.74|266.85|263.03|263.58
2022-12-28|263.17|265.47|259.73|260.1
2022-12-29|262.96|267.405|262.25|266.44
2022-12-30|263.62|266.41|262.29|266.28
2023-01-03|268.65|270.155|262.13|264.48
2023-01-04|266.64|267.45|262.53|265.74
2023-01-05|264.04|264.21|261.26|261.58
2023-01-06|263.35|269.94|260.34|268.8
2023-01-09|270.83|275.29|269.92|270.54
2023-01-10|269.49|272.94|268.97|272.83
2023-01-11|273.92|277.66|273.12|277.55
2023-01-12|278.12|280.1|273.74|279.05
2023-01-13|276.5|281.219|276.16|280.97
2023-01-17|280.77|282.85|279.581|281.54
2023-01-18|283.11|284.69|277.67|277.88
2023-01-19|276.22|277.375|273.89|275.15
2023-01-20|276.79|283.02|275.71|282.68
2023-01-23|283.54|290.21|282.73|288.96
2023-01-24|287.31|289.55|286.78|288.37
2023-01-25|283.77|288.36|281.18|287.73
2023-01-26|291.22|293.52|288.519|293.34
2023-01-27|292|298.26|291.88|296.26
2023-01-30|292.93|294.38|289.89|290.27
2023-01-31|290.31|294.72|290.2|294.62
2023-02-01|294.41|303.43|292.3|300.92
2023-02-02|307.57|313.68|306.73|311.72
2023-02-03|304.94|312.39|304.54|306.18
2023-02-06|303.51|305.91|302.22|303.59
2023-02-07|303.46|311.03|302.32|309.88
2023-02-08|308.54|309.5|303.67|304.37
2023-02-09|308.84|308.99|300.2|301.68
2023-02-10|299.48|301.57|297.25|299.7
2023-02-13|301.13|305.1|299.93|304.5
2023-02-14|302.89|307.72|300.91|306.75
2023-02-15|304.9|309.27|304.2|309.1
2023-02-16|304.38|308.43|303.15|303.3
2023-02-17|301.07|301.93|298.1|301.16
2023-02-21|297.26|298.73|293.89|294.03
2023-02-22|294.62|296.3599|292.56|294.25
2023-02-23|297.97|298.13|292.55|296.82
2023-02-24|291.76|292.97|290.05|291.85
2023-02-27|295.07|296.49|293.34|293.94
2023-02-28|293.3|296.124|292.96|293.56
2023-03-01|293.26|293.93|290.2|291.2
2023-03-02|288.66|294.43|288.37|293.61
2023-03-03|295.39|299.92|294.87|299.68
2023-03-06|300.94|304|299.82|300.02
2023-03-07|300.07|301.01|295.72|296.34
2023-03-08|296.77|298.43|294.88|297.82
2023-03-09|298.33|300.98|291.8299|292.66
2023-03-10|292.83|294.35|287.38|288.55
2023-03-13|286.73|294.47|285.19|290.69
2023-03-14|294.31|297.93|293.45|297.37
2023-03-15|294.71|299.27|293.24|298.93
2023-03-16|298|307.18|297.19|306.81
2023-03-17|306.72|309.15|303.37|305.36
2023-03-20|304.26|306.3|302.01|305.97
2023-03-21|307.94|310.8|306.395|310.34
2023-03-22|310.27|315.25|305.95|306.12
2023-03-23|309.92|314.15|307.01|309.75
2023-03-24|309.32|310.99|306.95|310.89
2023-03-27|311.6|312.7|307.89|308.76
2023-03-28|308.17|308.2|304.774|307.12
2023-03-29|310.88|313.35|310.05|312.72
2023-03-30|315.24|316.32|312.8088|315.68
2023-03-31|315.91|321.17|315.6|320.93
2023-04-03|318.77|320.42|317.4201|320.15
2023-04-04|320.6|321.63|317.8251|319.07
2023-04-05|318.1|319.06|314.07|315.92
2023-04-06|314.24|318.55|312.82|318.05
2023-04-10|315.07|317.92|313.25|317.87
2023-04-11|317.83|317.89|315.31|315.83
2023-04-12|317.82|318.42|312.565|313.04
2023-04-13|314.83|319.65|313.63|319.17
2023-04-14|317.59|320.36|315.61|318.57
2023-04-17|318.15|319.1999|316.04|318.84
2023-04-18|320.99|321.42|317.64|318.86
2023-04-19|316.41|319.79|316.28|318.71
2023-04-20|315.69|319.27|314.97|316.28
2023-04-21|315.91|317.4|314.1|316.61
2023-04-24|316.38|317.7391|313.74|315.95
2023-04-25|314.29|314.97|309.89|309.99
2023-04-26|313.44|314.935|311.34|311.87
2023-04-27|315.7|320.86|315.05|320.35
2023-04-28|320.11|322.65|318.96|322.56
2023-05-01|322.09|323.63|321.09|322.19
2023-05-02|322.12|322.45|317.61|319.38
2023-05-03|319.75|322.47|317.18|317.29
2023-05-04|317.06|318.23|315.115|316.17
2023-05-05|318.47|323.76|316.2116|322.89
2023-05-08|322.42|324.04|321.315|323.69
2023-05-09|322|322.88|321.32|321.64
2023-05-10|324.12|326.01|321.6|325.14
2023-05-11|325.7|326.75|324.12|326.2
2023-05-12|326.74|327.17|322.94|325.03
2023-05-15|325.51|327.03|323.96|326.79
2023-05-16|326.06|328.9025|326.02|327.16
2023-05-17|328.24|331.71|327.04|331.12
2023-05-18|331.52|337.49|331.5|337.27
2023-05-19|337.49|338.205|335.43|336.51
2023-05-22|336.25|338.67|336.24|337.64
2023-05-23|335.89|337.06|333|333.36
2023-05-24|331.37|332.905|329.56|331.65
2023-05-25|339.14|341.01|336.665|339.72
2023-05-26|340.76|349.245|340.66|348.4
2023-05-30|352.71|353.93|348.53|349.98
2023-05-31|348.37|350.6|346.51|347.99
2023-06-01|347.73|353.36|346.66|352.01
2023-06-02|353.8|355.83|352.01|354.65
2023-06-05|354.43|357.495|353.85|354.9
2023-06-06|354.28|355.82|352.93|354.84
2023-06-07|355.13|357.12|348.18|348.82
2023-06-08|349.12|353.62|348.89|353.15
2023-06-09|354.63|357.66|353.03|354.5
2023-06-12|356.19|360.59|355.2|360.49
2023-06-13|363.29|364.11|360.03|363.26
2023-06-14|363.27|366.19|360.42|365.9
2023-06-15|364.61|371.77|363.98|370.26
2023-06-16|372.72|372.85|367.48|367.93
2023-06-20|365.95|368.32|363.8899|366.9
2023-06-21|365.74|366.18|360.96|361.9
2023-06-22|360.63|366.33|360.22|366.17
2023-06-23|362.21|364.88|360.8227|362.54
2023-06-26|362|364.84|357.59|357.68
2023-06-27|359.25|364.57|358.51|363.83
2023-06-28|361.98|366.52|361.9038|364.54
2023-06-29|364.24|364.89|362.14|363.81
2023-06-30|367.55|370.49|367.23|369.42
2023-07-03|370.07|370.93|368.97|370.29
2023-07-05|368.695|372.01|368.66|370.28
2023-07-06|366.51|367.91|364.52|367.46
2023-07-07|367.23|370.48|366.01|366.24
2023-07-10|365.96|367.05|363.41|366.36
2023-07-11|366.79|368.632|364.62|368.17
2023-07-12|372.34|374.19|370.3|372.82
2023-07-13|376.05|379.99|375.46|379.15
2023-07-14|379.585|382.86|378.18|379.07
2023-07-17|379.8|383.5|379.31|382.61
2023-07-18|381.96|387.13|380|385.74
2023-07-19|386.82|387.98|384.3|385.65
2023-07-20|382.61|384.095|375.72|376.76
2023-07-21|379.18|379.92|375.191|375.63
2023-07-24|376.62|377.58|374.34|376.23
2023-07-25|376.95|380.47|376.93|378.78
2023-07-26|377.72|379.24|375.18|377.52
2023-07-27|383.07|384.71|375.31|376.62
2023-07-28|380.74|384.52|380.22|383.48
2023-07-31|383.79|384.88|382.34|383.68
2023-08-01|382.31|383.56|380.69|382.79
2023-08-02|379.26|379.26|373.13|374.39
2023-08-03|371.94|375.95|371.77|373.79
2023-08-04|375.75|378.1|371.53|372.04
2023-08-07|373.88|375.29|371.51|375.19
2023-08-08|372.64|372.66|368.82|372
2023-08-09|372.29|372.45|367.14|367.91
2023-08-10|370.97|374.36|367.035|368.59
2023-08-11|365.99|368|364.69|366.24
2023-08-14|365.43|370.47|364.7|370.35
2023-08-15|369.36|370.169|365.74|366.42
2023-08-16|365.87|367.43|362.44|362.54
2023-08-17|363.96|364.31|358.16|358.58
2023-08-18|355.26|359.41|354.71|358.13
2023-08-21|359.62|364.59|359.15|363.9
2023-08-22|366.55|366.56|362.68|363.38
2023-08-23|364.58|370.22|364.36|369.11
2023-08-24|372.64|372.74|361.01|361.22
2023-08-25|362.07|365.74|358.58|364.02
2023-08-28|366.99|367.71|364.25|366.76
2023-08-29|366.56|375.13|366.231|374.77
2023-08-30|374.88|377.4467|373.86|376.86
2023-08-31|376.94|379.719|376.87|377.99
2023-09-01|380.4|380.83|376.0801|377.59
2023-09-05|376.77|379.3093|375.83|378.07
2023-09-06|377.28|377.63|372.7|374.74
2023-09-07|370.21|372.85|369.15|372.06
2023-09-08|372.01|374.85|371.6|372.58
2023-09-11|375.66|377.49|373.66|376.97
2023-09-12|375.27|376.9517|372.5|372.79
2023-09-13|373.03|375.84|371.88|374.21
2023-09-14|375.99|378.27|373.89|377.27
2023-09-15|375.91|376.32|369.86|370.81
2023-09-18|369.32|371.79|369.03|370.66
2023-09-19|369.32|370.6826|366.8|369.87
2023-09-20|370.95|371.31|364.46|364.54
2023-09-21|360.8|361.6|357.69|357.86
2023-09-22|359.63|361.8|357.59|357.91
2023-09-25|356.93|359.7|355.93|359.61
2023-09-26|356.99|357.54|353.2101|354.21
2023-09-27|355.38|356.98|351.36|355.04
2023-09-28|354.11|360.17|353.24|358.01
2023-09-29|361.54|362.95|357.02|358.27
2023-10-02|358.54|362.68|357.92|361.26
2023-10-03|358.78|361.01|353.275|354.92
2023-10-04|355.77|360.61|355.3|359.75
2023-10-05|359.74|360.15|355.14|358.69
2023-10-06|355.65|365.91|354.85|364.7
2023-10-09|362.3|367.11|360.78|366.56
2023-10-10|366.9|371.28|366.39|368.59
2023-10-11|369.94|371.412|368.19|371.22
2023-10-12|371.73|373.74|367.5|369.93
2023-10-13|370.57|371.16|363.86|365.28
2023-10-16|366.62|370.48|366.47|369.41
2023-10-17|365.81|369.92|363.66|368.2
2023-10-18|365.67|367.91|362.02|363.37
2023-10-19|364.81|366.02|359.16|359.97
2023-10-20|359.46|360.04|354.37|354.6
2023-10-23|353.26|359.26|351.1199|355.67
2023-10-24|357.51|359.91|355.79|359.13
2023-10-25|356.7|356.88|349.75|350.34
2023-10-26|349.12|350.07|342.35|343.66
2023-10-27|346.43|348.84|344.08|345.31
2023-10-30|347.83|350.54|346.45|349.2
2023-10-31|349.23|351.25|346.62|350.87
2023-11-01|351.72|357.5298|351.62|356.96
2023-11-02|361.54|363.68|360.3|363.44
2023-11-03|364.75|369.02|364.52|367.71
2023-11-06|368.49|369.78|366.91|369.21
2023-11-07|370.27|373.58|369.045|372.7
2023-11-08|373.08|373.79|370.62|372.94
2023-11-09|373.64|374.8|369.57|370.07
2023-11-10|371.82|378.54|371.28|378.39
2023-11-13|376.79|378.28|375.24|377.21
2023-11-14|383.71|386.26|383.18|385.33
2023-11-15|387.25|387.75|384.235|385.62
2023-11-16|384.84|386.19|383.56|385.95
2023-11-17|385.21|387.07|384.29|386.04
2023-11-20|386.05|391.41|386.05|390.74
2023-11-21|389.01|389.23|386.7|388.47
2023-11-22|390.57|393.07|389.04|390.06
2023-11-24|389.65|390.25|388.5|389.51
2023-11-27|389.01|391.1499|388.28|389.17
2023-11-28|388.41|390.78|388.05|390.19
2023-11-29|392.69|394.14|389.46|389.81
2023-11-30|390.08|390.55|385.82|388.83
2023-12-01|387.75|390.54|386.0726|389.94
2023-12-04|386.09|386.595|382.66|386.32
2023-12-05|384.39|388.5|384.21|387.29
2023-12-06|390.27|390.37|384.7|385.05
2023-12-07|388.07|391.27|386.96|390.43
2023-12-08|388.67|392.62|388.4801|392.17
2023-12-11|391.74|395.79|391.53|395.52
2023-12-12|395.56|398.79|394.41|398.67
2023-12-13|399.62|404.36|398.8399|403.74
2023-12-14|404.98|406.3|400.34|403.39
2023-12-15|404.18|406.5399|403.57|405.34
2023-12-18|404.93|407.99|404.6|407.08
2023-12-19|407.54|409.28|407.345|409.16
2023-12-20|408.35|410.4699|402.9|403.08
2023-12-21|407.06|408.14|404.47|407.77
2023-12-22|409|409.97|406.4787|408.38
2023-12-26|409.25|411.56|409.15|410.88
2023-12-27|410.95|411.7875|410.08|411.5
2023-12-28|412.67|412.92|410.94|411.3
2023-12-29|411.28|411.64|407.58|409.52
2024-01-02|405.84|406.09|400.24|402.59
2024-01-03|399.93|401|397.89|398.33
2024-01-04|396.44|399.59|396.06|396.28
2024-01-05|396.45|399.56|395.34|396.75