2018-08-01|14.353|14.575|14.217|14.4153
2018-08-02|14.079|15.03|14.076|14.982
2018-08-03|15.025|15.14|14.7984|15.14
2018-08-06|15.089|15.394|15.005|15.394
2018-08-07|15.413|15.705|15.413|15.551
2018-08-08|15.512|15.75|15.3941|15.666
2018-08-09|15.722|15.8589|15.659|15.685
2018-08-10|15.357|15.513|15.179|15.316
2018-08-13|15.363|15.717|15.231|15.257
2018-08-14|15.402|15.5641|15.1588|15.533
2018-08-15|15.22|15.393|14.7325|15.123
2018-08-16|15.45|15.551|15.198|15.295
2018-08-17|15.172|15.467|14.989|15.368
2018-08-20|15.459|15.4618|15.0891|15.287
2018-08-21|15.377|15.64|15.3|15.349
2018-08-22|15.257|15.5554|15.15|15.483
2018-08-23|15.314|15.837|15.314|15.57
2018-08-24|15.684|16.0549|15.625|16.043
2018-08-27|16.3|16.51|16.18|16.489
2018-08-28|16.635|16.664|16.4322|16.541
2018-08-29|16.6|17.048|16.6|17.003
2018-08-30|16.881|17.1581|16.7|16.859
2018-08-31|16.758|17.007|16.719|16.899
2018-09-04|16.709|16.7593|16.352|16.704
2018-09-05|16.643|16.6457|15.8197|16.03
2018-09-06|15.999|16.0756|15.35|15.705
2018-09-07|15.42|15.902|15.3684|15.546
2018-09-10|15.75|15.7609|15.445|15.681
2018-09-11|15.519|16.183|15.4485|16.081
2018-09-12|15.988|15.988|15.5|15.904
2018-09-13|16.196|16.547|16.1794|16.416
2018-09-14|16.5|16.6|16.194|16.393
2018-09-17|16.304|16.393|15.727|15.766
2018-09-18|15.728|16.288|15.699|16.047
2018-09-19|16.036|16.2015|15.6739|15.953
2018-09-20|16.242|16.55|16.1|16.4951
2018-09-21|16.669|16.761|16.288|16.331
2018-09-24|16.068|16.537|15.8805|16.505
2018-09-25|16.472|16.555|16.265|16.463
2018-09-26|16.483|16.7225|16.18|16.228
2018-09-27|16.457|16.6919|16.457|16.529
2018-09-28|16.459|16.784|16.4113|16.721
2018-10-01|16.98|17.161|16.817|16.966
2018-10-02|16.934|17.2529|16.766|16.959
2018-10-03|17.155|17.35|17.043|17.1142
2018-10-04|16.931|16.931|15.881|16.225
2018-10-05|16.189|16.301|15.13|15.582
2018-10-08|15.4|15.505|14.54|15.055
2018-10-09|15.05|15.459|14.9228|15.205
2018-10-10|14.938|14.938|12.9978|13.101
2018-10-11|12.964|13.5409|12.2|12.533
2018-10-12|13.55|13.814|12.947|13.701
2018-10-15|13.543|13.5683|12.99|13.033
2018-10-16|13.519|14.303|13.4347|14.207
2018-10-17|14.246|14.2879|13.6201|14.024
2018-10-18|13.804|13.82|12.9271|13.157
2018-10-19|13.4|13.811|13.004|13.157
2018-10-22|13.365|13.718|13.096|13.472
2018-10-23|12.694|13.524|12.2305|13.324
2018-10-24|13.223|13.3047|11.501|11.559
2018-10-25|12.061|12.895|11.946|12.676
2018-10-26|11.69|12.604|11.4147|11.927
2018-10-29|12.455|12.687|10.6272|11.335
2018-10-30|11.248|11.8244|11.01|11.693
2018-10-31|12.231|12.829|12.231|12.531
2018-11-01|12.627|13.005|12.2823|12.996
2018-11-02|12.597|12.908|11.8982|12.232
2018-11-05|12.199|12.237|11.657|12.2
2018-11-06|12.13|12.5614|12.1139|12.403
2018-11-07|12.845|13.484|12.784|13.467
2018-11-08|13.327|13.5011|13.205|13.422
2018-11-09|13.053|13.1216|12.4199|12.773
2018-11-12|12.378|12.452|11.3515|11.41
2018-11-13|11.481|12.018|11.335|11.446
2018-11-14|11.794|11.876|10.856|11.017
2018-11-15|11.107|11.9217|10.878|11.838
2018-11-16|11.41|11.995|11.3628|11.794
2018-11-19|11.6|11.6472|10.351|10.442
2018-11-20|9.574|10.1656|9.37|9.779
2018-11-21|10.182|10.277|9.851|9.958
2018-11-23|9.63|10.024|9.603|9.683
2018-11-26|10.1|10.34|9.918|10.34
2018-11-27|10.09|10.458|9.95|10.41
2018-11-28|10.647|11.491|10.6|11.482
2018-11-29|11.408|11.4388|10.987|11.166
2018-11-30|11.192|11.5|11.037|11.492
2018-12-03|12.399|12.399|11.8543|12.242
2018-12-04|12.041|12.041|10.759|10.82
2018-12-06|10.074|10.887|9.908|10.887
2018-12-07|10.733|10.8913|9.614|9.729
2018-12-10|9.62|10.2521|9.4153|10.155
2018-12-11|10.657|10.6799|9.942|10.184
2018-12-12|10.707|10.9|10.407|10.428
2018-12-13|10.59|10.799|10.296|10.466
2018-12-14|10.1|10.25|9.6658|9.693
2018-12-17|9.587|9.781|8.848|9.084
2018-12-18|9.321|9.525|9.071|9.29
2018-12-19|9.262|9.747|8.438|8.752
2018-12-20|8.616|8.877|7.896|8.272
2018-12-21|8.293|8.5514|7.393|7.482
2018-12-24|7.277|7.558|6.896|6.896
2018-12-26|7.06|8.1374|6.924|8.125
2018-12-27|7.806|8.349|7.35|8.349
2018-12-28|8.503|8.678|8.046|8.269
2018-12-31|8.481|8.584|8.2811|8.5
2019-01-02|8|8.652|7.9171|8.503
2019-01-03|7.836|7.93|7.24|7.251
2019-01-04|7.629|8.26|7.539|8.171
2019-01-07|8.19|8.553|8.114|8.385
2019-01-08|8.637|8.7111|8.3|8.61
2019-01-09|8.708|9.06|8.7053|8.92
2019-01-10|8.751|9.053|8.598|9.038
2019-01-11|8.891|9.007|8.8289|8.995
2019-01-14|8.742|8.824|8.647|8.75
2019-01-15|8.804|9.1849|8.79|9.132
2019-01-16|9.178|9.327|9.115|9.147
2019-01-17|9.045|9.481|8.982|9.333
2019-01-18|9.569|9.8098|9.42|9.751
2019-01-22|9.54|9.55|9.031|9.249
2019-01-23|9.35|9.561|9.045|9.349
2019-01-24|9.446|9.688|9.438|9.591
2019-01-25|9.792|10.064|9.698|9.999
2019-01-28|9.532|9.588|9.334|9.585
2019-01-29|9.602|9.634|9.234|9.293
2019-01-30|9.743|10.2075|9.606|10.137
2019-01-31|9.99|10.268|9.888|10.092
2019-02-01|10.096|10.433|10.036|10.279
2019-02-04|10.3|10.774|10.3|10.774
2019-02-05|10.879|11.114|10.87|11.045
2019-02-06|11.092|11.225|10.938|11.15
2019-02-07|10.856|10.9755|10.47|10.679
2019-02-08|10.382|10.856|10.363|10.856
2019-02-11|10.964|11.0552|10.773|10.844
2019-02-12|11.059|11.312|11.0172|11.283
2019-02-13|11.448|11.55|11.297|11.323
2019-02-14|11.237|11.48|11.165|11.362
2019-02-15|11.613|11.67|11.437|11.623
2019-02-19|11.535|11.7475|11.5245|11.649
2019-02-20|11.698|11.825|11.5|11.674
2019-02-21|11.61|11.833|11.4825|11.701
2019-02-22|11.878|12.155|11.8762|12.13
2019-02-25|12.437|12.5595|12.2893|12.318
2019-02-26|12.211|12.492|12.18|12.39
2019-02-27|12.273|12.392|11.974|12.356
2019-02-28|12.215|12.375|12.155|12.25
2019-03-01|12.505|12.57|12.191|12.48
2019-03-04|12.662|12.734|11.939|12.352
2019-03-05|12.318|12.32|12.116|12.231
2019-03-06|12.204|12.238|11.988|12.031
2019-03-07|11.913|11.951|11.572|11.692
2019-03-08|11.253|11.7|11.174|11.677
2019-03-11|11.827|12.4599|11.827|12.439
2019-03-12|12.54|12.769|12.4346|12.646
2019-03-13|12.82|13.1152|12.775|12.899
2019-03-14|12.98|13.077|12.857|12.97
2019-03-15|13.071|13.6085|13.071|13.435
2019-03-18|13.508|13.707|13.358|13.6
2019-03-19|13.74|13.843|13.491|13.66
2019-03-20|13.608|13.8625|13.289|13.522
2019-03-21|13.57|14.631|13.5554|14.563
2019-03-22|14.307|14.4925|13.493|13.499
2019-03-25|13.4|13.599|13.079|13.346
2019-03-26|13.681|13.929|13.315|13.563
2019-03-27|13.622|13.7471|12.975|13.342
2019-03-28|13.433|13.635|13.235|13.489
2019-03-29|13.802|13.876|13.6136|13.863
2019-04-01|14.257|14.48|14.05|14.432
2019-04-02|14.471|14.634|14.341|14.585
2019-04-03|14.847|15.15|14.75|14.934
2019-04-04|14.938|15.0299|14.5|14.759
2019-04-05|14.888|14.9813|14.805|14.938
2019-04-08|14.835|15.125|14.638|15.117
2019-04-09|14.92|15.073|14.789|14.897
2019-04-10|14.923|15.213|14.911|15.213
2019-04-11|15.3|15.3|15.05|15.138
2019-04-12|15.377|15.439|15.137|15.439
2019-04-15|15.471|15.55|15.184|15.437
2019-04-16|15.598|15.702|15.446|15.661
2019-04-17|15.925|15.964|15.69|15.91
2019-04-18|16|16.05|15.692|16.038
2019-04-22|15.817|16.1617|15.763|16.144
2019-04-23|16.24|16.724|16.1806|16.692
2019-04-24|16.724|16.924|16.632|16.705
2019-04-25|16.953|17.075|16.409|16.655
2019-04-26|16.388|16.49|15.9631|16.474
2019-04-29|16.5|16.644|16.45|16.483
2019-04-30|16.45|16.6271|16.183|16.583
2019-05-01|17.028|17.19|16.444|16.457
2019-05-02|16.4|16.77|15.922|16.179
2019-05-03|16.419|16.665|16.282|16.636
2019-05-06|15.4|16.3122|15.2242|16.263
2019-05-07|15.663|15.84|14.756|15.1947
2019-05-08|15.019|15.525|14.977|15.136
2019-05-09|14.575|14.953|14.0626|14.83
2019-05-10|14.6|15.155|13.895|14.952
2019-05-13|13.684|13.946|13.142|13.27
2019-05-14|13.482|14.145|13.462|13.913
2019-05-15|13.588|14.467|13.524|14.33
2019-05-16|14.39|15.052|14.3004|14.779
2019-05-17|14.299|14.9641|14.297|14.395
2019-05-20|13.674|13.962|13.4089|13.629
2019-05-21|14.05|14.25|13.962|14.118
2019-05-22|13.846|14.155|13.825|13.898
2019-05-23|13.325|13.35|12.867|13.172
2019-05-24|13.39|13.5681|13.1251|13.184
2019-05-28|13.274|13.545|13.03|13.033
2019-05-29|12.767|13.0007|12.556|12.806
2019-05-30|12.923|13.1225|12.788|13.042
2019-05-31|12.552|12.75|12.379|12.399
2019-06-03|12.442|12.66|11.488|11.731
2019-06-04|12.171|12.91|12.011|12.899
2019-06-05|13.399|13.5065|12.983|13.441
2019-06-06|13.489|13.9526|13.3336|13.886
2019-06-07|14.094|14.9|14.01|14.645
2019-06-10|14.961|15.5135|14.961|15.079
2019-06-11|15.574|15.603|14.85|15.104
2019-06-12|14.897|14.984|14.731|14.839
2019-06-13|15.012|15.1245|14.802|14.966
2019-06-14|14.564|14.71|14.38|14.558
2019-06-17|14.618|14.8095|14.5114|14.636
2019-06-18|15.068|15.6|14.9286|15.397
2019-06-19|15.528|15.675|15.234|15.576
2019-06-20|16.283|16.3878|15.844|16.234
2019-06-21|16.11|16.417|15.984|16.006
2019-06-24|16.102|16.246|16.033|16.095
2019-06-25|16.053|16.217|15.143|15.203
2019-06-26|15.652|16.008|15.6338|15.689
2019-06-27|15.837|15.971|15.711|15.805
2019-06-28|15.95|15.9794|15.65|15.858
2019-07-01|16.886|16.925|16.3495|16.575
2019-07-02|16.493|16.7|16.41|16.7
2019-07-03|16.801|17.036|16.7|17.036
2019-07-05|16.688|17.036|16.4419|16.976
2019-07-08|16.564|16.6029|16.318|16.566
2019-07-09|16.289|16.766|16.241|16.728
2019-07-10|16.992|17.414|16.989|17.113
2019-07-11|17.243|17.5|17.14|17.314
2019-07-12|17.461|17.716|17.3696|17.704
2019-07-15|17.819|17.947|17.7121|17.844
2019-07-16|17.825|17.825|17.258|17.352
2019-07-17|17.441|17.5622|17.215|17.226
2019-07-18|17.128|17.678|17.0161|17.621
2019-07-19|18|18.091|17.307|17.322
2019-07-22|17.517|18.07|17.517|17.972
2019-07-23|18.273|18.289|17.855|18.24
2019-07-24|18.142|18.71|18.076|18.71
2019-07-25|18.582|18.582|18.16|18.257
2019-07-26|18.486|18.671|18.4619|18.585
2019-07-29|18.57|18.636|18.1056|18.561
2019-07-30|18.134|18.4|18.0465|18.177
2019-07-31|18.506|18.515|16.769|17.339
2019-08-01|17.403|18.519|16.831|17.097
2019-08-02|16.694|16.694|15.774|16.188
2019-08-05|14.894|15.019|13.8307|14.21
2019-08-06|14.79|15.0512|14.431|14.928
2019-08-07|14.374|15.3012|14.153|15.203
2019-08-08|15.556|16.3|15.45|16.3
2019-08-09|15.999|16.137|15.3612|15.716
2019-08-12|15.416|15.562|14.8851|15.097
2019-08-13|15.042|16.4|14.982|16.218
2019-08-14|15.327|15.553|14.6199|14.756
2019-08-15|14.829|14.9|14.288|14.674
2019-08-16|15.174|15.57|15.0915|15.473
2019-08-19|16.212|16.338|15.937|16.192
2019-08-20|16.11|16.357|15.926|15.96
2019-08-21|16.413|16.62|16.3|16.48
2019-08-22|16.59|16.725|15.95|16.371
2019-08-23|16.107|16.56|14.556|14.771
2019-08-26|15.302|15.375|14.982|15.357
2019-08-27|15.674|15.748|15.0375|15.279
2019-08-28|15.032|15.3913|14.705|15.318
2019-08-29|15.937|16.2549|15.772|16.116
2019-08-30|16.426|16.4773|15.7551|16.076
2019-09-03|15.693|15.8699|15.3317|15.515
2019-09-04|16.022|16.315|15.952|16.315
2019-09-05|16.929|17.517|16.9257|17.35
2019-09-06|17.431|17.4376|17.127|17.259
2019-09-09|17.497|17.517|16.6|16.892
2019-09-10|16.601|16.6433|16.039|16.617
2019-09-11|16.82|17.138|16.672|17.119
2019-09-12|17.426|17.8|17.19|17.391
2019-09-13|17.314|17.314|16.9757|17.018
2019-09-16|16.6|16.989|16.564|16.9
2019-09-17|16.906|17.08|16.821|17.075
2019-09-18|17.025|17.1116|16.38|17.111
2019-09-19|17.234|17.64|17.1222|17.219
2019-09-20|17.369|17.398|16.4906|16.6
2019-09-23|16.543|16.894|16.5|16.739
2019-09-24|17.046|17.24|16.035|16.221
2019-09-25|16.178|16.947|15.7251|16.8
2019-09-26|16.793|17.025|16.489|16.837
2019-09-27|16.919|16.9569|15.812|16.18
2019-09-30|16.361|16.8034|16.326|16.679
2019-10-01|16.902|17.2485|16.206|16.235
2019-10-02|15.894|15.901|14.962|15.294
2019-10-03|15.257|15.882|14.7229|15.863
2019-10-04|16.158|16.692|16.15|16.644
2019-10-07|16.489|16.832|16.364|16.429
2019-10-08|16.122|16.238|15.547|15.548
2019-10-09|16.028|16.38|15.9422|16.214
2019-10-10|16.15|16.7253|16.1036|16.525
2019-10-11|17.152|17.653|17.065|17.203
2019-10-14|17.154|17.4|17.154|17.196
2019-10-15|17.384|17.8651|17.3565|17.761
2019-10-16|17.544|17.544|17.184|17.409
2019-10-17|17.606|17.7094|16.994|17.269
2019-10-18|17.219|17.263|16.45|16.761
2019-10-21|17.083|17.331|16.885|17.331
2019-10-22|17.4|17.5782|16.575|16.62
2019-10-23|16.484|16.667|16.349|16.667
2019-10-24|17.136|17.41|17.0001|17.37
2019-10-25|17.341|18.0524|17.308|17.982
2019-10-28|18.427|18.704|18.427|18.661
2019-10-29|18.62|18.73|18.14|18.151
2019-10-30|18.314|18.543|17.971|18.5
2019-10-31|18.591|18.632|18.108|18.452
2019-11-01|18.698|19.099|18.564|19.099
2019-11-04|19.562|19.577|19.3|19.399
2019-11-05|19.57|19.57|19.143|19.318
2019-11-06|19.357|19.362|19.0202|19.336
2019-11-07|19.705|20.09|19.6111|19.751
2019-11-08|19.627|20.0808|19.388|20.0808
2019-11-11|19.725|20.195|19.68|20.117
2019-11-12|20.199|20.537|20.0696|20.289
2019-11-13|20.104|20.493|20.073|20.464
2019-11-14|20.255|20.425|20.0324|20.378
2019-11-15|20.8|20.8618|20.616|20.86
2019-11-18|20.895|21.1326|20.6083|21.05
2019-11-19|21.315|21.353|20.9377|21.179
2019-11-20|21.015|21.2|20.301|20.759
2019-11-21|20.675|20.725|20.333|20.483
2019-11-22|20.681|20.7259|20.124|20.403
2019-11-25|20.67|21.258|20.6566|21.258
2019-11-26|21.298|21.465|21.2|21.278
2019-11-27|21.5|21.658|21.322|21.65
2019-11-29|21.478|21.586|21.3671|21.43
2019-12-02|21.501|21.538|20.274|20.573
2019-12-03|19.498|20.037|19.323|20.037
2019-12-04|20.431|20.432|20.161|20.246
2019-12-05|20.449|20.51|20.1834|20.453
2019-12-06|20.938|21.182|20.8694|21.137
2019-12-09|21.035|21.216|20.791|20.81
2019-12-10|20.895|21.17|20.699|20.83
2019-12-11|21.019|21.3026|20.8783|21.255
2019-12-12|21.099|22.0275|20.9425|21.943
2019-12-13|21.904|22.5129|21.781|22.385
2019-12-16|22.893|23.191|22.862|22.964
2019-12-17|23.096|23.1805|22.712|22.808
2019-12-18|22.838|23.032|22.783|22.814
2019-12-19|22.852|23.278|22.85|23.259
2019-12-20|23.623|23.761|23.4971|23.626
2019-12-23|23.92|24.026|23.78|23.877
2019-12-24|23.953|23.962|23.7141|23.899
2019-12-26|23.999|24.407|23.978|24.403
2019-12-27|24.71|24.716|24.201|24.433
2019-12-30|24.382|24.382|23.421|23.998
2019-12-31|23.661|24.262|23.521|24.175
2020-01-02|24.85|25.523|24.7138|25.523
2020-01-03|24.504|25.193|24.4176|24.713
2020-01-06|23.992|24.907|23.8073|24.886
2020-01-07|24.983|25.168|24.6955|24.798
2020-01-08|24.866|25.915|24.75|25.617
2020-01-09|26.3|26.5|25.9316|26.484
2020-01-10|26.805|26.9|26.1482|26.3
2020-01-13|26.625|27.366|26.594|27.366
2020-01-14|27.404|27.4119|26.738|26.85
2020-01-15|26.935|27.337|26.676|26.964
2020-01-16|27.456|28.064|27.376|28.064
2020-01-17|28.413|28.64|27.967|28.624
2020-01-21|28.35|29.033|28.3|28.583
2020-01-22|29.152|29.437|28.7813|28.892
2020-01-23|28.913|29.3|28.557|29.295
2020-01-24|29.95|30.0657|28.515|28.832
2020-01-27|26.8|27.407|26.055|26.798
2020-01-28|27.492|28.5105|27.2842|28.289
2020-01-29|28.999|29.1077|28.1594|28.473
2020-01-30|28.414|29.298|27.991|29.265
2020-01-31|28.776|28.7782|26.529|26.844
2020-02-03|27|28.0824|26.8309|27.877
2020-02-04|29.267|30.2388|29.129|30.115
2020-02-05|31.63|31.65|29.962|30.638
2020-02-06|30.976|31.44|30.5747|31.432
2020-02-07|30.975|31.338|30.3711|30.602
2020-02-10|30.045|31.803|30|31.803
2020-02-11|32.571|32.6513|31.1701|31.491
2020-02-12|32.116|32.5|31.589|32.478
2020-02-13|31.735|32.731|31.5852|32.237
2020-02-14|32.444|32.777|32.1|32.652
2020-02-18|31.859|32.453|31.7401|32.324
2020-02-19|32.916|33.553|32.805|33.38
2020-02-20|33.202|33.416|31.007|32.383
2020-02-21|31.844|31.934|29.58|30.188
2020-02-24|25.681|27.661|25.077|26.392
2020-02-25|27.119|27.3859|23.6|23.894
2020-02-26|24.119|25.741|23.655|24.134
2020-02-27|21.633|23.2635|20.214|20.214
2020-02-28|17.821|21.299|17.8|20.76
2020-03-02|21.858|24.327|20.7305|24.324
2020-03-03|24.772|25.2529|20.811|21.465
2020-03-04|22.968|24.3378|22.0425|24.328
2020-03-05|22.3|23.727|21.555|21.959
2020-03-06|19.829|20.9685|18.8382|20.608
2020-03-09|15.793|18.448|15.6001|16.001
2020-03-10|18.135|19.0805|16.2|19.04
2020-03-11|17.5|17.9|15.6|16.415
2020-03-12|12.847|15.451|11.566|11.584
2020-03-13|13.878|15.698|12|15.698
2020-03-16|10.305|12.899|10|10.021
2020-03-17|10.021|11.352|8.9|10.877
2020-03-18|8.957|10.25|7.918|9.844
2020-03-19|9.468|10.774|8.8|9.718
2020-03-20|10.501|10.6607|8.387|8.5195
2020-03-23|8.568|8.877|7.415|8.313
2020-03-24|9.811|10.752|9.6124|10.7
2020-03-25|11.147|12.169|10.054|10.64
2020-03-26|11.118|12.7292|11.023|12.615
2020-03-27|11.515|12.152|10.9|10.97
2020-03-30|11.351|12.375|11.251|12.287
2020-03-31|12.234|12.8908|11.4226|11.624
2020-04-01|10.5|11.1338|9.708|9.966
2020-04-02|9.851|10.6829|9.731|10.6475
2020-04-03|10.505|10.847|9.7685|10.129
2020-04-06|11.433|12.947|11.2711|12.719
2020-04-07|14.2|14.2|12.336|12.426
2020-04-08|12.916|13.527|12.536|13.382
2020-04-09|13.943|14.077|13.1|13.397
2020-04-13|13.266|13.5319|12.6448|13.512
2020-04-14|14.485|15.272|14.219|15.199
2020-04-15|14.26|14.512|13.85|14.225
2020-04-16|14.752|14.8|13.991|14.684
2020-04-17|15.49|15.49|14.644|15.299
2020-04-20|14.717|15.2365|14.492|14.52
2020-04-21|13.901|14.0334|12.472|12.706
2020-04-22|13.674|14.363|13.5|14.172
2020-04-23|14.301|14.746|13.857|13.883
2020-04-24|14.069|14.759|13.791|14.72
2020-04-27|15.168|15.287|14.875|15.162
2020-04-28|15.672|15.7195|14.47|14.538
2020-04-29|15.38|16.4868|15.3105|16.325
2020-04-30|16.485|16.486|15.7325|16.089
2020-05-01|15.037|15.687|14.587|14.717
2020-05-04|14.546|15.375|14.336|15.296
2020-05-05|15.892|16.5719|15.8|16.028
2020-05-06|16.4|16.8|16.1415|16.342
2020-05-07|17.025|17.35|16.942|17.13
2020-05-08|17.627|17.85|17.2621|17.85
2020-05-11|17.478|18.4979|17.3453|18.226
2020-05-12|18.415|18.5715|17.016|17.043
2020-05-13|17.14|17.472|15.517|16.151
2020-05-14|15.85|16.8336|15.292|16.816
2020-05-15|15.959|17.0377|15.85|17.008
2020-05-18|18|18.579|17.884|18.291
2020-05-19|18.33|18.9295|18.073|18.076
2020-05-20|18.807|19.3639|18.805|19.226
2020-05-21|19.226|19.394|18.4365|18.511
2020-05-22|18.36|18.71|18.1458|18.666
2020-05-26|19.8|19.829|18.551|18.668
2020-05-27|18.623|18.938|17.4194|18.938
2020-05-28|18.63|19.838|18.622|18.794
2020-05-29|18.957|19.6336|18.511|19.465
2020-06-01|19.2|19.6113|18.981|19.492
2020-06-02|19.624|20.05|19.075|20.05
2020-06-03|20.348|20.686|20.0292|20.511
2020-06-04|20.236|20.6963|19.6693|20
2020-06-05|20.539|21.746|20.333|21.548
2020-06-08|21.514|21.927|20.835|21.927
2020-06-09|21.575|22.524|21.468|22.204
2020-06-10|22.711|23.8327|22.572|23.378
2020-06-11|21.814|22.2|19.299|19.328
2020-06-12|21.023|21.1585|19.025|20.004
2020-06-15|18.938|20.891|18.7308|20.589
2020-06-16|22.089|22.4785|20.975|21.992
2020-06-17|22.236|22.549|21.811|21.955
2020-06-18|21.79|22.286|21.666|22.274
2020-06-19|22.989|23.1|21.441|21.795
2020-06-22|21.858|23.039|21.7402|23.02
2020-06-23|23.635|24.259|23.381|23.521
2020-06-24|23.161|23.568|21.511|21.908
2020-06-25|21.949|22.797|21.275|22.744
2020-06-26|22.592|22.6601|21.184|21.438
2020-06-29|21.424|22.049|20.619|22.049
2020-06-30|22.057|23.52|22.05|23.289
2020-07-01|23.3|23.7804|22.991|23.357
2020-07-02|24.011|24.411|23.6392|23.779
2020-07-06|24.604|25.367|24.604|25.041
2020-07-07|24.889|25.697|24.1569|24.294
2020-07-08|24.84|25.4113|24.485|25.388
2020-07-09|26|26.085|24.609|25.709
2020-07-10|25.558|25.7|24.785|25.674
2020-07-13|26.264|26.827|23.876|24.119
2020-07-14|23.447|24.997|22.75|24.858
2020-07-15|25.484|25.943|24.421|25.348
2020-07-16|24.516|24.7|23.785|24.4
2020-07-17|24.763|24.9|24.07|24.689
2020-07-20|24.929|26.75|24.52|26.561
2020-07-21|27.19|27.19|25.5245|25.825
2020-07-22|25.887|26.654|25.812|26.455
2020-07-23|26.046|26.512|24.017|24.388
2020-07-24|23.168|23.9405|22.3|23.502
2020-07-27|23.921|24.6475|23.787|24.553
2020-07-28|24.407|24.57|23.666|23.742
2020-07-29|24.045|24.9327|24.001|24.734
2020-07-30|24.07|25.1872|23.67|25.134
2020-07-31|26.377|27.093|25.1|27.093
2020-08-03|28.089|29.284|28.089|29.008
2020-08-04|28.826|29.269|28.49|29.269
2020-08-05|29.491|29.7717|29.152|29.51
2020-08-06|29.5|30.9078|29.333|30.816
2020-08-07|30.457|30.464|28.736|29.478
2020-08-10|29.645|29.753|28.02|29.184
2020-08-11|28.874|29.2783|27.435|27.562
2020-08-12|28.292|29.703|28.1803|29.517
2020-08-13|29.62|30.25|29.22|29.515
2020-08-14|29.569|29.7|28.977|29.455
2020-08-17|29.97|30.242|29.894|30.09
2020-08-18|30.281|30.612|29.624|30.45
2020-08-19|30.569|31|30.128|30.244
2020-08-20|29.924|31.655|29.8269|31.477
2020-08-21|31.655|32.76|31.5208|32.607
2020-08-24|34.048|34.11|32.7405|33.555
2020-08-25|33.279|34.06|33.146|34.048
2020-08-26|35.052|36.361|34.8794|36.139
2020-08-27|36.521|37.046|35.231|36.234
2020-08-28|36.66|37.49|36.482|37.127
2020-08-31|37.599|38.215|36.93|37.491
2020-09-01|38.389|39.7675|37.8|39.738
2020-09-02|41.42|41.42|38.632|40.755
2020-09-03|38.876|38.876|32.8|33.619
2020-09-04|33.172|34.578|28|32.25
2020-09-08|28.58|30.803|27.755|27.938
2020-09-09|29.931|31.46|29.002|30.532
2020-09-10|31.889|32.038|27.9871|28.624
2020-09-11|29.384|29.6499|26.786|27.85
2020-09-14|29.204|30.0623|28.884|29.616
2020-09-15|31.055|31.135|29.911|30.528
2020-09-16|30.93|30.98|29.0495|29.128
2020-09-17|27|28.953|26.901|28.315
2020-09-18|28.467|28.618|25.86|26.856
2020-09-21|25.268|27.564|25.151|27.561
2020-09-22|28.5|29.0698|27.0701|28.915
2020-09-23|28.89|28.961|25.9|26.183
2020-09-24|25.4|27.571|25.3835|26.565
2020-09-25|26.698|28.732|26.1417|28.535
2020-09-28|30|30.15|29.2135|30.15
2020-09-29|30.04|30.371|29.674|29.839
2020-09-30|29.863|31.497|29.775|30.583
2020-10-01|31.815|31.9693|30.97|31.553
2020-10-02|29.276|30.728|28.792|29.124
2020-10-05|29.775|31.1|29.699|31.093
2020-10-06|30.823|31.71|29.3|29.625
2020-10-07|30.529|31.4|30.5|31.209
2020-10-08|31.993|32.036|31.381|31.681
2020-10-09|32.201|33.195|32.15|33.195
2020-10-12|34.744|36.5475|34.121|35.871
2020-10-13|36.283|36.416|34.783|35.218
2020-10-14|35.532|36.017|33.844|34.635
2020-10-15|32.837|34.3502|32.619|34.138
2020-10-16|34.712|35.105|33.8131|33.884
2020-10-19|34.463|34.71|31.669|32.025
2020-10-20|32.346|33.32|31.75|32.319
2020-10-21|32.1|33.032|31.962|32.221
2020-10-22|32.22|32.5171|30.616|31.782
2020-10-23|31.857|31.857|30.8315|31.599
2020-10-26|30.599|31.2782|28.4022|29.54
2020-10-27|30|30.354|29.5|30.015
2020-10-28|28.287|28.3227|26.048|26.134
2020-10-29|26.523|28.371|26.433|27.471
2020-10-30|26.331|26.7595|24.6841|25.651
2020-11-02|26.22|26.83|25.0787|25.799
2020-11-03|26.407|27.82|26.104|27.238
2020-11-04|29.743|30.965|28.8|30.37
2020-11-05|32.903|33.44|32.371|33.253
2020-11-06|32.928|33.822|31.565|33.509
2020-11-09|35.653|36.603|32.718|32.854
2020-11-10|31.826|32.59|30.169|30.917
2020-11-11|31.91|33.396|31.7456|33.126
2020-11-12|33.1115|33.63|31.8|32.217
2020-11-13|32.973|33.2581|32.078|33.083
2020-11-16|33.09|34.2|32.85|34.081
2020-11-17|33.518|34.014|33.03|33.5
2020-11-18|33.348|33.747|32.3645|32.381
2020-11-19|32.153|33.339|31.741|33.199
2020-11-20|33.159|33.288|32.117|32.165
2020-11-23|32.441|33.051|31.311|32.177
2020-11-24|32.419|33.612|31.7773|33.416
2020-11-25|33.65|34.0789|33.294|33.638
2020-11-27|34.233|34.594|34.011|34.227
2020-11-30|34.183|35|33|34.918
2020-12-01|35.797|36.792|35.308|36.328
2020-12-02|35.795|36.16|34.9675|36.051
2020-12-03|36.186|36.7|35.731|35.965
2020-12-04|36.164|37.07|35.875|37.07
2020-12-07|37.066|37.6633|36.94|37.406
2020-12-08|37.26|38.095|36.79|37.769
2020-12-09|37.708|37.9722|35.2|35.491
2020-12-10|34.631|36.0015|34.448|35.494
2020-12-11|34.884|35.314|34.085|35.314
2020-12-14|35.709|36.6|35.579|35.684
2020-12-15|36.857|37.415|36.125|37.415
2020-12-16|37.627|38.6|37.2331|38.186
2020-12-17|39|39.392|38.581|39.12
2020-12-18|39.315|39.315|37.953|38.721
2020-12-21|37.267|38.85|36.184|38.763
2020-12-22|39.5|40.345|38.9765|39.804
2020-12-23|40.012|40.012|38.743|38.83
2020-12-24|39.058|39.952|39.058|39.7
2020-12-28|40.724|41.2505|40.282|41.012
2020-12-29|41.716|41.854|40.25|40.432
2020-12-30|40.87|41.1224|40.201|40.349
2020-12-31|40.436|40.83|39.56|40.653
2021-01-04|41.144|41.156|37|38.607
2021-01-05|38.195|39.4689|38.157|39.384
2021-01-06|37.601|39.5|36.9525|37.223
2021-01-07|38.34|40.47|38.2909|40.206
2021-01-08|40.87|41.328|39.6645|41.017
2021-01-11|39.782|40.87|39.5035|39.945
2021-01-12|39.89|39.9427|38.29|39.447
2021-01-13|39.561|40.545|39.4|40.2
2021-01-14|40.439|40.671|38.953|39.126
2021-01-15|38.985|39.4379|37.75|37.945
2021-01-19|38.692|39.569|38.322|39.418
2021-01-20|40.153|42.111|40.153|41.748
2021-01-21|42.283|43.7348|41.8|43.321
2021-01-22|42.8|43.468|42.648|42.814
2021-01-25|44.371|44.72|40.767|43.966
2021-01-26|44.3|44.511|43.5|44.031
2021-01-27|43.18|43.7465|40.334|41.536
2021-01-28|42.178|44.0584|41.701|42.078
2021-01-29|41.403|41.84|38.3515|39.077
2021-02-01|40.399|42.525|39.5503|42.011
2021-02-02|43.192|44.017|43.0262|43.668
2021-02-03|44.027|44.2|42.901|43.284
2021-02-04|44.001|45.263|43.607|45.211
2021-02-05|45.677|45.7|44.65|45
2021-02-08|45.525|46.419|45.33|46.387
2021-02-09|45.994|46.873|45.978|46.186
2021-02-10|46.792|46.946|44.8664|45.968
2021-02-11|46.856|47.6|46.442|47.506
2021-02-12|47.201|48.303|46.8|48.273
2021-02-16|48.781|48.9433|47.451|47.875
2021-02-17|46.477|46.7914|45.1|46.478
2021-02-18|44.963|45.989|44.071|45.872
2021-02-19|46.591|46.654|45|45.585
2021-02-22|43.961|44.366|42.532|42.644
2021-02-23|40.619|42.982|38.379|42.266
2021-02-24|41.366|44.274|40.3545|44.208
2021-02-25|42.988|43.812|39|39.601
2021-02-26|40.71|41.9509|39.088|40.239
2021-03-01|42.171|44.078|41.4458|43.914
2021-03-02|44.17|44.24|41.78|41.86
2021-03-03|41.34|41.6878|38.64|38.73
2021-03-04|38.46|39.24|34.75|36.2
2021-03-05|37.44|38.52|34.6|38.27
2021-03-08|38.13|38.64|35.35|35.5
2021-03-09|37.95|39.73|37.78|39.06
2021-03-10|40.37|40.3769|38.47|38.59
2021-03-11|40.22|41.78|40.0802|41.04
2021-03-12|39.61|40.2|38.8|40.2
2021-03-15|40.25|41.53|39.77|41.49
2021-03-16|42.32|43.6|41.8433|42.47
2021-03-17|41.31|43.02|40.44|42.4
2021-03-18|40.66|40.78|38.6|38.81
2021-03-19|38.79|39.282|37.83|38.33
2021-03-22|39.01|41.22|38.95|40.66
2021-03-23|41.01|41.53|39.57|39.88
2021-03-24|40.59|40.6|38.44|38.44
2021-03-25|37.52|38.88|36.87|38.4
2021-03-26|38.3|41.38|38.28|41.29
2021-03-29|40.98|41.27|39.71|40.62
2021-03-30|39.81|39.905|38.7521|39.64
2021-03-31|40.36|42.09|40.3|41.32
2021-04-01|42.76|43.85|42.6|43.78
2021-04-05|44.68|46.78|44.4045|46.49
2021-04-06|46.27|46.78|45.51|45.99
2021-04-07|45.83|46.92|45.33|46.74
2021-04-08|48|48.76|47.77|48.76
2021-04-09|48.11|50.15|47.9367|50.11
2021-04-12|49.69|49.87|48.64|49.48
2021-04-13|50.01|50.8997|49.69|50.85
2021-04-14|50.7|50.8375|48.85|49.16
2021-04-15|50.534|51.8|50.48|51.74
2021-04-16|51.92|51.94|51.01|51.69
2021-04-19|51.02|51.69|49.435|50.35
2021-04-20|50.01|50.69|48.18|49.05
2021-04-21|48.62|50.55|48.32|50.51
2021-04-22|50.3|50.88|48.05|48.77
2021-04-23|49.01|51.36|49|50.83
2021-04-26|50.89|51.83|50.85|51.73
2021-04-27|52|52.07|50.7303|51.31
2021-04-28|50.55|50.6089|49.49|49.88
2021-04-29|51.17|51.29|48.235|49.77
2021-04-30|48.23|49.01|47.35|47.75
2021-05-03|48.36|48.74|46.9|47.33
2021-05-04|46.209|46.25|43.17|44.72
2021-05-05|45.67|46|44.15|44.43
2021-05-06|44.4|45.81|43.38|45.78
2021-05-07|47.07|47.71|46.295|46.86
2021-05-10|46.28|46.32|43.3001|43.4
2021-05-11|40.9|43.22|40.55|43.04
2021-05-12|41.13|41.74|38.99|39.37
2021-05-13|40.53|41.95|40.07|40.92
2021-05-14|42.2199|44.01|42|43.58
2021-05-17|42.81|42.85|41.42|42.62
2021-05-18|43.03|43.26|41.52|41.6
2021-05-19|39.64|42.1|39.5|42.03
2021-05-20|42.53|44.845|42.52|44.42
2021-05-21|45.11|45.25|43.58|43.7
2021-05-24|44.98|46.48|44.73|45.99
2021-05-25|46.66|46.92|45.755|46.12
2021-05-26|46.35|46.64|45.6|46.1
2021-05-27|45.89|46.48|45.28|45.35
2021-05-28|46.03|46.575|45.72|45.78
2021-06-01|46.39|46.55|44.85|45.13
2021-06-02|45.37|46.59|45.12|46
2021-06-03|44.97|45.47|43.91|44.74
2021-06-04|45.63|47.475|45.58|47.28
2021-06-07|47.18|47.46|46.61|47.28
2021-06-08|48|48.5701|46.92|47.33
2021-06-09|47.94|48.23|47.33|47.41
2021-06-10|47.62|48.79|47.2|48.48
2021-06-11|48.66|49.28|48.49|49.28
2021-06-14|49.49|50.84|48.85|50.84
2021-06-15|50.55|50.64|49.5703|49.88
2021-06-16|50.01|50.43|47.59|49.05
2021-06-17|48.6|51.34|48.6|50.8
2021-06-18|50.06|50.55|49.1801|49.32
2021-06-21|49.5|51|48.44|50.95
2021-06-22|50.92|52.375|50.65|52.31
2021-06-23|52.4|52.6798|51.83|52.08
2021-06-24|53.14|53.59|52.811|53.13
2021-06-25|53.28|53.37|52.66|52.98
2021-06-28|53.54|54.76|53.53|54.62
2021-06-29|54.56|55.84|54.29|55.78
2021-06-30|55.54|56.02|55.073|55.62
2021-07-01|55.49|55.8|54.73|55.78
2021-07-02|56.712|58.23|56.65|58.13
2021-07-06|58.46|59.538|57.0116|58.75
2021-07-07|59.84|60.03|58.29|59.68
2021-07-08|56.81|58.45|56.05|58.02
2021-07-09|57.77|59.71|57.49|59.58
2021-07-12|60.2|60.379|59.1411|59.71
2021-07-13|59.41|61.74|59.24|60.53
2021-07-14|61.93|62.7|60.96|61.88
2021-07-15|61.69|61.7|59.25|60.27
2021-07-16|60.68|61.44|58.27|58.45
2021-07-19|56.335|56.82|55.01|56.1
2021-07-20|56.88|59.56|55.88|58.5
2021-07-21|58.5|60.24|58.19|60.23
2021-07-22|60.59|61.67|60.59|61.56
2021-07-23|62.33|63.4405|61.73|63.33
2021-07-26|62.89|63.58|62.17|63.28
2021-07-27|63.05|63.09|59.1|61.46
2021-07-28|61.58|62.17|59.455|61.17
2021-07-29|61.12|62.68|61.1|62.09
2021-07-30|60.76|62.13|60.76|61.96
2021-08-02|62.76|63.03|61.02|61.22
2021-08-03|61.55|62.535|60.13|62.48
2021-08-04|62.41|63.26|61.74|62.82
2021-08-05|63.17|63.91|62.5904|63.9
2021-08-06|63.2|63.9|63.11|63.68
2021-08-09|63.92|64.25|62.89|63.07
2021-08-10|63.39|63.57|61.18|61.69
2021-08-11|62.34|62.6377|60.8|61.71
2021-08-12|61.49|62.87|60.76|62.78
2021-08-13|62.9|63.85|62.7|63.85
2021-08-16|63.28|64.69|61.71|64.69
2021-08-17|63.45|63.7475|61.85|63.02
2021-08-18|62.58|63.43|60.22|60.44
2021-08-19|59.39|62.86|59.16|62.23
2021-08-20|62.99|64.73|62.42|64.63
2021-08-23|65.11|67.36|65.1|67.09
2021-08-24|67.37|67.55|66.67|66.89
2021-08-25|67.38|67.84|66.42|66.73
2021-08-26|66.47|66.87|65.31|65.48
2021-08-27|65.54|67.49|65.3|67.31
2021-08-30|67.96|69.74|67.948|69.5
2021-08-31|69.7|69.73|68.12|68.47
2021-09-01|69.13|70.05|68.31|68.47
2021-09-02|69.19|69.46|67.4201|68.35
2021-09-03|68.13|69.58|67.95|69.15
2021-09-07|69.21|69.53|68.13|69.17
2021-09-08|69.09|69.11|66.87|68.31
2021-09-09|68.44|69.14|67.37|67.47
2021-09-10|68.6|69.12|65.325|65.54
2021-09-13|66.93|67.5|64.29|65.56
2021-09-14|66.42|66.8|64.8|65.34
2021-09-15|65.98|67.1599|64.88|66.98
2021-09-16|66.33|67.329|65.07|67.16
2021-09-17|66.59|66.59|63.7|64.07
2021-09-20|61.15|62.16|57.9899|60.52
2021-09-21|61.56|62.0389|59.89|60.52
2021-09-22|61.61|63.74|60.76|63.09
2021-09-23|63.96|66.026|63.455|65.59
2021-09-24|64.3299|66.02|64.22|65.75
2021-09-27|63.98|64.499|62.56|63.81
2021-09-28|61.3|61.7762|57.96|58.12
2021-09-29|58.7611|59.74|57.58|57.88
2021-09-30|58.89|59.63|56.56|56.64
2021-10-01|57.22|59.5595|55.5|59.12
2021-10-04|58.19|58.3|53.68|54.99
2021-10-05|55.24|58.347|55.24|57.35
2021-10-06|55.49|58.66|54.88|58.52
2021-10-07|60.01|61.48|59.8|60.13
2021-10-08|60.85|60.92|59.15|59.49
2021-10-11|58.622|60.83|58.38|58.47
2021-10-12|59.19|59.337|57.26|57.59
2021-10-13|58.29|58.95|57.1518|58.6
2021-10-14|60.43|62.63|60.1499|62.53
2021-10-15|63.27|64.08|62.64|64.08
2021-10-18|62.977|65.75|62.42|65.69
2021-10-19|66.16|67.61|65.79|67.57
2021-10-20|67.77|68.09|66.1699|67.04
2021-10-21|66.4|67.91|66|67.8
2021-10-22|67.67|68.57|66.28|67.1
2021-10-25|67.74|68.47|66.98|67.82
2021-10-26|69.12|69.98|68.21|68.37
2021-10-27|68.69|69.71|67.95|68.09
2021-10-28|69.29|70.34|69.03|70.09
2021-10-29|68.09|71.2|67.9|71.06
2021-11-01|71.15|71.25|69.68|71.03
2021-11-02|71.1|73.1691|71.1|72.72
2021-11-03|72.95|74.34|71.72|73.99
2021-11-04|74.77|77.9|74.37|77.4
2021-11-05|79.09|79.8788|77.08|78.46
2021-11-08|79.44|80.21|78.76|79.83
2021-11-09|80.26|80.425|77.64|78.89
2021-11-10|77|78.16|74.22|74.86
2021-11-11|76.45|76.65|75.63|76.06
2021-11-12|76.78|79.1|76.3501|78.76
2021-11-15|79.69|80.03|77.18|78.52
2021-11-16|78.22|81.3|78.1|80.96
2021-11-17|80.44|81.77|79.47|80.21
2021-11-18|81.7|82.96|79.86|82.53
2021-11-19|83.68|85.33|82.6416|84.48
2021-11-22|85.68|88.76|81.41|81.66
2021-11-23|80.59|81.71|77.93|81.09
2021-11-24|79.68|82.85|78.39|82.78
2021-11-26|79.298|81.09|75.64|76.63
2021-11-29|79.61|82.88|79.2201|82.26
2021-11-30|81.33|83.56|78.11|80.22
2021-12-01|82.99|84.58|76.71|76.87
2021-12-02|74.91|80.03|74.28|79.01
2021-12-03|79.69|80.41|72.13|75.02
2021-12-06|75.63|77.87|73.37|77.28
2021-12-07|81.79|85.55|81.4101|85.26
2021-12-08|85.37|86.58|83.59|86.42
2021-12-09|85.5|87.2|83.13|83.34
2021-12-10|85.97|88.61|85.182|88.45
2021-12-13|88.81|89.35|84|84.34
2021-12-14|81.28|82.947|77.2114|80.22
2021-12-15|80.49|86.86|78.12|86.56
2021-12-16|87.34|87.91|77.7284|79.25
2021-12-17|76.54|79.91|75.35|77.58
2021-12-20|74.1363|75.53|73.15|74.87
2021-12-21|77.44|80.69|75.1559|80.46
2021-12-22|80.24|83.82|79.46|83.72
2021-12-23|84.06|86|83.97|85.05
2021-12-27|86.01|90.51|85.95|90.5
2021-12-28|90.98|91.04|88.3711|89.08
2021-12-29|89.08|90.33|87.9|89.28
2021-12-30|89.29|90.2799|87.21|87.55
2021-12-31|87.22|87.82|86.12|86.23
2022-01-03|86.82|88.9|85.42|88.68
2022-01-04|89.21|89.4|83.87|85.87
2022-01-05|84.75|84.75|77.86|77.97
2022-01-06|76|79.13|75.33|76.74
2022-01-07|76.57|77.65|73.1017|74.49
2022-01-10|71.3|74.93|68.34|74.64
2022-01-11|74.06|77.64|72.36|77.37
2022-01-12|79.18|80.62|77.2219|78.36
2022-01-13|79.2899|80.3|71.73|72.4
2022-01-14|70.85|74.27|70.85|74.12
2022-01-18|70.68|72.1707|68.18|68.79
2022-01-19|69.4|71.96|65.665|65.94
2022-01-20|67.56|69.86|63.06|63.3
2022-01-21|62.73|65|59.54|59.57
2022-01-24|56.4|60.59|50.17|60.5
2022-01-25|56.91|59.61|54.24|56.32
2022-01-26|61.22|62.8599|55.2801|57.25
2022-01-27|60.04|60.94|55.43|56.15
2022-01-28|58.23|63.44|55.63|63.39
2022-01-31|63.52|68.42|62.4609|68.33
2022-02-01|68.6|69.05|65.77|68.75
2022-02-02|69.2|70.71|67.735|70.4
2022-02-03|67.29|68.79|63.45|64.23
2022-02-04|63.04|66.64|62.38|65
2022-02-07|65.31|66.2986|62.95|63.65
2022-02-08|63.01|66.55|62.62|66.06
2022-02-09|68.8|70.495|67.78|70.4
2022-02-10|66.31|69.74|63.84|64.91
2022-02-11|65.06|65.91|58.2|59
2022-02-14|58.41|60.29|56.87|58.98
2022-02-15|61.49|63.63|60.95|63.53
2022-02-16|62.12|63.96|60.15|63.28
2022-02-17|61.38|61.7|57.28|57.63
2022-02-18|58.26|58.48|54.54|55.86
2022-02-22|54|56.94|52.49|54.33
2022-02-23|55.75|56.4|50.04|50.27
2022-02-24|44.95|55.475|44.5101|55.3
2022-02-25|56.04|57.65|53.5538|57.65
2022-02-28|55.74|58.01|54.335|57.33
2022-03-01|56.87|57.5|52.51|53.89
2022-03-02|54.8|58.0299|53.78|57.37
2022-03-03|58.74|58.8999|54.4|55.25
2022-03-04|53.82|54.66|51.08|52.39
2022-03-07|52.29|52.92|46.5322|46.69
2022-03-08|46.25|50.2498|43.9|45.99
2022-03-09|49.75|52.02|48.55|51.47
2022-03-10|48.42|49.1|46.39|48.68
2022-03-11|50.05|50.2|45.89|46.12
2022-03-14|45.35|47|43.15|43.5
2022-03-15|44.59|48.18|44.1401|47.88
2022-03-16|49.65|52.65|47.4297|52.63
2022-03-17|51.64|53.74|50.88|53.7
2022-03-18|53.3|57.26|52.4|56.91
2022-03-21|56.05|57.55|54.391|56.66
2022-03-22|56.75|59.98|56.51|59.07
2022-03-23|57.37|59.04|56.2|56.35
2022-03-24|57.19|60.76|56.75|60.74
2022-03-25|60.87|61.28|58.35|60.58
2022-03-28|59.74|62.89|59.38|62.89
2022-03-29|65.055|66.97|63.625|66.74
2022-03-30|65.73|66.29|63.05|64.04
2022-03-31|63.97|64.43|61.07|61.44
2022-04-01|61.4|61.85|58.65|60.71
2022-04-04|61.02|64.24|61.02|64.18
2022-04-05|63.4|63.76|59.47|60.09
2022-04-06|56.94|57.49|54.23|55.55
2022-04-07|54.662|57.18|53.76|56.19
2022-04-08|55.26|55.69|53.35|53.68
2022-04-11|51.75|51.99|49.42|49.65
2022-04-12|51.61|52.59|48.43|49.03
2022-04-13|49.05|51.78|48.51|51.28
2022-04-14|51.57|51.72|47.5|47.59
2022-04-18|46.73|48.94|46.71|48.04
2022-04-19|47.73|51|47.18|50.73
2022-04-20|52.3|52.63|50.13|50.6
2022-04-21|51.99|53.51|47.57|48.03
2022-04-22|47.93|48.665|43.78|43.97
2022-04-25|43.38|46.04|42.56|45.95
2022-04-26|44.76|44.92|40.89|40.91
2022-04-27|42.16|45.02|41.9|42.66
2022-04-28|44.6126|48.48|43.94|47.76
2022-04-29|46.2|47.83|41.52|41.88
2022-05-02|41.81|43.8|40.21|43.8
2022-05-03|43.75|44.69|42.67|43.94
2022-05-04|44.37|48.76|42.2|48.53
2022-05-05|46.38|46.52|39.86|41.64
2022-05-06|40.44|42.44|38.63|40.54
2022-05-09|38.14|39.05|35.25|35.87
2022-05-10|38.31|38.94|35.8|37.46
2022-05-11|36.4|38.5193|33.53|33.88
2022-05-12|32.36|34.27|30.4803|32.83
2022-05-13|34.15|36.57|33.51|36.15
2022-05-16|35.32|36.54|34.2|35.12
2022-05-17|37.3|38.31|36.15|38.14
2022-05-18|36.63|36.93|32.53|32.99
2022-05-19|32.15|33.51|31.35|31.85
2022-05-20|33.06|33.39|29.07|32.01
2022-05-23|32.36|34.36|32.01|34.27
2022-05-24|32.63|33.31|30.915|32.69
2022-05-25|32|34.57|31.955|33.82
2022-05-26|33.23|36.71|33.03|36.28
2022-05-27|37.36|39.94|37.36|39.94
2022-05-31|39.49|40.25|37.91|39.13
2022-06-01|40.3|41.12|37.84|38.73
2022-06-02|37.86|41.51|37.35|41.49
2022-06-03|39.14|40|37.965|38.52
2022-06-06|39.91|40.7099|37.9501|38.5
2022-06-07|37.31|40.13|37.06|39.94
2022-06-08|39.5|40.1192|38.22|38.55
2022-06-09|37.7|38.82|35.44|35.46
2022-06-10|33.515|33.9|31.33|31.38
2022-06-13|28.48|29.2499|26.8699|27.24
2022-06-14|27.9|28.24|26.93|27.7
2022-06-15|28.69|30.69|27.58|29.44
2022-06-16|27.14|27.27|25.14|25.9
2022-06-17|25.88|27.3199|25.27|26.54
2022-06-21|27.85|29.13|27.73|28.54
2022-06-22|27.6|29.3799|27.38|28.23
2022-06-23|28.9|29.61|28.14|29.45
2022-06-24|30.27|32.64|30.27|32.62
2022-06-27|32.99|33.22|31.53|31.95
2022-06-28|32.14|32.98|29.04|29.09
2022-06-29|28.94|29.78|28.2699|29.25
2022-06-30|28.13|29.17|26.71|28.07
2022-07-01|27.6|28.44|26.81|28.24
2022-07-05|27.02|29.3201|26.62|29.3
2022-07-06|29.46|30.77|29.09|30.07
2022-07-07|30.54|32.13|30.48|31.91
2022-07-08|30.86|32.26|30.6|31.99
2022-07-11|31.06|31.52|29.97|30.64
2022-07-12|30.91|31.49|28.8301|29.38
2022-07-13|27.65|29.69|27.34|29.15
2022-07-14|28.32|30.235|27.3099|29.91
2022-07-15|30.83|31.52|30.41|31.48
2022-07-18|32.38|32.75|30.22|30.59
2022-07-19|31.63|33.45|31.04|33.3
2022-07-20|33.34|35.35|33.105|34.91
2022-07-21|35.08|36.39|33.96|36.37
2022-07-22|36.38|36.76|34.24|34.92
2022-07-25|34.84|34.84|33.43|34.26
2022-07-26|34.12|34.14|32.16|32.53
2022-07-27|34.09|37.26|34|36.72
2022-07-28|36.82|38.65|35.8542|38.4
2022-07-29|38.86|40.5|38.23|40.1
2022-08-01|39.09|41.09|38.72|39.9
2022-08-02|38.88|40.4|38|39.06
2022-08-03|39.58|42.48|39.5645|42.14
2022-08-04|42.0999|42.75|41.28|42.68
2022-08-05|40.56|42.74|40.54|42.39
2022-08-08|42.4|43.2699|40.61|41.31
2022-08-09|40.23|40.54|39.38|40.05
2022-08-10|42.8|43.4272|41.92|43.29
2022-08-11|44.27|44.887|42.57|42.74
2022-08-12|43.59|45.34|43.23|45.33
2022-08-15|44.56|46.38|44.56|46.15
2022-08-16|45.57|46.44|44.52|45.81
2022-08-17|44.6|45.86|43.84|44.86
2022-08-18|44.76|46.02|44.42|45.48
2022-08-19|44.42|44.5|42.68|42.99
2022-08-22|41.01|41.27|39.075|39.41
2022-08-23|39.1101|40.31|38.91|39.07
2022-08-24|38.93|39.62|38.48|39.15
2022-08-25|39.49|41.1|39.28|41.09
2022-08-26|41.01|41.34|35.75|35.85
2022-08-29|34.63|35.41|33.985|34.42
2022-08-30|35|35.115|32.39|33.3
2022-08-31|33.89|34.23|32.3|32.33
2022-09-01|31.38|31.97|29.82|31.86
2022-09-02|32.83|33.3683|30.0845|30.61
2022-09-06|30.7|31.095|29.37|29.98
2022-09-07|30.19|31.77|29.84|31.4
2022-09-08|30.68|32.2001|30.27|31.72
2022-09-09|32.58|33.83|32.29|33.61
2022-09-12|34.32|35.24|34.2|35.18
2022-09-13|32.23|32.73|29.31|29.59
2022-09-14|29.9699|30.53|29.04|29.96
2022-09-15|29.08|29.7|27.29|27.81
2022-09-16|26.85|27.5|26.15|27.36
2022-09-19|26.53|28.0796|26.51|28.03
2022-09-20|27.19|28.01|26.77|27.52
2022-09-21|27.92|29.14|26.17|26.21
2022-09-22|25.8|26.24|24.94|25.4
2022-09-23|24.7|24.808|23.4|24.41
2022-09-26|24.2|25.3703|23.64|23.87
2022-09-27|24.83|25.48|23.3|23.99
2022-09-28|23.63|25.045|22.9|24.7
2022-09-29|23.67|23.8|21.91|22.78
2022-09-30|22.52|23.485|21.4|21.48
2022-10-03|22|23.81|21.68|23.41
2022-10-04|24.8|25.8499|24.8|25.74
2022-10-05|24.68|26.58|24.28|26.05
2022-10-06|25.76|26.67|25.29|25.4
2022-10-07|23.8|23.835|21.8392|22.19
2022-10-10|22.23|22.32|20.44|21.12
2022-10-11|20.72|21.1652|19.66|20.14
2022-10-12|20.15|20.57|19.83|19.95
2022-10-13|18.29|22.105|18.09|21.76
2022-10-14|22.41|22.46|19.83|19.95
2022-10-17|21.38|22.06|21.22|21.73
2022-10-18|23.45|23.6697|21.47|22.28
2022-10-19|21.7|22.76|21.42|22.1
2022-10-20|22.1|23.56|21.7903|22.1
2022-10-21|21.86|24.025|21.72|23.9
2022-10-24|24.23|25.15|23.29|24.86
2022-10-25|25.15|26.3501|25.05|26.29
2022-10-26|24.405|26.15|24.18|24.52
2022-10-27|24.81|25.24|23.515|23.71
2022-10-28|24.09|26.9099|24.05|26.74
2022-10-31|26.038|26.17|25.22|25.72
2022-11-01|26.6499|26.78|24.7|25.05
2022-11-02|25|25.94|22.42|22.45
2022-11-03|21.57|21.61|20.405|20.46
2022-11-04|21.635|21.89|20.13|21.54
2022-11-07|21.72|22.74|21.205|22.63
2022-11-08|23.23|24.11|22.27|23.24
2022-11-09|22.67|22.67|21.3597|21.46
2022-11-10|24.638|26.81|24.275|26.81
2022-11-11|26.6|28.35|26.25|28.1
2022-11-14|27.46|28.385|26.9599|27.36
2022-11-15|29.35|29.55|27.5|28.31
2022-11-16|27.77|27.94|26.82|27.15
2022-11-17|25.88|27.64|25.81|27.25
2022-11-18|28.17|28.2|26.65|27.37
2022-11-21|26.93|27.19|26.282|26.46
2022-11-22|26.79|28.02|26.21|27.98
2022-11-23|27.86|28.95|27.7|28.71
2022-11-25|28.32|28.45|27.93|28.21
2022-11-28|27.28|27.7592|26.04|26.37
2022-11-29|26.32|26.49|25.26|25.61
2022-11-30|25.61|29.43|25.48|29.43
2022-12-01|29.5|29.95|28.44|29.55
2022-12-02|27.9|29.29|27.69|29.03
2022-12-05|28.34|28.81|26.99|27.57
2022-12-06|27.5|27.58|25.24|25.79
2022-12-07|25.42|25.96|24.82|25.4
2022-12-08|25.88|26.835|25.33|26.61
2022-12-09|26.22|27.2|25.8|26.08
2022-12-12|26.29|27.79|26.19|27.78
2022-12-13|30.82|31.26|27.93|28.75
2022-12-14|28.66|29.7001|27.04|28.05
2022-12-15|26.66|26.9699|24.6|24.92
2022-12-16|24.6|25.05|23.515|23.9
2022-12-19|23.99|24.07|22.44|22.93
2022-12-20|22.48|23.32|22.1699|22.96
2022-12-21|23.26|24.421|23.1|24.11
2022-12-22|23.17|23.25|21.075|22.3
2022-12-23|21.84|22.37|21.27|22.34
2022-12-27|22.2|22.21|21.2771|21.69
2022-12-28|21.56|22.11|20.54|20.63
2022-12-29|21.17|22.44|21.17|22.2
2022-12-30|21.465|22.14|21.1|22.1
2023-01-03|22.77|23.27|21|21.48
2023-01-04|21.81|22.04|20.915|21.65
2023-01-05|21.26|21.33|20.255|20.37
2023-01-06|20.94|22.42|20.15|22.12
2023-01-09|22.71|24.125|22.67|22.87
2023-01-10|22.702|23.42|22.35|23.29
2023-01-11|23.57|24.52|23.31|24.49
2023-01-12|24.66|25.39|23.73|25.04
2023-01-13|24.37|25.35|24.14|25.24
2023-01-17|25.18|26.02|25.03|25.57
2023-01-18|26.045|26.42|24.53|24.6
2023-01-19|23.98|24.4|23.445|23.75
2023-01-20|24.09|25.66|23.8|25.61
2023-01-23|25.937|27.81|25.74|27.35
2023-01-24|26.97|27.63|26.77|27.31
2023-01-25|25.95|27.33|25.18|27.09
2023-01-26|28.02|28.44|27.07|28.39
2023-01-27|27.81|29.34|27.81|28.72
2023-01-30|27.78|28.12|27.03|27.11
2023-01-31|27.1|28.25|27.03|28.23
2023-02-01|28.19|30.9096|27.75|30.2
2023-02-02|31.72|33.18|31.31|32.66
2023-02-03|30.89|33.4|30.81|31.84
2023-02-06|30.87|31.49|30.31|30.69
2023-02-07|30.75|33.29|30.75|32.96
2023-02-08|33.03|33.66|31.55|31.76
2023-02-09|33.02|33.36|30.8401|31.28
2023-02-10|30.57|31.07|29.88|30.75
2023-02-13|31.12|32.55|31.05|32.34
2023-02-14|31.93|33.29|31.28|32.65
2023-02-15|32.238|33.19|31.91|33.17
2023-02-16|31.69|32.8399|31.36|31.42
2023-02-17|30.61|30.84|29.42|30.24
2023-02-21|29.08|29.55|27.99|28.09
2023-02-22|28.3|28.6183|27.54|27.94
2023-02-23|29.58|29.63|28.12|29.3
2023-02-24|27.92|28.11|27.23|27.73
2023-02-27|28.564|28.98|28.02|28.16
2023-02-28|27.94|28.77|27.73|27.98
2023-03-01|27.97|28.13|27.08|27.34
2023-03-02|26.98|28.6|26.97|28.35
2023-03-03|28.91|30.15|28.79|30.13
2023-03-06|30.7|31.81|30.5|30.6
2023-03-07|30.64|30.85|29.2|29.43
2023-03-08|29.73|30.26|29.2|30.15
2023-03-09|30.448|31.284|28.67|28.84
2023-03-10|28.74|28.91|26.96|27.31
2023-03-13|26.75|28.87|26.27|27.71
2023-03-14|28.84|29.93|28.45|29.62
2023-03-15|28.75|29.78|28.23|29.66
2023-03-16|29.35|32.28|29.08|32.16
2023-03-17|32.43|33.16|31.45|32.03
2023-03-20|31.83|32.375|31.08|32.25
2023-03-21|32.768|33.11|31.68|32.93
2023-03-22|32.93|34.9|31.92|31.94
2023-03-23|33.17|34.78|32.57|33.52
2023-03-24|33.21|33.76|32.5|33.73
2023-03-27|33.88|34.21|32.6829|32.96
2023-03-28|32.76|32.78|31.58|32.48
2023-03-29|33.59|34.72|33.54|34.5
2023-03-30|35.43|35.8299|34.97|35.66
2023-03-31|35.54|37.275|35.39|37.18
2023-04-03|36.56|37.14|35.96|36.99
2023-04-04|37.18|37.5485|35.97|36.4
2023-04-05|35.79|35.94|34.3371|35.13
2023-04-06|34.31|35.8016|33.8596|35.67
2023-04-10|34.68|35.61|34.02|35.59
2023-04-11|35.46|35.4654|34.42|34.6
2023-04-12|35.21|35.56|33.82|34.03
2023-04-13|34.35|36.02|34.2|35.87
2023-04-14|35.26|36.11|34.3|35.23
2023-04-17|35.33|35.84|34.78|35.61
2023-04-18|36.42|36.6985|35.46|35.93
2023-04-19|35|35.78|34.8|35.61
2023-04-20|34.6|35.93|34.413|34.9
2023-04-21|34.47|34.7|33.84|34.51
2023-04-24|34.16|34.58|33.29|34.06
2023-04-25|33.54|33.74|31.84|31.87
2023-04-26|33.6|34.28|33.06|33.3
2023-04-27|33.72|35.45|33.5|35.36
2023-04-28|35.42|36.51|35.24|36.49
2023-05-01|36.43|37.07|36.22|36.56
2023-05-02|36.51|36.79|34.96|35.53
2023-05-03|35.64|36.32|34.57|34.61
2023-05-04|34.18|34.8|33.68|34.11
2023-05-05|35.1|36.99|34.93|36.62
2023-05-08|36.37|36.66|35.89|36.56
2023-05-09|35.94|36.15|35.5975|35.71
2023-05-10|36.6|37.25|35.96|36.98
2023-05-11|36.77|36.79|35.72|36.46
2023-05-12|36.58|36.79|35.47|36.31
2023-05-15|36.47|37.2|36.01|37.18
2023-05-16|36.98|37.9|36.97|37.31
2023-05-17|37.75|38.96|37.25|38.78
2023-05-18|38.93|41.3|38.9|41.16
2023-05-19|41.16|41.345|40.62|41.04
2023-05-22|40.56|41.58|40.49|41.25
2023-05-23|40.66|41.15|39.39|39.45
2023-05-24|38.6|39.03|37.93|38.56
2023-05-25|41.67|43.4399|41|42.99
2023-05-26|43.25|46.82|43.24|46.59
2023-05-30|48.6|49.33|48.12|48.53
2023-05-31|46.44|47.8|46.05|46.13
2023-06-01|45.75|48.08|45.21|47.48
2023-06-02|48.328|48.95|47.28|48.33
2023-06-05|48.16|49.14|47.1629|47.46
2023-06-06|47|47.7|46.38|47.4
2023-06-07|47.2|48.21|44.96|45.26
2023-06-08|45.36|46.9|45.34|46.69
2023-06-09|47.25|48.732|46.89|47.35
2023-06-12|48.28|50.46|48.03|50.41
2023-06-13|51.63|52.04|50.092|51.32
2023-06-14|51.14|52.95|50.6|52.86
2023-06-15|52.22|55.6|52.19|54.9
2023-06-16|56.53|56.53|53.3581|53.5
2023-06-20|52.46|53.51|51.55|52.38
2023-06-21|51.67|52.0199|49.57|49.99
2023-06-22|49.3|51.27|49.3|51.27
2023-06-23|49.21|50.4|48.89|49.49
2023-06-26|49.58|50.93|48.325|48.36
2023-06-27|49.09|51.62|48.86|51.27
2023-06-28|50.38|52.16|50.31|51.32
2023-06-29|51.5|51.88|50.66|51.63
2023-06-30|53.11|54.4|52.98|54.02
2023-07-03|53.9|54.04|52.8106|53.63
2023-07-05|52.52|53.8201|52.39|52.65
2023-07-06|51.06|52.31|50.58|52.13
2023-07-07|51.79|53.33|51.36|51.41
2023-07-10|50.88|51.84|50.29|51.83
2023-07-11|52.18|52.32|50.6201|52.17
2023-07-12|53.64|54.6597|52.85|53.92
2023-07-13|54.89|56.31|54.68|55.99
2023-07-14|56.37|57.6899|55.2101|55.67
2023-07-17|55.97|58.3|55.83|57.83
2023-07-18|57.42|60.62|56.5|59.78
2023-07-19|60.4|60.96|58.64|59.31
2023-07-20|57.98|58.89|55.18|55.7
2023-07-21|56.8|57.57|55.42|55.55
2023-07-24|56.3|56.7|55.24|55.9
2023-07-25|56.26|58.32|56.26|57.74
2023-07-26|55.71|56.3201|54.23|55.42
2023-07-27|57.53|58.15|54.16|54.9
2023-07-28|56.36|57.61|56.05|57.1
2023-07-31|57.2|57.68|56.51|57.46
2023-08-01|56.98|58.11|56.455|57.75
2023-08-02|56.16|56.28|52.845|53.43
2023-08-03|52.16|53.69|52.02|52.79
2023-08-04|52.12|53.13|50.31|50.55
2023-08-07|51.07|51.7|49.85|50.96
2023-08-08|49.81|50|48.2317|49.75
2023-08-09|49.97|49.97|47.32|47.79
2023-08-10|48.93|50.13|47.11|47.83
2023-08-11|46.78|47.54|46.21|46.72
2023-08-14|46.5|48.94|46.1827|48.93
2023-08-15|48.37|48.98|47.11|47.43
2023-08-16|47.22|47.94|46.06|46.1
2023-08-17|46.55|46.8989|44.51|44.73
2023-08-18|43.27|45.41|43.23|44.85
2023-08-21|45.58|47.71|45.45|47.44
2023-08-22|48.74|48.78|46.94|47.24
2023-08-23|47.49|50.21|47.42|49.78
2023-08-24|51.65|51.65|46.195|46.26
2023-08-25|46.74|48.45|45.58|47.71
2023-08-28|48.65|49.11|47.69|48.8
2023-08-29|48.32|51.88|48.23|51.68
2023-08-30|51.63|53.0599|51.22|52.87
2023-08-31|53.16|54.24|53.05|53.56
2023-09-01|54.77|54.83|53.26|54.02
2023-09-05|53.57|55.13|53.11|54.61
2023-09-06|54.13|54.38|51.885|52.88
2023-09-07|50.32|50.85|49.32|50.51
2023-09-08|50.58|51.79|50.425|50.83
2023-09-11|52.11|52.27|50.27|51.57
2023-09-12|50.3|50.82|48.4901|48.71
2023-09-13|48.93|49.9|48.29|49.15
2023-09-14|49.96|50.5099|49.06|50.16
2023-09-15|49.66|49.66|46.83|47.26
2023-09-18|46.74|48.3473|46.74|47.87
2023-09-19|47.19|48.155|46.48|47.83
2023-09-20|48.14|48.34|45.47|45.52
2023-09-21|43.99|45.01|43.34|43.4
2023-09-22|44|44.85|43.36|43.64
2023-09-25|43.2|44.25|42.99|44.11
2023-09-26|43.21|43.24|41.22|41.68
2023-09-27|42.17|42.51|40.61|41.86
2023-09-28|41.16|43.5|40.64|42.71
2023-09-29|43.94|44.63|42.68|43.09
2023-10-02|43.13|44.86|42.9693|44.52
2023-10-03|43.64|44.6|41.53|42.2
2023-10-04|42.37|44.11|42.37|43.75
2023-10-05|43.75|44.12|42.35|43.92
2023-10-06|42.99|46.9101|42.6|46.35
2023-10-09|45.53|47.25|44.83|47.05
2023-10-10|47.13|48.38|46.73|47.26
2023-10-11|47.7805|48.58|47.2|48.5
2023-10-12|48.9|50.12|47.53|48.58
2023-10-13|48.76|49.11|46|46.5
2023-10-16|46.76|48.47|46.72|47.85
2023-10-17|46|47.9|45|47.17
2023-10-18|46.11|47.29|45.1|45.62
2023-10-19|46.19|47.12|44.63|44.88
2023-10-20|44.8|44.84|42.42|42.53
2023-10-23|41.74|43.98|41.03|42.67
2023-10-24|43.15|43.73|42.16|43.55
2023-10-25|44.05|44.32|41.63|42.03
2023-10-26|42.19|42.72|39.02|39.55
2023-10-27|40.25|41.41|39.69|40.18
2023-10-30|40.8999|41.9202|40.47|41.47
2023-10-31|41.51|42.475|40.56|42.36
2023-11-01|42.59|44.98|42.59|44.8
2023-11-02|46.085|47.17|45.8|47.08
2023-11-03|47.1|49.04|46.575|48.43
2023-11-06|48.55|49.44|48.2|49.39
2023-11-07|49.75|51.44|49.56|51.04
2023-11-08|51.46|52.12|50.81|51.86
2023-11-09|51.99|53.19|50.87|51.1
2023-11-10|52.15|55.15|51.83|55
2023-11-13|54.33|54.49|53.37|54.04
2023-11-14|56.49|57.72|56.01|57.3
2023-11-15|57.99|58.3|56.84|57.48
2023-11-16|57.13|58.52|56.8|58.33
2023-11-17|57.81|58.5878|57.17|57.92
2023-11-20|58.03|60.88|58.03|60.48
2023-11-21|59.61|59.84|58.28|58.92
2023-11-22|60.1299|61.19|59.19|59.68
2023-11-24|59.31|59.47|58.61|59.28
2023-11-27|59.03|60.28|58.71|59.23
2023-11-28|58.63|60.05|58.63|59.56
2023-11-29|60.79|61.63|59.59|59.75
2023-11-30|60.34|60.63|58.41|59.82
2023-12-01|59.34|60.5995|58.54|60.25
2023-12-04|58.44|58.44|56.11|58.08
2023-12-05|57.05|59.295|57.05|59.07
2023-12-06|60.15|60.41|57.45|57.54
2023-12-07|58.2|59.91|57.9812|59.6
2023-12-08|59.24|61.25|58.917|61.11
2023-12-11|60.44|62.69|60.15|62.65
2023-12-12|61.85|63.97|61.81|63.9
2023-12-13|64.3799|66.04|63.89|65.57
2023-12-14|65.758|66.42|63.59|65
2023-12-15|64.64|67.11|64.64|66.01
2023-12-18|65.96|66.98|65.07|66.54
2023-12-19|66.47|67.32|66.36|67.26
2023-12-20|66.9|67.73|64.21|64.23
2023-12-21|66|66.685|64.61|66.24
2023-12-22|66.8|67|65.45|66.37
2023-12-26|66.63|67.64|66.62|67.27
2023-12-27|67.2|67.595|66.36|67.3
2023-12-28|67.8|68.08|67.26|67.46
2023-12-29|67.36|67.835|65.71|66.71
2024-01-02|63.91|64.28|60.22|61.59
2024-01-03|59.9084|60.72|59.225|59.47
2024-01-04|58.45|59.63|58.02|58.16
2024-01-05|58.24|59.6|57.45|58.15