2018-08-01|622.4|632.6|603.005|614.3
2018-08-02|615|673.6|611.9|673
2018-08-03|682|682.299|662.026|666.7
2018-08-06|666.7|683|662|681.848
2018-08-07|692.4|707.999|680|705.6
2018-08-08|696.9|711.7|688.871|695
2018-08-09|697.1|698.387|680|680
2018-08-10|665.1|684.347|663.8|673.6
2018-08-13|680.8|696.28|675|675
2018-08-14|690.7|690.7|658.5|673.4
2018-08-15|650.1|659|617.312|641.65
2018-08-16|662.5|663.704|636.9|643
2018-08-17|628.3|633.636|599.8|618.682
2018-08-20|609.683|630.95|600|626.3
2018-08-21|635.229|662.9|635.229|652.8
2018-08-22|648.7|667.5|647.3|665.677
2018-08-23|670|691.1|654.4|657.1
2018-08-24|671.507|686.8|669.106|686.8
2018-08-27|703|720|695.5|719.5
2018-08-28|721.233|721.999|698.8|709.1
2018-08-29|710.7|722.82|705.5|721.5
2018-08-30|717.9|737.5|681.1|720.6
2018-08-31|718.9|726.467|710.5|715.076
2018-09-04|699.8|709.99|684.8|694.204
2018-09-05|679.6|679.6|630.901|636.65
2018-09-06|644.1|646.45|590.109|605.225
2018-09-07|580.1|615|576.578|595
2018-09-10|603|603|582.373|595.45
2018-09-11|584.3|618.499|582|615.496
2018-09-12|615|617.7|587.7|617.6
2018-09-13|631.7|645.7|627.9|631.7
2018-09-14|640.2|641.95|624.6|629.987
2018-09-17|610.6|620.5|585.26|587.3
2018-09-18|590.5|611.9|586.665|593
2018-09-19|596.893|618|585.2|617.839
2018-09-20|628.2|639.3|623.45|628.019
2018-09-21|639|640|605|605.4
2018-09-24|591.9|613.956|579.5|613.956
2018-09-25|616.8|629.4|615.2|628.6
2018-09-26|628.1|658.3|628.1|640.1
2018-09-27|653.6|667.04|652.071|659.8
2018-09-28|628.4|638.9|616.6|620.4
2018-10-01|660|668.8|648.6|654.3
2018-10-02|636.176|647.562|620.409|627.5
2018-10-03|643.4|643.4|624.1|634.313
2018-10-04|620|621.9|565.102|578.332
2018-10-05|576.5|578.054|525.8|542
2018-10-08|526|547.35|500.5|526.7
2018-10-09|525.5|548.5|520|534.7
2018-10-10|517|520.289|445.001|447
2018-10-11|432.6|466.6|417.699|439.6
2018-10-12|485.7|488.8|451.9|483.9
2018-10-15|477.2|478.599|453.8|464.7
2018-10-16|480.4|516.7|475|513.919
2018-10-17|533.7|537.321|498.5|511.9
2018-10-18|502.7|502.7|461.4|467
2018-10-19|477.8|491.901|448.067|454.2
2018-10-22|466.6|474.855|447.8|470.3
2018-10-23|435.3|479|425.301|474.9
2018-10-24|478|480|395.8|396
2018-10-25|439.6|474|435.6|465.7
2018-10-26|410.4|476.184|410.001|438.3
2018-10-29|458.1|462.041|367.722|400.8
2018-10-30|384.2|421.9|373.3|420.8
2018-10-31|456.3|481.8|452.05|468
2018-11-01|472.5|502.7|450|502.7
2018-11-02|496.5|514.9|463.9|472.995
2018-11-05|469.9|469.9|433.7|454.4
2018-11-06|454.4|476.556|451.244|464.7
2018-11-07|485|504.6|477.103|504.6
2018-11-08|498.5|502.6|469.901|476.1
2018-11-09|457.5|463.791|439.769|451.9
2018-11-12|443.6|444.956|391.11|398.1
2018-11-13|403.5|432.9|395.5|411.8
2018-11-14|432.4|438.247|402.5|413.7
2018-11-15|407.3|436.65|401.533|433.1
2018-11-16|399.5|418.6|392.01|409.3
2018-11-19|398.2|402.5|354.11|355.9
2018-11-20|308.4|354.8|306|339.289
2018-11-21|360.9|364.45|342.7|345.1
2018-11-23|332.1|345.1|329|329
2018-11-26|344|366|340.7|366
2018-11-27|353.6|369.1|348.7|362.24
2018-11-28|376.7|395|357.23|394.5
2018-11-29|388.1|390.599|362.1|380.3
2018-11-30|380.3|397.5|372.5|396
2018-12-03|440|441.599|423.148|431.5
2018-12-04|420.8|432.247|377|381.3
2018-12-06|353.1|388.3|350|388.204
2018-12-07|390.7|404.24|356.3|359.2
2018-12-10|355|374.7|341.21|371.3
2018-12-11|391.6|391.6|363.634|372.602
2018-12-12|388.2|409.772|383.7|391
2018-12-13|401.6|403.2|383.4|394.253
2018-12-14|376.1|388.499|367.124|371.09
2018-12-17|364.9|367.5|321.57|329.9
2018-12-18|339.99|349.69|327.3|335.5
2018-12-19|334.7|347.712|298|306.6
2018-12-20|297.9|303.276|260.51|273
2018-12-21|282|282|238|243.6
2018-12-24|231.6|247.04|223.84|226.09
2018-12-26|234.8|272.9|225.1|271.147
2018-12-27|255.2|270.2|234.3|267.9
2018-12-28|277|289.8|264.081|273.8
2018-12-31|286.4|288|269.4|275.3
2019-01-02|251|285.9|250|278.9
2019-01-03|263.2|269|246.569|248
2019-01-04|261.2|293.839|261|291
2019-01-07|300.5|319.1|292.801|316.1
2019-01-08|330.6|332.9|302.2|326.9
2019-01-09|332.9|344.7|326.9|337.2
2019-01-10|331.2|348.395|324.11|347.1
2019-01-11|346.6|353.1|341.525|350.3
2019-01-14|333.3|343.3|328.5|337.1
2019-01-15|350|370.2|349.513|364.2
2019-01-16|369.9|377.4|363.8|367.3
2019-01-17|361.7|381.2|357.813|374.6
2019-01-18|376.8|379.9|360.437|364.5
2019-01-22|356.2|356.2|318.7|328.2
2019-01-23|335|337.297|311.9|319.7
2019-01-24|322.4|334.381|320.911|333.8
2019-01-25|343.4|360.1|338.956|358.7
2019-01-28|328.8|336.3|318|335.6
2019-01-29|333.4|336.964|312.8|314.1
2019-01-30|333.4|355.4|329|352.4
2019-01-31|371.1|389.799|366.5|383.8
2019-02-01|373.6|388.5|373.342|374.5
2019-02-04|375.2|395.599|373.316|393.3
2019-02-05|398.8|414.36|398.8|412.1
2019-02-06|416.9|418.476|398.3|403.3
2019-02-07|382.4|382.4|355.878|366.5
2019-02-08|351.1|363.987|348.5|362.8
2019-02-11|370|374.4|360|362.6
2019-02-12|372.1|381.5|368.972|377.7
2019-02-13|382.6|389.999|378.639|379.5
2019-02-14|372.7|383.5|367.8|381.7
2019-02-15|388.7|392|373.9|377.5
2019-02-19|371.4|390.2|370.2|384.7
2019-02-20|389.9|395.61|379.3|382.7
2019-02-21|384.1|384.1|367.347|370.9
2019-02-22|377.6|385|376.5|385
2019-02-25|399.1|408.6|393.9|394
2019-02-26|387.1|392.4|381.82|388.8
2019-02-27|384.6|391|374.524|389.3
2019-02-28|386.6|390.55|381.8|386.237
2019-03-01|392.8|394.126|379.5|385.9
2019-03-04|394.9|403.099|375.8|390
2019-03-05|389.7|401.013|381.8|395.3
2019-03-06|395.6|401|391.45|393.1
2019-03-07|389.2|389.2|365.3|368.7
2019-03-08|350|369.1|348.4|369.1
2019-03-11|376.5|402.8|376.5|402.1
2019-03-12|404.6|408.499|399.7|403.5
2019-03-13|408.19|422.211|408.19|416.476
2019-03-14|415.9|417.262|409.1|409.1
2019-03-15|412.8|415.7|405.343|411.9
2019-03-18|414|421|405.5|408.3
2019-03-19|413.8|423.4|410.2|413.8
2019-03-20|415.5|437|411.744|434.6
2019-03-21|432.6|455.499|430.001|453.3
2019-03-22|445.3|455.565|418.801|419.3
2019-03-25|410.1|420.177|401.7|416.1
2019-03-26|428.4|440|413.801|420.7
2019-03-27|422.2|426.383|402.2|412.2
2019-03-28|409.274|418.5|405|417.8
2019-03-29|428.2|428.4|416.7|426.6
2019-04-01|442.5|450.815|437.3|448.5
2019-04-02|450|459.5|448.608|457.4
2019-04-03|465|482.637|461.5|470
2019-04-04|456.9|471.326|455.4|466.8
2019-04-05|473.3|479.7|470|477
2019-04-08|475.5|483.4|474.901|481.926
2019-04-09|480.9|490.7|478.7|481.7
2019-04-10|483.2|484.028|474|480.2
2019-04-11|478.5|478.5|467.5|470.3
2019-04-12|475.4|476.723|464.7|469.2
2019-04-15|465.5|466.579|443.1|457.7
2019-04-16|463.9|474.999|461|469.9
2019-04-17|480|482.3|466.6|471.3
2019-04-18|474|475.834|468.8|473.5
2019-04-22|467.8|481.089|463.6|480.323
2019-04-23|491.5|525.982|491.5|521.5
2019-04-24|523|523.2|505|505.7
2019-04-25|518|518|497.5|498.2
2019-04-26|494.3|494.8|477.5|488.9
2019-04-29|489.3|502.7|489|501.7
2019-04-30|484.4|492.8|475.6|483.5
2019-05-01|493.5|507.6|485.6|485.6
2019-05-02|489.3|499.1|474.6|493.7
2019-05-03|505.5|522|504.777|520.4
2019-05-06|475.3|505.2|472.5|501.4
2019-05-07|488.1|493|448.115|462.1
2019-05-08|459.5|470.732|453.7|455.25
2019-05-09|438.1|452.587|419.7|446.7
2019-05-10|440.4|444.999|412.899|436
2019-05-13|398|402.262|374.701|379.7
2019-05-14|391|397.77|376.788|388.5
2019-05-15|384.9|412.8|380|408
2019-05-16|408.1|423.7|406.6|413.6
2019-05-17|382.4|392.3|369.5|370.2
2019-05-20|348|348.2|333.348|340.3
2019-05-21|348.1|355|345.442|352
2019-05-22|347.6|357|344.9|345.2
2019-05-23|329.6|331.499|315.4|322
2019-05-24|332.1|334|319.3|319.3
2019-05-28|324|330.345|318.9|320.7
2019-05-29|311.9|316.299|302.283|309.5
2019-05-30|311.2|313|303.505|309.1
2019-05-31|295.1|300.301|290|290.1
2019-06-03|285.3|287.6|251.9|259.5
2019-06-04|269.4|290.1|265.228|290.1
2019-06-05|300|300|279.3|289.5
2019-06-06|290.8|300.455|289.156|297.2
2019-06-07|301|321.7|301|316.1
2019-06-10|329.6|343.534|327|328.224
2019-06-11|344.8|347|331.6|336.8
2019-06-12|332.8|335.85|320.9|324.2
2019-06-13|328.3|328.8|321.986|326.8
2019-06-14|321|323.769|317.1|322.7
2019-06-17|324.2|341|324.2|338
2019-06-18|354.9|370.5|352.5|356.2
2019-06-19|359.2|361.8|346.55|357
2019-06-20|370|371.299|351.303|358.7
2019-06-21|354|365.199|352.748|356.2
2019-06-24|359|363.3|354.108|360.3
2019-06-25|357.8|357.8|336.943|340.1
2019-06-26|350.3|361.3|350.3|351.8
2019-06-27|361.2|361.2|355.7|359.3
2019-06-28|362.4|362.4|354.657|358.7
2019-07-01|389.1|391.6|376.195|379.1
2019-07-02|380|382.3|374.6|381
2019-07-03|390.7|391|387|390
2019-07-05|381|387.9|374.6|384.6
2019-07-08|373.5|374.11|366.661|370.4
2019-07-09|367.4|383.299|364.7|382.1
2019-07-10|392.5|398.1|385|393.5
2019-07-11|398.5|403.5|392.155|394
2019-07-12|398.1|404.66|397.6|404.2
2019-07-15|409.5|415.399|404.5|415.3
2019-07-16|411.2|415.15|405.1|408.5
2019-07-17|410.6|413.7|406.8|407.3
2019-07-18|391.2|397.399|381.4|390.5
2019-07-19|398.8|398.8|381.1|381.461
2019-07-22|382.8|390.5|381|389.9
2019-07-23|397.4|403.7|391.8|403.7
2019-07-24|397.8|418|396.9|417.1
2019-07-25|402.3|402.4|383.921|386.8
2019-07-26|402.3|413.185|402.3|408.3
2019-07-29|406.7|408.5|395.1|407.5
2019-07-30|395.2|406.31|394.658|402.1
2019-07-31|405.3|415.499|383|397.57
2019-08-01|401.2|415.5|368.5|375.6
2019-08-02|364.1|370|350.4|361.8
2019-08-05|331|332.962|303.7|312.5
2019-08-06|325.8|330.9|315|324.8
2019-08-07|313.1|331.4|308.211|329.4
2019-08-08|338.8|350.6|330.1|350.4
2019-08-09|343.2|346.419|328.4|333.9
2019-08-12|323.3|328.2|317.5|320.9
2019-08-13|320.6|351.635|319.4|344.4
2019-08-14|326.6|326.999|306.3|308.9
2019-08-15|318.7|318.753|299.2|307.7
2019-08-16|320.9|331.435|320.6|329.8
2019-08-19|348.8|362.7|348|360.3
2019-08-20|362.9|366.9|356.3|356.628
2019-08-21|365.8|365.8|355.442|358.449
2019-08-22|357.2|360.424|341.4|350.2
2019-08-23|342.4|351.725|310.42|314.2
2019-08-26|325|326.8|319.3|325.8
2019-08-27|334.5|337.8|318.2|324.2
2019-08-28|316.9|330|313.701|324.7
2019-08-29|339.3|348.4|339.3|346.2
2019-08-30|353.7|355.999|339.2|346.3
2019-09-03|336.5|348.899|331.4|334
2019-09-04|345|348.5|343.1|345.2
2019-09-05|357.3|377.2|356.64|375.9
2019-09-06|374|374.423|363.8|368.4
2019-09-09|376.3|383.429|367|373.6
2019-09-10|366.72|375.793|362.1|373.9
2019-09-11|378.1|392.67|377.2|390.1
2019-09-12|397.8|405.6|391.9|392.1
2019-09-13|390|390.701|384.9|386.74
2019-09-16|377.7|388|376.614|381.4
2019-09-17|381.9|387.31|377.9|387
2019-09-18|383|386.6|371.3|385.3
2019-09-19|386|393.425|380.811|382.9
2019-09-20|384.4|386|360.3|367.2
2019-09-23|364.8|366.05|355.721|359.4
2019-09-24|361.701|362.226|321.5|325.2
2019-09-25|326.7|352.5|319.5|350.2
2019-09-26|349.6|354.799|338.736|352
2019-09-27|354.8|355.15|321.86|332.5
2019-09-30|336.691|340.5|333.887|335.5
2019-10-01|345|348.6|332.5|335.5
2019-10-02|325.8|330.01|318.366|326.4
2019-10-03|323.2|335.9|304.6|335.9
2019-10-04|337.9|345.702|334.5|343.7
2019-10-07|341.4|353.6|341.11|346
2019-10-08|331.5|340.1|326.3|326.3
2019-10-09|335.8|339.4|330.853|334.7
2019-10-10|340|352.6|340|348.8
2019-10-11|363.4|374.4|360|365.1
2019-10-14|363|370.8|362.691|369.461
2019-10-15|370|391.7|370|388.5
2019-10-16|386.4|394.7|384.8|390.5
2019-10-17|403.7|406.499|392.1|395.5
2019-10-18|393.807|393.807|360.4|367.1
2019-10-21|374.4|382.2|373|380.4
2019-10-22|383.3|385|364.1|365.25
2019-10-23|355|372.2|355|371.491
2019-10-24|377.2|378.502|367.095|375.71
2019-10-25|368.7|397.7|368.7|397
2019-10-28|400.5|412.801|400.5|410.4
2019-10-29|402.6|403.992|388.7|391.5
2019-10-30|391.8|396.435|385|394.318
2019-10-31|399.9|401.6|386.209|395.9
2019-11-01|401.4|407.092|394.504|403.6
2019-11-04|414.9|430.3|414.05|427.7
2019-11-05|430|431.066|421.2|422
2019-11-06|423.3|424.3|412.16|423.2
2019-11-07|440.7|458.4|438|446.6
2019-11-08|440|456.7|440|452.2
2019-11-11|448.5|454.2|441.6|454.2
2019-11-12|454.1|463.088|453|458.5
2019-11-13|455|456.5|440.21|443.2
2019-11-14|443.2|450.1|439.4|448.7
2019-11-15|456.3|457.7|449.7|454.3
2019-11-18|455.8|467.7|449.078|465.2
2019-11-19|469.9|469.9|455.5|466.8
2019-11-20|460.4|467.8|444.9|458
2019-11-21|456.3|467.8|456.3|463.4
2019-11-22|458.3|458.6|448.798|456.8
2019-11-25|470.1|481.5|470.1|481.4
2019-11-26|482.7|482.7|471.5|473.9
2019-11-27|482.4|491.2|482.4|490.7
2019-11-29|487.3|487.8|482.112|484.4
2019-12-02|489|489|456.1|467.7
2019-12-03|439.4|455.7|435|452.9
2019-12-04|465|465|454.9|455.2
2019-12-05|461.7|464.5|454|461.782
2019-12-06|473.5|478.1|473.5|477.2
2019-12-09|473.6|486.8|471|471.036
2019-12-10|470.6|479.658|466.4|471.599
2019-12-11|478|491|478|489.3
2019-12-12|485.5|505.766|485.5|500.399
2019-12-13|505|514.2|493.5|498.9
2019-12-16|508.4|535.2|508.4|529.8
2019-12-17|536.4|542.117|533.71|539.9
2019-12-18|549.3|568.799|549.3|564.1
2019-12-19|569.6|587.393|569.6|586.86
2019-12-20|600.9|601.6|587.001|595.5
2019-12-23|603.9|610.135|601|607.7
2019-12-24|606.4|608.454|599.1|606.2
2019-12-26|610.6|627.5|610.6|627.5
2019-12-27|635.8|635.8|614.9|619
2019-12-30|615|615|587.4|592.95
2019-12-31|580.6|598.5|578.3|598.1
2020-01-02|621.2|652.1|620.8|652.1
2020-01-03|630|647.468|626.51|633.2
2020-01-06|613.9|659.05|612.4|658.8
2020-01-07|668|680.75|656.6|672.8
2020-01-08|673.1|712.1|671.1|699
2020-01-09|727.5|728.2|701|715.6
2020-01-10|723.1|727.8|707.7|714.7
2020-01-13|741.7|763.6|730.112|763.6
2020-01-14|771|774.776|739.254|748
2020-01-15|745.1|758.466|732.5|739.7
2020-01-16|745|750.7|730.1|750.7
2020-01-17|756.5|760|744.5|758.85
2020-01-21|751.4|768.1|750|767.4
2020-01-22|784.4|793.208|762.3|769.55
2020-01-23|758.4|784.8|748|782.1
2020-01-24|789|791.199|734.6|753.2
2020-01-27|672|710|665.7|697.7
2020-01-28|720|741.768|709.209|736.9
2020-01-29|753.3|762.5|733.3|750.9
2020-01-30|734.4|765.2|730|765.2
2020-01-31|773.2|775.816|733.1|744.3
2020-02-03|772.7|853.44|770.5|851.7
2020-02-04|945.2|1001.09|901.902|951
2020-02-05|957.5|957.5|834.9|862.2
2020-02-06|873.3|949.5|867.927|920.7
2020-02-07|892|913.453|886.1|900.5
2020-02-10|916.9|939.1|907.251|930.3
2020-02-11|950|969|928.084|941.4
2020-02-12|963.3|987|962.976|981.5
2020-02-13|942.5|1013.999|937.7|997
2020-02-14|1006.1|1027.1|998.401|1007.9
2020-02-18|1012.5|1069.3|1011.2|1069.3
2020-02-19|1123.9|1154|1106.62|1141
2020-02-20|1130|1139.8|1033.745|1101.7
2020-02-21|1088.6|1090|1014.1|1035.5
2020-02-24|865|919.9|843.9|877.992
2020-02-25|910.5|918.8|796|810
2020-02-26|807.5|870|800.701|820
2020-02-27|733.1|783.55|677.2|682.597
2020-02-28|592.4|704.2|590.995|700
2020-03-02|763.1|801.5|704|801.5
2020-03-03|846|854.2|705.501|738.5
2020-03-04|784.6|812.4|751.6|805.7
2020-03-05|753.4|797.343|723.592|738
2020-03-06|662.5|696.7|635.021|681.7
2020-03-09|510|615.899|500|537.5
2020-03-10|614.7|627.1|551.2|627.1
2020-03-11|586.9|599.1|519.055|548
2020-03-12|428.7|478.3|381.6|387.8
2020-03-13|464.5|464.5|366.85|439.6
2020-03-16|319.8|374.573|305.021|320.1
2020-03-17|320|333.2|251.901|300
2020-03-18|250.1|290.557|230.1|265
2020-03-19|265|332.499|251.4|302.6
2020-03-20|335|347|283.7|285
2020-03-23|290|309.5|265.9|301
2020-03-24|349.9|371.5|338.1|366
2020-03-25|386|407.5|349|362.55
2020-03-26|371.5|402.1|371.5|395
2020-03-27|370|391.601|354|363.9
2020-03-30|374.5|391.8|358.22|388.6
2020-03-31|392.2|427.8|385|398.15
2020-04-01|368|379.9|336.7|340.1
2020-04-02|340.047|358.1|325.002|340.7
2020-04-03|362.6|362.8|320.72|334.5
2020-04-06|370.6|405.5|362.8|401.7
2020-04-07|438.4|445|405|408.5
2020-04-08|420|429.811|404.499|426.1
2020-04-09|440.9|452.4|419.5|435.5
2020-04-13|439|487.7|433|485.4
2020-04-14|527.7|573.9|519|555.6
2020-04-15|539.9|579|535|568.1
2020-04-16|580|612.481|564.001|598.4
2020-04-17|614.6|615.9|570.8|587.9
2020-04-20|577.3|616.09|575.445|590.3
2020-04-21|574.3|580.3|498.6|522.7
2020-04-22|554.9|584.2|548.91|577.242
2020-04-23|584.9|600|560.6|569.7
2020-04-24|570|593.4|551.5|591.8
2020-04-27|610.1|634.35|604.89|616.6
2020-04-28|625.4|628.9|561.55|564.5
2020-04-29|608.83|646.3|600|636
2020-04-30|645.4|669.583|613.501|636.4
2020-05-01|586.3|604.699|546.517|563.5
2020-05-04|551.1|594.8|548.501|594.8
2020-05-05|616.7|628.1|597.65|605
2020-05-06|622|635.275|606.4|619.8
2020-05-07|639.3|647.7|628|645.1
2020-05-08|658.7|686.2|652.736|682.9
2020-05-11|668.5|710.3|667.65|701
2020-05-12|713.799|720.15|661.36|663.3
2020-05-13|676.4|696.2|609.1|638
2020-05-14|620.3|660|599.1|659.9
2020-05-15|637.3|695|636.6|694.8
2020-05-18|725.2|751.2|721|746.8
2020-05-19|770.5|792.8|753.8|754.5
2020-05-20|788.7|817.7|778.8|805
2020-05-21|806.9|820|764.4|793
2020-05-22|778.2|783.385|756.5|772
2020-05-26|817.2|817.2|772.9|777.8
2020-05-27|760.1|766|687.9|758.5
2020-05-28|725.4|772.9|722.5|731.7
2020-05-29|733.5|761.6|711.3|758.6
2020-06-01|758.7|801.136|755.1|800.3
2020-06-02|800.6|811.2|776|811.1
2020-06-03|814.4|846.4|809.2|844.1
2020-06-04|836.2|851.152|787.5|803.3
2020-06-05|815.5|861.099|813.6|855
2020-06-08|872.339|898|855.736|898
2020-06-09|882.5|939.79|875.2|931.8
2020-06-10|974.3|993.7|957.9|981.7
2020-06-11|909.8|946.455|839|840.9
2020-06-12|902.7|910.05|810.801|857.6
2020-06-15|822.7|905|807.6|899.4
2020-06-16|960.3|973.339|910|944.1
2020-06-17|956.8|978.853|945|962.2
2020-06-18|962.2|973|946.5|963.6
2020-06-19|988.5|997.565|941.6|955
2020-06-22|966|994|954.933|994
2020-06-23|1010.5|1042.8|1000.77|1015.5
2020-06-24|1005|1028.25|924.9|952.5
2020-06-25|947.8|975|916.5|975
2020-06-26|968.6|968.6|848|858.8
2020-06-29|840|889.8|806.01|889.8
2020-06-30|886.2|942.599|883.122|939.2
2020-07-01|944.5|1021.064|944.5|1009.5
2020-07-02|1072|1082.896|1038.2|1057.3
2020-07-06|1129.4|1226.5|1126.2|1226.5
2020-07-07|1239.6|1272.894|1203.6|1213.7
2020-07-08|1250|1322.659|1246.6|1310
2020-07-09|1370.1|1380|1281.963|1372.5
2020-07-10|1369.8|1461.7|1320|1458.2
2020-07-13|1550|1625.657|1307.6|1329.7
2020-07-14|1300|1363.493|1196.1|1348.2
2020-07-15|1371.401|1383.8|1272.46|1357.8
2020-07-16|1270|1333|1241.6|1314.9
2020-07-17|1306.2|1317.6|1252.6|1296.6
2020-07-20|1317.4|1453.05|1290.7|1449.8
2020-07-21|1490|1502.1|1376|1390
2020-07-22|1390.9|1414|1341.2|1381.7
2020-07-23|1417.8|1422|1240|1284.5
2020-07-24|1184|1261.771|1142.828|1238.2
2020-07-27|1250|1307|1216.701|1304.7
2020-07-28|1282.3|1308.8|1233|1245
2020-07-29|1266.5|1307.5|1260.1|1291.7
2020-07-30|1250|1305|1230.99|1300
2020-07-31|1391.5|1391.5|1296.7|1350
2020-08-03|1375.2|1419.8|1374|1401.8
2020-08-04|1409.2|1449.499|1407.1|1444.5
2020-08-05|1453|1474.6|1437|1464.2
2020-08-06|1458.1|1543.9|1442.5|1531.2
2020-08-07|1497|1532.287|1392.1|1450.4
2020-08-10|1467.8|1494.5|1358.15|1417
2020-08-11|1391.8|1435|1328.5|1345
2020-08-12|1404.4|1507.15|1397.95|1482
2020-08-13|1521.6|1565.7|1498.6|1522
2020-08-14|1529.8|1535|1475|1512.5
2020-08-17|1551.1|1658.4|1547.387|1655
2020-08-18|1694.1|1736.049|1662.6|1718
2020-08-19|1715.3|1757.95|1677.2|1706
2020-08-20|1672.2|1809.599|1657.8|1802.6
2020-08-21|1831.5|1900.3|1815|1883.8
2020-08-24|1992.6|2019.765|1855.02|1925
2020-08-25|1891.1|1991.6|1878.701|1989.9
2020-08-26|2020.8|2220|2020.401|2214
2020-08-27|2229.1|2244.5|2077.383|2150
2020-08-28|2202.9|2237.2|2158.45|2199.4
2020-08-31|2210.1|2391.192|2180.1|2342.1
2020-09-01|2413.6|2480|2330.981|2446.5
2020-09-02|2550|2555.4|2210|2449.9
2020-09-03|2212.3|2284.299|1930|2010.8
2020-09-04|1934|2069.9|1580.11|1945
2020-09-08|1590.5|1752.6|1522.1|1522.1
2020-09-09|1679.1|1720|1610.89|1690
2020-09-10|1788.9|1815|1565.263|1606.7
2020-09-11|1657.2|1676.8|1506.7|1597.5
2020-09-14|1688.1|1756.6|1651.9|1724.8
2020-09-15|1836|1875|1785.063|1860
2020-09-16|1847.301|1893.638|1761.2|1767.6
2020-09-17|1612.8|1708.5|1586.4|1659.9
2020-09-18|1740|1740|1563.1|1654.9
2020-09-21|1557.5|1686.5|1516.1|1686.5
2020-09-22|1727.6|1770.85|1632.601|1767.8
2020-09-23|1733.8|1778.779|1604.7|1620
2020-09-24|1551.3|1676.251|1540|1615.4
2020-09-25|1637.9|1734.6|1581.2|1728.5
2020-09-28|1834.8|1834.8|1758.138|1824.8
2020-09-29|1806.083|1858|1796.6|1833
2020-09-30|1848.7|1964.4|1835.853|1920.7
2020-10-01|1996.1|2038.487|1949|2026.4
2020-10-02|1870|1986.8|1845.1|1855.8
2020-10-05|1900.2|1977.299|1887.901|1973.1
2020-10-06|1960.065|1997.336|1835.1|1870.1
2020-10-07|1938|1985.895|1911.65|1972.4
2020-10-08|2025.3|2029.8|1977.78|1998.8
2020-10-09|2017.5|2049|2000|2041.2
2020-10-12|2174.6|2322.1|2140.5|2249.7
2020-10-13|2279.7|2291.615|2200.238|2249.2
2020-10-14|2280|2322.058|2212.4|2227.1
2020-10-15|2111.2|2159.657|2067.2|2148.2
2020-10-16|2208.3|2222.099|2090|2097.1
2020-10-19|2158.5|2181.432|1992.2|2020
2020-10-20|2033.8|2110|2005.407|2058.532
2020-10-21|2100|2184.886|2089.859|2110.1
2020-10-22|2143.1|2166.35|2000|2089.5
2020-10-23|2112.5|2137.4|2033.1|2137
2020-10-26|2084.2|2175|1963.31|2040
2020-10-27|2066|2181.9|2042.8|2172.8
2020-10-28|2057|2059|1900|1913.8
2020-10-29|1992.9|2130.6|1970|2075.1
2020-10-30|1932.8|1945.7|1700.1|1752.6
2020-11-02|1780.9|1838|1690.1|1742.5
2020-11-03|1749|1855.55|1711.3|1808
2020-11-04|1958.5|2073.799|1930|2042.5
2020-11-05|2156.3|2201|2106.179|2184.5
2020-11-06|2179|2203.799|2080|2199.6
2020-11-09|2220|2267.85|1985|1994.8
2020-11-10|1911.9|1937.5|1755|1836.7
2020-11-11|1895.1|1950|1852.742|1946.2
2020-11-12|1960|2002|1893.759|1910
2020-11-13|1956.7|1956.7|1847.7|1925.5
2020-11-16|1918.2|1975|1892|1948.5
2020-11-17|1983.6|1990|1927.5|1940.4
2020-11-18|1949|2031.667|1913.4|1971.8
2020-11-19|1940.2|2003|1915.039|1992.5
2020-11-20|2000|2024|1966.15|1979.9
2020-11-23|2010.6|2035.3|1929.3|1960
2020-11-24|2010|2085|1961.135|2079.9
2020-11-25|2063.1|2159.49|2045.327|2154.9
2020-11-27|2185|2240.8|2176.6|2213
2020-11-30|2206.8|2223.7|2038|2154.2
2020-12-01|2233.4|2305.147|2188.6|2266.4
2020-12-02|2210|2315.099|2145.772|2291.1
2020-12-03|2326.7|2353.501|2290.2|2303.7
2020-12-04|2310|2335.2|2293.674|2311.6
2020-12-07|2286.8|2413.7|2286.8|2412.5
2020-12-08|2400|2412.45|2311.8|2406.7
2020-12-09|2417.5|2466.9|2225.675|2269.1
2020-12-10|2199.9|2407.3|2169.9|2406
2020-12-11|2345|2397.796|2300.649|2394
2020-12-14|2426.1|2515.674|2419.352|2471
2020-12-15|2540|2628.7|2483.289|2619.6
2020-12-16|2688.5|2750|2644.067|2683
2020-12-17|2725.4|2767.82|2687.7|2765
2020-12-18|2812|2820|2694.279|2778.3
2020-12-21|2687|2768.299|2653.001|2753.4
2020-12-22|2788.6|2788.6|2613.123|2704.9
2020-12-23|2714.1|2738.2|2638|2682.5
2020-12-24|2599.9|2625.2|2540.4|2581.8
2020-12-28|2620|2729.799|2593.7|2703.6
2020-12-29|2760|2804.599|2719.3|2770
2020-12-30|2820|2886.6|2785.8|2886.3
2020-12-31|2900|2908.7|2824.571|2866.9
2021-01-04|2908.2|2942|2690.11|2786.7
2021-01-05|2738.3|2879.899|2732.189|2864.7
2021-01-06|2753.9|2840.7|2621.309|2639
2021-01-07|2730|2847.469|2719.2|2823.6
2021-01-08|2980.2|3094.8|2861|3091
2021-01-11|2900|2933.522|2720|2729.7
2021-01-12|2798.6|2833.25|2730.5|2804
2021-01-13|2827.9|2923.5|2780.552|2888.3
2021-01-14|2929.3|2974.999|2830.34|2849.5
2021-01-15|2856.4|2900|2731.727|2738.1
2021-01-19|2865|2929.962|2822.1|2925.5
2021-01-20|3215.5|3397.15|3192.9|3350.1
2021-01-21|3392|3409.172|3315|3358.5
2021-01-22|3321.3|3409.125|3305.5|3376.7
2021-01-25|3513.1|3567|3180|3449.5
2021-01-26|3469.1|3537.299|3423.616|3485
2021-01-27|3370|3387.4|3100|3150
2021-01-28|3147.3|3311.3|3072|3183.7
2021-01-29|3110|3139.8|2865.3|2946
2021-02-01|3068|3237.299|2983.7|3229
2021-02-02|3319.1|3427.8|3300|3382.5
2021-02-03|3518|3554.8|3429.3|3429.3
2021-02-04|3490.6|3567|3404.3|3567
2021-02-05|3570|3669.758|3487|3649
2021-02-08|3730.8|3779.9|3698|3749.9
2021-02-09|3730|3972.6|3717.7|3873.4
2021-02-10|4101.3|4210|3830.1|4064.2
2021-02-11|4120.5|4155|4000.7|4130.6
2021-02-12|405|422.2|399.8|420.7
2021-02-16|424.7|440.8|421.2|433
2021-02-17|417.6|420.09|396.4|415
2021-02-18|392|403.6|380.6|400.3
2021-02-19|410.8|418.5|398.7|414.3
2021-02-22|390|416|376.9|381.1
2021-02-23|347.6|384.2|307.3|379.6
2021-02-24|372.7|377.2|352.2|376.4
2021-02-25|374.8|388|330.2|338.7
2021-02-26|351|361.2|325.1|338.9
2021-03-01|363.7|368.6|347.001|368.6
2021-03-02|366.3|372.7|346.4|346.7
2021-03-03|347.5|355.8|306.3|309.1
2021-03-04|305.6|317.301|269|284
2021-03-05|296|296|242.2|290.8
2021-03-08|288.6|291.5|247.2|247.6
2021-03-09|271.3|296.6|268|293.2
2021-03-10|309.4|309.9|275.5|282.1
2021-03-11|301.201|315.95|296.538|315
2021-03-12|294.7|300.3|285.602|299.5
2021-03-15|296.8|310.9|291.6|310.9
2021-03-16|315|325.1|304|310.3
2021-03-17|296.2|330.1|290.7|325.8
2021-03-18|309.599|313.9|288.8|293
2021-03-19|290.987|296.3|280.4|294.7
2021-03-22|298.7|312|296.7|304.5
2021-03-23|304.8|311.6|299.1|301.8
2021-03-24|304.8|304.8|271.85|271.9
2021-03-25|258.8|272.7|249.1|253.3
2021-03-26|249.1|258.2|233|257.1
2021-03-29|257.7|267.19|251.4|264
2021-03-30|259.4|271.5|255.1|268.2
2021-03-31|275|286.2|273.4|280.9
2021-04-01|294.8|301|288.2|292.7
2021-04-05|303.4|312.3|298.719|310.1
2021-04-06|312|321.9|310.1|317.1
2021-04-07|313|325.5|309.5|321.8
2021-04-08|329.9|336.2|327.733|335.2
2021-04-09|328.2|335.2|324.2|335
2021-04-12|337.5|348.3|333|347.3
2021-04-13|350.5|367.5|348.4|365.7
2021-04-14|369.4|369.8|340.2|343.2
2021-04-15|353.6|361.4|350.9|359.4
2021-04-16|361.7|362.1|347.901|355.5
2021-04-19|347.2|354.4|332.7|341.7
2021-04-20|340.7|345.9|322.3|331
2021-04-21|319.4|333.7|315|333.6
2021-04-22|334.2|336.1|313.45|316.3
2021-04-23|321.75|335.6|321|332.8
2021-04-26|334.8|339|329.6|338.7
2021-04-27|339.6|343.4|331.003|331.8
2021-04-28|336.1|344.899|332|334.9
2021-04-29|351.401|352.4|327.1|338.3
2021-04-30|318|330.7|317.7|321.1
2021-05-03|322.6|325.1|307.297|309
2021-05-04|302.399|305.189|277.06|292.2
2021-05-05|299|302.35|283.7|286.5
2021-05-06|285.9|289.7|275.4|289.7
2021-05-07|298|302.8|289.1|292.6
2021-05-10|285.9|285.9|261.1|261.6
2021-05-11|239.3|266.5|236.6|264.9
2021-05-12|251.8|261.74|241.243|243.6
2021-05-13|251.4|253|230.2|239
2021-05-14|247|257.9|242.2|256.9
2021-05-17|254.6|259.2|246.9|257.5
2021-05-18|260.9|267|252.6|252.6
2021-05-19|237.601|252.9|237.2|252.2
2021-05-20|257.4|271.5|257|270.1
2021-05-21|276.2|276.7|263.6|264.3
2021-05-24|268.6|285.2|266.9|281.7
2021-05-25|288.3|290.5|279.6|284.7
2021-05-26|287.7|292.2|285.8|289.9
2021-05-27|290|292.5|284.5|289.7
2021-05-28|290|296.8|289|292.4
2021-06-01|299.45|300.5|288.01|295
2021-06-02|295.8|298.6|288.6|295.4
2021-06-03|286.3|290.6|280.9|282.4
2021-06-04|287.5|301.299|286.9|299.9
2021-06-07|297.3|302.9|291.3|302
2021-06-08|306.8|308.6|293.8|300
2021-06-09|302.701|306|296.3|297.4
2021-06-10|297.8|305.3|294.7|303.6
2021-06-11|305.9|306.8|301|306.5
2021-06-14|308.1|318.7|304.1|318.7
2021-06-15|317.5|318.4|307.2|308.2
2021-06-16|308.7|313.1|296.601|306.7
2021-06-17|304.1|326.9|304|323.1
2021-06-18|321|327.8|317.6|319.8
2021-06-21|319.2|322.2|307.7|322.2
2021-06-22|321|337.6|320.501|335.7
2021-06-23|339.6|351.908|339|349.5
2021-06-24|359|369.4|357.5|362
2021-06-25|369.5|373.8|359.9|368.5
2021-06-28|373.4|389|372.801|386.8
2021-06-29|383.1|389|376.001|389
2021-06-30|384.6|389.493|381.8|382.2
2021-07-01|381.2|389.7|373.2|381.9
2021-07-02|384.3|388.2|379.501|387.9
2021-07-06|386.8|389.9|374|387.4
2021-07-07|396.199|396.199|374.4|377.7
2021-07-08|352.5|365.89|344.4|360.8
2021-07-09|363.6|376.2|361.2|375.3
2021-07-12|379.5|385.8|375.6|385.7
2021-07-13|385.6|399.2|383|387
2021-07-14|396.5|398.8|383.7|386.5
2021-07-15|389.4|391.799|365|373.8
2021-07-16|375.4|378.9|350.7|353.3
2021-07-19|335.7|348.5|330.51|347.1
2021-07-20|348.7|363.89|338.8|358.6
2021-07-21|357.2|365.4|355.9|365.3
2021-07-22|366.2|372.5|362.8|370.8
2021-07-23|373.5|380.8|361.4|378.5
2021-07-26|369.7|374.1|359.5|364.7
2021-07-27|357.3|362.9|331.5|349.2
2021-07-28|360.4|373.86|350.3|367.5
2021-07-29|367.3|374|362.6|368.2
2021-07-30|349.2|361.6|347.3|356.3
2021-08-02|363.8|370.6|356.4|362.2
2021-08-03|361.9|365|346.8|360.7
2021-08-04|362.5|370.399|361.4|367.9
2021-08-05|370.1|376.7|365.1|376
2021-08-06|372.7|377|362|363.9
2021-08-09|365.4|368.4|359.61|366.1
2021-08-10|369.4|370|355.71|359
2021-08-11|363|363.8|348.5|353.5
2021-08-12|349.1|356.4|342.262|355.7
2021-08-13|354.5|357.18|350|352.3
2021-08-16|344.3|348.872|325|342.1
2021-08-17|327.9|332.2|313.9|322.1
2021-08-18|322.5|329.15|316|316.8
2021-08-19|308.5|324.289|305.8|313.6
2021-08-20|320.6|327.9|317.101|324.7
2021-08-23|329.1|349.4|328.8|348.5
2021-08-24|357.5|364.8|354.8|362.2
2021-08-25|358.7|363.689|357.7|363.2
2021-08-26|360.6|365.6|352.2|354
2021-08-27|354.2|366.6|353|365.1
2021-08-30|368.8|384.2|368.1|382.2
2021-08-31|386.6|389.15|378.9|386.8
2021-09-01|391|408.79|390.9|401.4
2021-09-02|406.9|408.7|391.9|394.4
2021-09-03|392|399.699|387.717|399.1
2021-09-07|406.5|418.85|405.8|415.4
2021-09-08|414.7|416.5|390.599|400.7
2021-09-09|398.2|405.1|394.4|395.3
2021-09-10|404.2|407.8|384.7|386.2
2021-09-13|389.45|390.1|365.2|378.9
2021-09-14|379.8|382.5|368.6|372.7
2021-09-15|371.1|381.699|360.4|380.5
2021-09-16|374.2|381.1|366.3|379.1
2021-09-17|380|382.5|367.2|374
2021-09-20|349.3|353|322.9|338.8
2021-09-21|345|349.8|339|344.3
2021-09-22|345.3|361.245|342.5|357.3
2021-09-23|362.6|369.4|355.21|368.4
2021-09-24|358.5|367.189|353.4|366.5
2021-09-27|356.7|367.8|347.6|365
2021-09-28|353.4|357|333|337.5
2021-09-29|341.4|349.2|328.8|330
2021-09-30|334.1|342.29|330.8|331.7
2021-10-01|333.4|336.9|320.9|334.5
2021-10-04|328.7|329.501|299.1|306
2021-10-05|310.2|331.5|310|325.8
2021-10-06|314.4|334.6|312.2|333.4
2021-10-07|348.7|360.791|347.8|354.2
2021-10-08|360.4|365.6|353.6|359
2021-10-11|361.4|368.899|353|353.4
2021-10-12|355.9|360.05|345.8|347.9
2021-10-13|355.9|361.6|350.9|359.9
2021-10-14|369.2|373.4|363.1|372.5
2021-10-15|376.8|381|372.004|379.8
2021-10-18|382.4|403.202|381.8|402.4
2021-10-19|409.201|422.79|405.001|421.5
2021-10-20|424.173|426.5|410.6|417.6
2021-10-21|414.204|431|413.3|430.3
2021-10-22|421.4|430|407.1|413.5
2021-10-25|417.9|435.4|405.1|433.1
2021-10-26|440.8|454.399|418.65|428.8
2021-10-27|425.8|434.8|419.2|420
2021-10-28|431.3|440.5|422|436.2
2021-10-29|425.4|439.8|422.001|439.1
2021-11-01|444.8|463.3|444|463.2
2021-11-02|450.6|457.2|441.6|447
2021-11-03|450.4|469.5|446.2|468.9
2021-11-04|480.5|500.5|478.5|487.3
2021-11-05|494|498.199|473.5|475.6
2021-11-08|473.3|484.1|469.7|477.5
2021-11-09|488.7|491.1|448.2|454.1
2021-11-10|440.8|464.7|423.6|441.1
2021-11-11|462|463|452.9|453.9
2021-11-12|451|468.1|442.6|467.7
2021-11-15|469|472.7|453|464.1
2021-11-16|462.3|474.6|461.9|473.9
2021-11-17|479.3|481.462|457.2|461.3
2021-11-18|465.7|469.5|449.5|459.5
2021-11-19|467.5|474.7|463.49|471.8
2021-11-22|482|492.65|445.8|449.4
2021-11-23|448.1|458.329|416.4|436.5
2021-11-24|428.3|451.5|416.5|449.5
2021-11-26|437.4|441.095|416.1|425.2
2021-11-29|445|451.8|436.43|445
2021-11-30|441.9|452.4|413|425.8
2021-12-01|441.8|445.8|389.5|390.5
2021-12-02|387.5|401.3|377|391.7
2021-12-03|388|389.681|336.485|351.2
2021-12-06|348|376.985|333.1|374.4
2021-12-07|399.8|412.5|392.606|409.4
2021-12-08|406.9|422|399.104|417.6
2021-12-09|416.7|429.4|394|394.6
2021-12-10|402|405.5|382.2|397.6
2021-12-13|393.5|394.4|364.5|366.2
2021-12-14|349.5|366.1|345.4|363.5
2021-12-15|357.7|383.5|335.6|382.6
2021-12-16|388|391|341.513|346.8
2021-12-17|335|359.13|330.1|345.4
2021-12-20|327.4|331.486|316.452|325.4
2021-12-21|336|357.7|327.5|357
2021-12-22|350|368.6|346.8|368.6
2021-12-23|366.8|382.5|362.1|379.2
2021-12-27|379.9|399.4|379.8|393.5
2021-12-28|396.2|396.9|382|385.5
2021-12-29|383.8|387.75|366.101|375.8
2021-12-30|372.6|401.6|372.6|390.7
2021-12-31|386.8|394.1|374.6|375.3
2022-01-03|389.1|402.3|382|400.2
2022-01-04|400.2|400.2|365.959|380.4
2022-01-05|372.801|387.8|342.3|342.9
2022-01-06|340.3|359.6|329|349.1
2022-01-07|355.9|364.4|337.9|342.4
2022-01-10|330.4|344.5|311.1|344.2
2022-01-11|340|361.1|334.3|359.6
2022-01-12|373|379.4|363.1|372.7
2022-01-13|373.3|373.3|329.617|333.2
2022-01-14|325.001|342.601|324.4|342.5
2022-01-18|320.329|333.1|312.4|317.2
2022-01-19|321.2|329|307.35|308.3
2022-01-20|326.4|335.1|303.7|306.5
2022-01-21|283|288.793|256|257.4
2022-01-24|235.3|251.8|201.6|249.6
2022-01-25|233.2|247.8|227.2|233.7
2022-01-26|254.6|257.2|222.2|231.5
2022-01-27|241.5|243.8|219.8|220.4
2022-01-28|225.8|241|212.509|240.3
2022-01-31|250|282.7|246.5|282.1
2022-02-01|286|292.686|272.8|291.6
2022-02-02|308.4|308.5|279.301|290.7
2022-02-03|253.2|267.2|240.4|244.5
2022-02-04|248.8|265.201|239.4|258.5
2022-02-07|254|260.1|240.5|243.3
2022-02-08|242|259.1|240.204|257.1
2022-02-09|266.4|276.1|261.3|276
2022-02-10|259.3|277.999|253.9|259
2022-02-11|259.2|263.6|228.4|234
2022-02-14|229.5|244.5|226.2|237.7
2022-02-15|248.8|259|246.5|259
2022-02-16|251.8|259.9|246.233|259.9
2022-02-17|248.921|255.9|232.6|234.5
2022-02-18|234.1|235.4|212.2|220.3
2022-02-22|205.9|216.4|194.2|204.2
2022-02-23|210|213.5|183.5|184.9
2022-02-24|155.8|203.5|155|202.8
2022-02-25|202.5|209.9|192.2|209.9
2022-02-28|202|217.383|200.2|214.1
2022-03-01|216.8|226.7|206.7|211.6
2022-03-02|211.7|218.6|201.3|216
2022-03-03|220.3|221|196.8|200.4
2022-03-04|196.1|201.1|183.1|188.2
2022-03-07|186.8|191.6|165|165.1
2022-03-08|162|176.8|153|161.5
2022-03-09|175|184.3|171.11|183.1
2022-03-10|174.301|174.5|163.3|172.2
2022-03-11|176.3|176.8|150.5|150.6
2022-03-14|141.4|147.3|130.7|133.3
2022-03-15|133.5|145.991|129.25|144.3
2022-03-16|160|189.4|159.8|189.2
2022-03-17|180.2|193.1|175.2|192.5
2022-03-18|193.301|215.8|192.1|212.8
2022-03-21|206.5|214.7|196.9|208
2022-03-22|217.7|233.5|215.2|230.8
2022-03-23|225|240.8|220.6|226.4
2022-03-24|227.5|236.8|217.8|236
2022-03-25|230.9|235.75|222.2|233.4
2022-03-28|236.9|247.2|233.1|247
2022-03-29|258.756|262.2|248.1|257.7
2022-03-30|252.6|261.3|244|247.5
2022-03-31|244.3|245.1|226.2|227.5
2022-04-01|238.8|240.1|226.2|231.5
2022-04-04|238.3|260.3|237|259.6
2022-04-05|254.2|255.1|232.2|235
2022-04-06|221.6|224.3|203.7|210.8
2022-04-07|207.7|212.4|193.2|205.6
2022-04-08|202.8|203.6|193.623|194.3
2022-04-11|182.7|187|176.3|176.8
2022-04-12|186.101|188.8|170.3|173.1
2022-04-13|172.3|186|169.6|183.6
2022-04-14|181.2|182.3|165.8|166.1
2022-04-18|164.2|170.3|160.1|167.5
2022-04-19|164.6|178|160.5|176.4
2022-04-20|163.4|163.7|142.201|144.1
2022-04-21|151.2|154.8|130.45|132.1
2022-04-22|133.8|138.6|123.5|124
2022-04-25|118.6|127.6|117.2|127.5
2022-04-26|125|125|108.5|109.2
2022-04-27|108.5|116.4|106.65|109
2022-04-28|119|127|110.5|124.8
2022-04-29|126.801|133.1|112.998|113.8
2022-05-02|112|124.1|110.1|124
2022-05-03|123.12|127.89|120.5|124.4
2022-05-04|122|137.9|115.6|136.9
2022-05-05|128.1|128.7|106.4|111.1
2022-05-06|108.2|111.8|99.5|104.1
2022-05-09|95.9|98.75|85.1|86.8
2022-05-10|94.3|95.899|85.4|90.4
2022-05-11|89.3|94.401|78.2|79.1
2022-05-12|74.501|84.6|70|78.4
2022-05-13|84|92.1|82.7|90.9
2022-05-16|90.4|92.05|86.414|87.2
2022-05-17|95|97.502|90.8|96.3
2022-05-18|91|92.799|79.8|81
2022-05-19|79.5|86.4|78.7|81.7
2022-05-20|85.301|86.67|72|79.4
2022-05-23|79.8|83|76.2|82.8
2022-05-24|74.9|75.1|67.7|71.9
2022-05-25|70.9|77.4|70.9|75.8
2022-05-26|76.5|90.167|76.4|88.9
2022-05-27|90.899|97.3|90.262|97.2
2022-05-31|101.12|104|95.5|99.5
2022-06-01|102.062|106.1|94.6|96.9
2022-06-02|95|108.1|94|107.8
2022-06-03|100|102|94|95.6
2022-06-06|102.9|106|96.9|100.1
2022-06-07|97.2|104.9|95.3|104.1
2022-06-08|105.1|113.099|104.404|109.6
2022-06-09|106.8|110.3|96.1|96.4
2022-06-10|93.301|95.2|85.2|86.2
2022-06-13|75.8|77.649|68.7|69.6
2022-06-14|72.2|75.75|69.6|73.1
2022-06-15|76.7|84|74.8|81.2
2022-06-16|72.8|74.4|67.9|69.5
2022-06-17|73.4|75.8|69.3|72.5
2022-06-21|77.3|81.9|76.85|78.1
2022-06-22|76.1|83.25|75.5|78.1
2022-06-23|81.1|83.4|77.2|82.6
2022-06-24|86|93.7|85.3|93.2
2022-06-27|96.171|96.869|90.5|92.3
2022-06-28|92.5|94.9|81.65|81.8
2022-06-29|81.3|83.6|77.9|81.3
2022-06-30|78.2|80.3|72.2|76.5
2022-07-01|76.3|78.9|74|78.4
2022-07-05|75.6|85.8|72.9|85.4
2022-07-06|85|87.7|80.8|85.9
2022-07-07|87|94|86.8|93.3
2022-07-08|89.4|95.7|88.85|92.7
2022-07-11|88|88.1|79.4|80
2022-07-12|81.4|82.799|76.305|77.7
2022-07-13|72.5|80.1|71.9|78
2022-07-14|76.2|77.299|72.5|76.5
2022-07-15|78.1|80.6|75.4|80.6
2022-07-18|84.8|88.15|79.8|80.8
2022-07-19|84.3|89.05|80.7|88.7
2022-07-20|90.6|95.8|88.8|94.7
2022-07-21|95.5|101.5|93.501|101.3
2022-07-22|98.501|101.1|90.701|92.6
2022-07-25|92.5|93.75|88.2|89.1
2022-07-26|89|89.5|82.1|83.2
2022-07-27|88.451|97.5|87.103|96.2
2022-07-28|95.7|97.487|88.9|96.7
2022-07-29|96.541|101.3|94.35|100
2022-08-01|98.3|104.5|96.3|100.3
2022-08-02|96|104.8|95.8|99.6
2022-08-03|100.9|109.5|100.391|108.5
2022-08-04|111.199|113.7|107.5|111.9
2022-08-05|105.3|109.899|102.9|105.5
2022-08-08|104.6|111|101.8|103.7
2022-08-09|101.399|102.1|97.7|100.2
2022-08-10|108.3|111.1|104.5|110.9
2022-08-11|113.8|118.2|108.1|109.1
2022-08-12|110.7|116.799|109.4|116.6
2022-08-15|115|119.8|113.7|118.6
2022-08-16|117.1|119.399|112.6|116.3
2022-08-17|112.4|114.79|108.5|110.7
2022-08-18|110.4|113.3|107.201|111.4
2022-08-19|108|109.191|102.4|104.2
2022-08-22|99.2|99.789|94.8|95.6
2022-08-23|95.2|98.7|93.5|96.1
2022-08-24|94.8|101.8|94.4|99.1
2022-08-25|101.9|108|100.6|108
2022-08-26|109.2|110.7|94.1|94.3
2022-08-29|91.9|96.158|90.104|91.3
2022-08-30|93.1|93.769|82.7|85.6
2022-08-31|90.3|92.754|86.3|86.4
2022-09-01|83.473|86.689|79.041|86.3
2022-09-02|88|88.35|80|81.3
2022-09-06|80.8|81.1|75.4|77.7
2022-09-07|77.8|83.8|77.2|83.2
2022-09-08|79.699|84.4|78.793|83.3
2022-09-09|85.875|90.6|85.875|90.2
2022-09-12|91.4|94.2|90.6|94.1
2022-09-13|84.1|85.2|75.3|75.8
2022-09-14|76.5|78.2|74.05|77.4
2022-09-15|77|80.6|74.833|76.3
2022-09-16|73|74.8|70.3|74.6
2022-09-19|72.8|77.5|72.701|77.5
2022-09-20|75.327|78.8|74.15|75.5
2022-09-21|75.1|78.7|69.7|69.9
2022-09-22|69|70.401|66.3|67.6
2022-09-23|65.101|65.899|60.6|63.3
2022-09-26|63|66.855|62.1|62.4
2022-09-27|65.1|67|60.6|62.4
2022-09-28|61.511|68.9|60.922|68
2022-09-29|63.8|64.3|58.6|61.2
2022-09-30|59.9|64.7|58.8|59.1
2022-10-03|59.4|62.5|57.45|61.2
2022-10-04|65.5|68.054|64.6|66.9
2022-10-05|64.4|67.2|60.9|66
2022-10-06|65|68|64.1|65.4
2022-10-07|61.2|62|55.5|56.4
2022-10-10|56.1|56.1|52.4|54.4
2022-10-11|52.3|53.265|48.5|49.6
2022-10-12|49.5|51.15|48.2|49.7
2022-10-13|44.4|53.5|43.3|52.7
2022-10-14|54.5|54.699|46.4|46.6
2022-10-17|50.2|54.2|50.2|53.5
2022-10-18|57.9|58.363|51.9|53.7
2022-10-19|53.601|57.05|52.2|53.6
2022-10-20|52.9|57.1|51.801|52.5
2022-10-21|50.7|56.193|49.798|56
2022-10-24|51.9|53.5|47|52.7
2022-10-25|54.199|57.5|54.1|57
2022-10-26|51.9|57.8|50.9|53.5
2022-10-27|49.845|50.9|46.9|47.3
2022-10-28|45.3|48.9|44.5|48.6
2022-10-31|47.56|48.51|44.95|46.32
2022-11-01|49.05|49.94|44.72|44.79
2022-11-02|45.26|46.55|39.8865|39.92
2022-11-03|38.62|40.73|37.62|38.07
2022-11-04|42.03|42.47|37.91|40.74
2022-11-07|41.79|42.2499|39.55|41.49
2022-11-08|41.5|42.97|39.5|41.55
2022-11-09|40.23|40.6|37.145|37.34
2022-11-10|43.7|47.82|42.11|47.7
2022-11-11|48.14|52.2399|46.8|51.91
2022-11-14|51.17|54.33|49.83|51.9
2022-11-15|57.7|58.94|54.58|57.01
2022-11-16|55.39|55.65|52.775|53.55
2022-11-17|49.92|54.95|49.75|53.68
2022-11-18|54.1|54.16|49.81|51.2
2022-11-21|49.86|50.6789|47.45|48.18
2022-11-22|47.95|50.14|46.35|50.05
2022-11-23|51|53.4899|50.6351|53.12
2022-11-25|51|51.755|50.32|50.57
2022-11-28|49.17|51.51|48.14|48.57
2022-11-29|50.26|50.7499|48.1104|48.95
2022-11-30|50.31|59.7|50.27|59.7
2022-12-01|59.15|61.8499|58.6601|60.63
2022-12-02|57.92|62.89|57.54|62.26
2022-12-05|61.81|63.68|58.72|59.76
2022-12-06|59.65|60.2739|54.745|55.57
2022-12-07|53.46|55.5299|52.23|53.99
2022-12-08|56.17|58.4|54.375|58.02
2022-12-09|58.68|60.97|57.67|57.76
2022-12-12|57.01|57.515|54.45|57.5
2022-12-13|65.27|66.4|58.72|60.79
2022-12-14|60.14|62|56.89|59.31
2022-12-15|56.24|56.9|49.785|51.22
2022-12-16|52|53.1194|49.5171|49.85
2022-12-19|49.5|49.88|46.05|46.81
2022-12-20|45.24|47.82|44.4175|46.45
2022-12-21|47.07|50.3293|46.2|49.43
2022-12-22|47.0401|47.4|41.13|43.81
2022-12-23|42.89|44.65|41.46|43.89
2022-12-27|42.78|42.78|39.6741|39.76
2022-12-28|39.22|40.79|38.05|38.59
2022-12-29|40.51|43.49|39.89|42.87
2022-12-30|40.92|43.3|40.61|43.28
2023-01-03|44.65|45.662|40|41.13
2023-01-04|42.35|42.77|39.4524|41.82
2023-01-05|40.73|40.73|38.56|38.73
2023-01-06|38.81|42.15|36.64|41.61
2023-01-09|43.96|47.55|43.7121|44.79
2023-01-10|44.09|47|43.94|47
2023-01-11|47.59|49.94|46.89|49.9
2023-01-12|50.83|52.27|46.84|51.75
2023-01-13|49.56|53.05|49.3701|52.89
2023-01-17|53.07|54.92|52.02|54.39
2023-01-18|55.75|56.82|51.83|52.04
2023-01-19|50.3587|51.565|49.08|49.77
2023-01-20|52|56.87|51.06|56.75
2023-01-23|58.06|64.16|56.9641|63.58
2023-01-24|61.41|64.6499|61.06|62.48
2023-01-25|58.26|62.72|56.1175|61.9
2023-01-26|66.58|67.774|63.454|67.41
2023-01-27|66.93|74.78|66.76|72.92
2023-01-30|70.2|71.3|65.33|65.44
2023-01-31|65.35|69.54|65.18|69.46
2023-02-01|70.82|80.09|69.43|78.21
2023-02-02|88.83|97.21|88.1|94.45
2023-02-03|85.26|96.84|84.84|87.14
2023-02-06|84.89|88.38|83.43|84.76
2023-02-07|84.88|91.67|82.635|90.74
2023-02-08|89|91.72|84.67|86.52
2023-02-09|90.96|91.4299|82.8|84.22
2023-02-10|81.1|83.181|76.03|78.17
2023-02-13|79.44|83.98|77.2446|82.4
2023-02-14|80.76|89.08|78.6849|88.35
2023-02-15|86.98|89.93|84.64|89.91
2023-02-16|84.83|87.9272|80.1502|80.2
2023-02-17|77.9|78.52|73.615|77.23
2023-02-21|74.12|76.9|71.01|71.06
2023-02-22|71|73.7|69.36|71.42
2023-02-23|76.66|76.86|71.19|75.52
2023-02-24|70.86|71.9699|68.67|70.82
2023-02-27|73.98|75.5|72.97|74.01
2023-02-28|73.94|76.74|73.5611|74.23
2023-03-01|74|74.8401|71.19|71.49
2023-03-02|66.33|70.45|65.4|69.56
2023-03-03|71.28|76.2099|70.85|76
2023-03-06|77.39|79.782|75.1177|75.21
2023-03-07|75.6|77.85|72.42|73.33
2023-03-08|73.12|75.46|71.45|75.06
2023-03-09|75.01|78.1437|68.62|69.31
2023-03-10|69.53|71.1|64.83|66.05
2023-03-13|63.59|71.01|61.2|67.94
2023-03-14|71.44|75.91|71.32|75.68
2023-03-15|73.14|79|71.8531|78.51
2023-03-16|78.17|87.25|77.25|87.01
2023-03-17|87.59|89.21|82.89|84.62
2023-03-20|83.14|84.812|79.6301|84.55
2023-03-21|87.21|90.955|85.29|90.33
2023-03-22|90.3|96.6117|86.34|86.5
2023-03-23|91.55|96.1999|89.24|92.86
2023-03-24|91.8869|92.84|88.7501|92.11
2023-03-27|93|94.2|87.7213|89.11
2023-03-28|88.23|88.61|84.02|86.6
2023-03-29|90.31|92.26|88.89|91.82
2023-03-30|94.19|96.72|93.62|95.7
2023-03-31|95.5|103.58|95.14|103.46
2023-04-03|99.29|101.09|97.1501|100.58
2023-04-04|101.42|103.7|99.67|101.18
2023-04-05|99.16|99.49|91.88|94.24
2023-04-06|92.05|97.05|89.66|96.67
2023-04-10|92.76|97.1536|90.47|96.93
2023-04-11|95.48|96.17|91.93|92.78
2023-04-12|95.03|95.85|89.02|89.19
2023-04-13|92.01|96.39|91.87|95.55
2023-04-14|93.72|96.88|91.64|95.35
2023-04-17|93.5|95.23|90.99|94.59
2023-04-18|97.36|97.9894|93.1501|94.56
2023-04-19|90.55|94.72|90.13|93.5
2023-04-20|89|92.83|87.91|89.33
2023-04-21|89.58|90.932|87.3334|90.32
2023-04-24|90.13|91.9395|86.2459|88.84
2023-04-25|87.01|87.1899|81.6401|81.77
2023-04-26|87.65|89.78|85.95|86.47
2023-04-27|92.38|96.69|90.67|96.24
2023-04-28|95.01|97.6579|91.98|97.6
2023-05-01|97.3|98.3199|94.39|97.02
2023-05-02|96.75|98|92.81|94.6
2023-05-03|92.35|95.94|90.56|91.08
2023-05-04|91.43|96.67|91|93.52
2023-05-05|94.87|100.5014|94.2|99.23
2023-05-08|100.1|104.56|99.28|104.06
2023-05-09|102.54|104.5184|102.36|103.23
2023-05-10|107|110.6044|105.6|109.1
2023-05-11|110.42|113.315|109.0201|112.18
2023-05-12|112.75|113.7|106.32|108.55
2023-05-15|109.16|111.62|107.3198|111.06
2023-05-16|109.77|116.52|109.77|114.11
2023-05-17|115.3589|121.07|114.88|120.44
2023-05-18|122.47|133.33|122.38|132.89
2023-05-19|132|132.785|127.4|128.93
2023-05-22|127.82|134.27|127.62|132.03
2023-05-23|129.17|133.7873|126.61|126.91
2023-05-24|123.58|129.57|123.1|128.05
2023-05-25|138.48|139.99|133.8734|137.35
2023-05-26|138.07|152.4|137.35|150.51
2023-05-30|160.49|162.58|154.15|157.38
2023-05-31|153.27|159.38|149.91|153.36
2023-06-01|152.48|164.7108|151.264|162.09
2023-06-02|166.66|172.44|163.41|165.57
2023-06-05|164.21|173.17|164.2|168.44
2023-06-06|167.38|173.5|165.56|171.38
2023-06-07|174.01|178.5|154.9535|156.73
2023-06-08|156.2|166.5601|154.69|165.84
2023-06-09|171.81|177.28|168.14|170.06
2023-06-12|174.45|179.71|171.0801|179.54
2023-06-13|185.83|186.96|178|184.09
2023-06-14|184.3|192.11|180.44|191.76
2023-06-15|187.5|201.1799|185.2|197.99
2023-06-16|203.51|203.51|189.71|190.7
2023-06-20|188|195.315|185.1184|193.21
2023-06-21|192.39|193.63|176.8|178.94
2023-06-22|174.64|186.98|173.72|186.79
2023-06-23|179.61|187.33|176.82|182.62
2023-06-26|182|187.495|166.02|166.51
2023-06-27|170.99|178.4499|167.3|177.01
2023-06-28|174.06|187.77|174.06|182.03
2023-06-29|183.38|184.98|175.7|177.71
2023-06-30|184.3|190.9999|183.57|187.21
2023-07-03|191.04|194.46|188.78|191.92
2023-07-05|190.34|196.39|190.07|192.91
2023-07-06|186.72|189.88|181.5|188.46
2023-07-07|189.37|194.56|186.1|186.53
2023-07-10|185.33|186.48|174.7252|181.87
2023-07-11|181.98|184.57|177.68|183.73
2023-07-12|191.15|195.08|187.4401|193.17
2023-07-13|200|209.7|199.36|208.69
2023-07-14|210.11|219.2801|204.2015|206.73
2023-07-17|210|214.99|207.1|213.66
2023-07-18|213.54|224.75|206.7001|222
2023-07-19|227.24|228|218.71|221.03
2023-07-20|209.06|211.31|188|190.22
2023-07-21|195.12|195.19|183.44|185.15
2023-07-24|185.8|188.02|180.47|186.59
2023-07-25|189.47|194.8|188.64|191.81
2023-07-26|191.3|192.45|182.3301|188.13
2023-07-27|201.31|203.1384|184.77|186.6
2023-07-28|194|203.87|192.27|202.08
2023-07-31|203.61|206.5282|201.2|204.95
2023-08-01|202.11|205.71|198.59|203.39
2023-08-02|196.98|196.98|177.09|182.6
2023-08-03|177.88|187.9777|177.88|183.87
2023-08-04|193.9|198.74|186.16|186.92
2023-08-07|189.87|192.205|183.77|192.05
2023-08-08|184.87|186.67|177.58|183.14
2023-08-09|183.99|184.44|169.1901|171.93
2023-08-10|175.28|183.14|170.16|172.63
2023-08-11|167.661|170.65|163.7311|166.34
2023-08-14|163.31|174.8179|161.03|174.78
2023-08-15|174.12|176.33|167.85|168.93
2023-08-16|167.41|169.0938|160.2|160.36
2023-08-17|161.51|162.37|151.606|152.75
2023-08-18|145.82|152.95|143.18|150.91
2023-08-21|154.8|164.5|153.53|163.62
2023-08-22|169.79|169.87|160.35|162
2023-08-23|163.95|175.8099|163.35|173.2
2023-08-24|182.95|182.95|157.6021|157.83
2023-08-25|158.56|166.05|151.7001|161.81
2023-08-28|165.51|167.41|159.05|163.94
2023-08-29|162.84|180.0751|162.53|179
2023-08-30|179.32|184.86|175.6724|182.22
2023-08-31|182.12|188.16|181.22|183.76
2023-09-01|189|189.6354|180.29|182.88
2023-09-05|180.94|190.79|180.65|188.8
2023-09-06|187|188.72|176.1|180.51
2023-09-07|170.34|178.784|168.45|177.94
2023-09-08|179|184.865|177.34|178.99
2023-09-11|185.59|191.0986|182.15|190
2023-09-12|186.48|190.21|180.8537|181.38
2023-09-13|181.32|186.83|179.32|183.48
2023-09-14|186.43|187.17|179.8901|184.55
2023-09-15|183.07|184.24|171.405|173.45
2023-09-18|169.63|173.61|168.63|171.91
2023-09-19|169.86|172.33|164.97|170.85
2023-09-20|172|172.9|160.41|160.65
2023-09-21|153.41|155.5|148.66|148.85
2023-09-22|152.15|155.32|147.6|148.55
2023-09-25|147.25|152.3173|145.1001|151.8
2023-09-26|148.08|149.09|142.44|143.74
2023-09-27|145.43|147.185|138|143.43
2023-09-28|142.02|150.83|139.44|148.69
2023-09-29|154.3809|156.98|148.1701|150.13
2023-10-02|150.1|158.55|149.115|155.96
2023-10-03|152.6|157.098|144.3001|146.43
2023-10-04|147.78|155.64|147.78|154.57
2023-10-05|154.88|156.0799|148.7262|154.02
2023-10-06|148.78|166.3899|148.5|165.35
2023-10-09|160.47|169.48|157.933|167.89
2023-10-10|168.2|175.48|167.7601|168.73
2023-10-11|171.1|174.94|169.0984|173.86
2023-10-12|173.5|178.8505|168.325|172.11
2023-10-13|172.49|173.79|160.29|161.96
2023-10-16|163.25|170.8|162.3|169.46
2023-10-17|161.73|167.85|157.14|164.33
2023-10-18|160.17|163.975|151.5001|153.59
2023-10-19|159.6|162.5|152.96|154.14
2023-10-20|153.98|155.01|144.75|145.34
2023-10-23|143.75|153.9899|140.6201|150
2023-10-24|153.34|157|150.4|155.7
2023-10-25|152|152.54|139.4646|140.4
2023-10-26|137.95|139.7299|125.8534|128.94
2023-10-27|135|137.2819|131.1001|133.78
2023-10-30|137.52|142.2|135.511|138.85
2023-10-31|138.61|140.25|133.35|139.57
2023-11-01|141.35|149|140.9573|148.6
2023-11-02|154.6339|156.13|150.6101|154.68
2023-11-03|156.7|163.1304|155.59|162.05
2023-11-06|163.36|165.75|158.51|163.29
2023-11-07|167.45|174.49|165.57|173.05
2023-11-08|173.89|175.5|170.56|175.06
2023-11-09|176.2|179.08|169.38|170.51
2023-11-10|172.54|184.73|170.5|184.51
2023-11-13|182.34|186.24|178.69|183.6
2023-11-14|194.02|198.21|192.82|196.14
2023-11-15|199.98|200.825|192.75|196.4
2023-11-16|193.7|197.36|191.5101|196.59
2023-11-17|195.32|198.4|192.6253|197.24
2023-11-20|196.49|207.6|196.49|206.45
2023-11-21|201.68|205.1|199.81|204.2
2023-11-22|206.69|211.12|202.56|204.5
2023-11-24|203.54|204.9799|200.75|203.2
2023-11-27|202.55|206.55|201.31|201.78
2023-11-28|199.76|205|197.81|204.81
2023-11-29|208.35|210.4056|201.31|201.7
2023-11-30|205.61|206.7539|194.76|200.03
2023-12-01|196.2|199|191.98|197.6
2023-12-04|190|191.51|183.75|189.85
2023-12-05|186.12|196.5094|186.11|193.6
2023-12-06|198.1999|198.748|187.04|187.45
2023-12-07|191.48|198.8|190.88|197.86
2023-12-08|194.84|204.36|194.84|203.62
2023-12-11|200.88|206.4|198.12|205.25
2023-12-12|203.1|212.25|202.5|212.14
2023-12-13|212.77|221.75|211.5439|219.29
2023-12-14|221.86|223.8995|214.27|220.97
2023-12-15|219.09|228.16|218.7|224.9
2023-12-18|226.35|238.06|225.68|235.38
2023-12-19|236.21|239.2978|235.2188|239.2
2023-12-20|238.94|245.1557|228.19|228.2
2023-12-21|236|238.18|229.91|237.01
2023-12-22|239.3795|240.5899|231|234.53
2023-12-26|236.27|239.87|235.51|238.77
2023-12-27|239.9|242.78|238.13|239.45
2023-12-28|242.2|243.11|237.64|238.25
2023-12-29|238.5|239.44|229.09|232.89
2024-01-02|225.91|227.59|210.55|216.56
2024-01-03|210.37|214.33|207.725|208.83
2024-01-04|206.28|212.98|204.92|205.18
2024-01-05|206.5|213.06|206|208.59
2024-01-08|211.5395|226.2|211.08|225.45