2018-08-01|118.285|118.835|118.07|118.46
2018-08-02|118.62|118.74|118.3|118.63
2018-08-03|118.83|119.29|118.81|119.22
2018-08-06|119.54|119.84|119.27|119.29
2018-08-07|119.03|119.1|118.57|118.67
2018-08-08|118.66|119.025|118.61|118.79
2018-08-09|119.23|119.83|119.12|119.79
2018-08-10|120.37|121.05|120.28|120.66
2018-08-13|120.25|120.7|120.21|120.41
2018-08-14|120.54|120.56|120.03|120.14
2018-08-15|120.66|121.13|120.57|120.84
2018-08-16|120.81|120.93|120.28|120.83
2018-08-17|121.09|121.3858|120.75|120.98
2018-08-20|121.64|121.91|121.535|121.79
2018-08-21|121.37|121.53|121.065|121.38
2018-08-22|122|122.0535|121.58|121.86
2018-08-23|122|122.13|121.78|122.05
2018-08-24|121.62|122.33|121.49|122.29
2018-08-27|121.78|121.87|121.52|121.59
2018-08-28|121|121.09|120.6812|120.86
2018-08-29|120.94|121.145|120.615|121.02
2018-08-30|121.31|121.46|121.08|121.28
2018-08-31|121.89|121.92|120.89|120.995
2018-09-04|119.96|120.095|119.75|120.03
2018-09-05|119.76|119.9|119.5464|119.71
2018-09-06|119.76|120.4|119.6947|120.15
2018-09-07|119.33|119.4|118.99|119.13
2018-09-10|119.17|119.6|119.17|119.57
2018-09-11|119.08|119.17|118.6|118.66
2018-09-12|119.05|119.17|118.9|118.94
2018-09-13|119.34|119.57|118.98|119.12
2018-09-14|118.41|118.91|118.2999|118.55
2018-09-17|118.18|118.82|118.12|118.55
2018-09-18|118.06|118.065|117.16|117.31
2018-09-19|117.105|117.11|116.19|116.61
2018-09-20|116.58|117.3|116.47|117.15
2018-09-21|116.87|117.275|116.84|117.1
2018-09-24|116.74|117.27|116.72|116.8
2018-09-25|116.48|116.74|116.4|116.68
2018-09-26|116.93|117.58|116.66|117.5
2018-09-27|117.24|117.65|117.1|117.58
2018-09-28|117.85|117.91|117.22|117.27
2018-10-01|116.66|116.83|116.12|116.15
2018-10-02|116.67|117.13|116.6|116.86
2018-10-03|116.27|116.36|114.24|114.83
2018-10-04|114.13|114.39|113.71|114.02
2018-10-05|113.39|113.72|112.62|113.04
2018-10-08|112.99|113.11|112.64|112.66
2018-10-09|113.14|113.85|113.07|113.8
2018-10-10|113.14|113.575|112.785|113.49
2018-10-11|114|115.15|113.79|114.87
2018-10-12|114.39|115.01|114.28|114.47
2018-10-15|114.66|114.8168|114.29|114.42
2018-10-16|114.39|114.72|114.16|114.68
2018-10-17|114.66|114.785|113.98|114
2018-10-18|113.62|114.39|113.55|113.96
2018-10-19|113.85|113.95|113.4103|113.71
2018-10-22|113.95|114.08|113.53|113.56
2018-10-23|114.76|115.02|113.84|113.92
2018-10-24|114.36|114.82|114.24|114.78
2018-10-25|114.54|114.74|114.23|114.3
2018-10-26|114.93|115.32|114.79|114.99
2018-10-29|114.84|115.02|114.26|114.73
2018-10-30|114.26|114.54|114.02|114.16
2018-10-31|113.74|113.96|113.21|113.58
2018-11-01|112.85|113.56|112.8399|113.41
2018-11-02|113.17|113.26|111.9|112
2018-11-05|112.48|112.71|112.35|112.44
2018-11-06|112.6|112.73|112.3333|112.37
2018-11-07|113.19|113.4|112.409|112.52
2018-11-08|112.96|112.97|112.41|112.51
2018-11-09|112.75|113.4967|112.72|113.35
2018-11-12|113.95|114.31|113.91|114.09
2018-11-13|113.71|114.02|113.4845|114.02
2018-11-14|113.48|114.52|113.3|114.09
2018-11-15|114.44|114.54|113.68|114.04
2018-11-16|114.2|114.81|113.92|114.7
2018-11-19|114.41|115.02|114.41|115.02
2018-11-20|115.24|115.46|114.93|115.06
2018-11-21|114.89|115.09|114.54|115.02
2018-11-23|115.67|115.76|115.09|115.14
2018-11-26|114.86|115.06|114.78|114.88
2018-11-27|114.81|115.25|114.76|115.01
2018-11-28|114.85|115.02|114.36|114.45
2018-11-29|114.92|115.25|114.59|114.9
2018-11-30|115.31|115.42|114.98|115.33
2018-12-03|114.68|115.88|114.66|115.88
2018-12-04|116.81|118.67|116.625|117.82
2018-12-06|118.54|119.2|118.13|118.19
2018-12-07|117.81|118.53|117.52|118.41
2018-12-10|118.87|119.28|118.44|118.9
2018-12-11|118.97|119.38|118.61|118.88
2018-12-12|118.58|118.72|118.24|118.35
2018-12-13|118.46|118.58|117.98|118.07
2018-12-14|118.55|118.77|118.22|118.48
2018-12-17|118.59|119.3|118.58|119.17
2018-12-18|119.07|119.785|118.94|119.6
2018-12-19|120.11|121.66|119.92|121.18
2018-12-20|122.01|122.03|120.67|120.74
2018-12-21|121.14|121.21|120.39|120.72
2018-12-24|121.13|121.42|120.91|121.32
2018-12-26|120.99|121.39|119.97|120.02
2018-12-27|121.26|121.38|119.98|120.04
2018-12-28|120.4|121.05|120.29|121.05
2018-12-31|120.65|121.56|120.46|121.51
2019-01-02|121.66|122.16|121.3401|122.15
2019-01-03|122.29|123.86|122.2267|123.54
2019-01-04|122.34|122.56|121.65|122.11
2019-01-07|122.62|122.65|121.62|121.75
2019-01-08|121.69|121.94|121.39|121.43
2019-01-09|121.26|121.43|120.795|121.24
2019-01-10|121.28|121.41|120.34|120.46
2019-01-11|120.83|121.27|120.68|120.93
2019-01-14|120.9|121.01|120.2416|120.48
2019-01-15|120.56|120.57|119.95|120.04
2019-01-16|119.59|120.39|119.51|120.16
2019-01-17|120.22|120.53|119.89|120.19
2019-01-18|119.84|120.12|119.385|119.56
2019-01-22|120.31|120.72|120.07|120.37
2019-01-23|119.88|120.62|119.83|120.32
2019-01-24|120.91|121.26|120.71|121.11
2019-01-25|120.59|120.75|120.32|120.53
2019-01-28|120.54|120.94|120.41|120.41
2019-01-29|120.53|121.04|120.39|121.02
2019-01-30|120.84|120.98|120.33|120.93
2019-01-31|121.55|122.18|121.5|121.97
2019-02-01|121.48|121.57|120.8446|120.96
2019-02-04|120.44|120.55|120.02|120.42
2019-02-05|120.73|121.23|120.66|120.97
2019-02-06|121.36|121.41|120.73|121.03
2019-02-07|121.46|121.91|121.23|121.83
2019-02-08|122.26|122.47|122.07|122.35
2019-02-11|121.86|122.18|121.75|121.87
2019-02-12|121.66|121.75|121.2|121.555
2019-02-13|121.15|121.39|120.91|121.1
2019-02-14|122.14|122.2|121.58|121.79
2019-02-15|121.56|122.02|121.54|121.98
2019-02-19|122.42|122.54|121.95|122.29
2019-02-20|121.95|122.08|121.59|121.94
2019-02-21|121.07|121.16|120.7|120.85
2019-02-22|121.47|121.945|121.42|121.57
2019-02-25|121.17|121.3|120.92|121.21
2019-02-26|121.73|121.82|121.36|121.81
2019-02-27|121.12|121.13|120.2799|120.43
2019-02-28|120.56|120.62|119.71|120.02
2019-03-01|119.33|119.53|118.64|118.66
2019-03-04|119.29|119.77|119.06|119.59
2019-03-05|119.28|119.87|119.27|119.84
2019-03-06|119.92|120.52|119.89|120.28
2019-03-07|120.64|121.26|120.61|121.06
2019-03-08|121.12|121.69|120.845|121.57
2019-03-11|121.4|121.42|120.98|121.21
2019-03-12|121.3|122.23|121.255|122.06
2019-03-13|121.66|121.96|121.62|121.83
2019-03-14|121.69|121.76|120.92|120.95
2019-03-15|121.74|121.95|121.4|121.75
2019-03-18|121.57|121.87|121.5169|121.68
2019-03-19|121.09|121.615|120.89|121.41
2019-03-20|121.74|122.85|121.73|122.68
2019-03-21|122.96|123.09|122.74|122.95
2019-03-22|124.21|125.28|124.06|124.86
2019-03-25|124.81|125.94|124.5099|125.06
2019-03-26|124.7|125.29|124.62|124.97
2019-03-27|125.42|126.34|125.31|126.12
2019-03-28|126.25|126.69|126.01|126.56
2019-03-29|125.68|126.47|125.64|126.44
2019-04-01|125.29|125.3565|124.19|124.37
2019-04-02|124.48|124.7369|124.245|124.6
2019-04-03|123.61|123.87|123.37|123.52
2019-04-04|123.6|123.89|123.44|123.87
2019-04-05|123.62|124.17|123.58|124.03
2019-04-08|123.83|123.95|123.52|123.59
2019-04-09|124.22|124.335|123.77|123.98
2019-04-10|124.27|124.52|124.1|124.28
2019-04-11|123.93|124.02|123.41|123.55
2019-04-12|122.89|123.06|122.63|122.67
2019-04-15|122.775|122.99|122.72|122.98
2019-04-16|122.51|122.63|122.14|122.21
2019-04-17|122.13|122.5701|122.11|122.26
2019-04-18|122.81|123.1|122.78|122.9
2019-04-22|122.47|122.57|122.235|122.31
2019-04-23|122.61|122.7|122.39|122.57
2019-04-24|123.11|123.59|123.09|123.57
2019-04-25|123.49|123.62|123.1|123.39
2019-04-26|123.98|124.02|123.64|123.81
2019-04-29|123.23|123.35|122.85|123.02
2019-04-30|122.95|123.74|122.93|123.65
2019-05-01|123.69|124.45|123.6|123.9
2019-05-02|123.68|123.81|123.04|123.31
2019-05-03|123.66|123.875|123.37|123.66
2019-05-06|124.31|124.38|123.925|124
2019-05-07|124.53|125.14|124.39|124.95
2019-05-08|125.15|125.2999|124.3|124.41
2019-05-09|125.11|125.3|124.31|124.92
2019-05-10|124.89|125.45|124.59|124.75
2019-05-13|125.4|125.93|125.25|125.73
2019-05-14|125.51|125.65|125.2|125.36
2019-05-15|126.21|126.27|125.77|126.13
2019-05-16|125.81|125.83|125.53|125.71
2019-05-17|126.28|126.3|125.69|125.99
2019-05-20|126.12|126.38|125.65|125.73
2019-05-21|125.6|125.72|125.3|125.53
2019-05-22|125.77|126.33|125.72|126.25
2019-05-23|126.89|128.09|126.88|127.67
2019-05-24|127.56|127.78|127.39|127.78
2019-05-28|128.27|128.9|128.085|128.79
2019-05-29|129.67|129.9|129|129.09
2019-05-30|129.33|130.23|128.8852|130.2
2019-05-31|130.9|131.9|130.81|131.83
2019-06-03|131.91|132.58|131.55|132.44
2019-06-04|131.39|131.76|130.55|130.93
2019-06-05|130.52|130.95|130.12|130.19
2019-06-06|130.97|131.59|130.32|130.61
2019-06-07|131.79|132.07|131.438|131.74
2019-06-10|130.68|130.704|130.32|130.5
2019-06-11|130.42|130.76|130.32|130.58
2019-06-12|130.39|130.75|130.3|130.68
2019-06-13|130.8|131.25|130.79|131.13
2019-06-14|131.1|131.71|131.09|131.46
2019-06-17|131.39|131.76|131.13|131.69
2019-06-18|132.74|132.86|131.945|132.35
2019-06-19|131.86|132.72|131.58|132.54
2019-06-20|132.91|133.505|132.59|132.89
2019-06-21|132.51|132.53|131.375|131.43
2019-06-24|132.16|132.53|132.079|132.41
2019-06-25|132.79|133.09|132.72|132.82
2019-06-26|132.68|132.7|131.88|131.97
2019-06-27|132.31|133.09|131.99|132.9
2019-06-28|132.58|133.08|132.4458|132.81
2019-07-01|132.57|132.75|131.591|132.24
2019-07-02|132.57|133.39|132.46|133.26
2019-07-03|133.52|134.29|133.51|134.21
2019-07-05|132.54|132.55|131.67|132.43
2019-07-08|133.05|133.22|132.61|132.61
2019-07-09|132.68|132.71|132.16|132.56
2019-07-10|132.35|132.435|131.51|131.83
2019-07-11|131.31|131.41|129.76|130.07
2019-07-12|129.92|130.45|129.68|130.22
2019-07-15|130.45|131.05|130.45|130.97
2019-07-16|130.17|130.6|129.955|130.58
2019-07-17|131.06|132.0184|131.05|131.99
2019-07-18|131.47|132.32|131.24|132
2019-07-19|131.59|131.93|131.505|131.69
2019-07-22|132.47|132.49|131.7439|131.94
2019-07-23|131.6|131.74|130.965|131.22
2019-07-24|131.6|131.897|131.465|131.79
2019-07-25|131.25|131.41|130.51|131.16
2019-07-26|131.7|131.78|131.25|131.47
2019-07-29|131.82|131.9499|131.395|131.51
2019-07-30|132|132.1|131.43|131.83
2019-07-31|131.7|133.33|131.66|132.89
2019-08-01|133.39|135.39|133.26|135.26
2019-08-02|135.66|136.51|135.4|136.51
2019-08-05|138.14|138.89|137.66|138.87
2019-08-06|138.2|139.98|138.085|139.98
2019-08-07|142.4|143.06|139.78|140.03
2019-08-08|139.14|140.43|137.98|140.33
2019-08-09|140.67|141.55|139.87|140.05
2019-08-12|141.72|143.43|141.5115|142.97
2019-08-13|143.81|143.9116|141.95|142.48
2019-08-14|145.16|145.7261|144.71|145.69
2019-08-15|145.95|148.6|145.58|147.31
2019-08-16|146.06|146.51|144.84|146.13
2019-08-19|143.57|144.66|143.515|144.04
2019-08-20|145.28|145.6225|144.84|145.53
2019-08-21|144.72|145.79|144.285|144.56
2019-08-22|144|144.7|143.48|143.6
2019-08-23|143.52|146.27|143.43|145.96
2019-08-26|145.87|146.29|145.29|145.37
2019-08-27|146.63|147.72|146.48|147.61
2019-08-28|148.78|148.9|147.66|147.8
2019-08-29|147.25|147.34|146.13|147.24
2019-08-30|146.61|147.48|146.36|147.28
2019-09-03|147.09|148.67|146.57|147.21
2019-09-04|146.53|147.62|146.48|147.43
2019-09-05|145.66|145.8|143.89|144.76
2019-09-06|145.26|146.03|145.08|145.79
2019-09-09|143.83|144|143.19|143.2
2019-09-10|142.84|143.29|140.66|140.69
2019-09-11|140.4|141.15|140.39|140.44
2019-09-12|141.5|141.8|139.0647|139.52
2019-09-13|138.28|138.71|136.54|136.54
2019-09-16|137.88|138.57|137.2544|138.28
2019-09-17|138.36|139.6|138.02|139.03
2019-09-18|139.93|140.66|139.53|139.62
2019-09-19|140.76|140.99|139.97|140.04
2019-09-20|140.77|141.98|140.44|141.89
2019-09-23|142.24|143.155|141.7|141.86
2019-09-24|142.42|143.845|142.41|143.57
2019-09-25|143.26|143.55|141.14|141.47
2019-09-26|142.27|142.99|141.895|142.38
2019-09-27|142.32|142.975|142.14|142.73
2019-09-30|141.88|143.09|141.84|143.08
2019-10-01|141.26|143.91|141.14|143.26
2019-10-02|143.46|144.27|143.24|143.61
2019-10-03|143.98|145.67|143.92|144.92
2019-10-04|145.35|146.03|145.2|145.99
2019-10-07|145.16|145.53|144.71|144.78
2019-10-08|145.82|145.93|144.62|145.17
2019-10-09|144.6|144.61|143.8|144.35
2019-10-10|143.12|143.18|141.73|142.2
2019-10-11|140.98|141.1|139.71|140.44
2019-10-14|141.48|141.505|141.08|141.46
2019-10-15|140.67|140.945|139.55|139.75
2019-10-16|139.64|140.06|139.35|139.92
2019-10-17|139.52|140.38|139.2967|139.58
2019-10-18|139.81|140.23|139.45|139.58
2019-10-21|138.57|138.99|138.225|138.53
2019-10-22|139.38|139.529|138.635|139.34
2019-10-23|140.03|140.3138|139.36|139.48
2019-10-24|139.68|140.24|139.03|139.2
2019-10-25|139.53|139.55|138.31|138.52
2019-10-28|137.58|137.58|136.99|137.26
2019-10-29|137.62|137.74|137.17|137.35
2019-10-30|137.77|139.45|137.77|139.36
2019-10-31|140.48|141.677|140.43|141.24
2019-11-01|140.73|141.27|139.79|140.56
2019-11-04|138.97|139.14|138.53|138.71
2019-11-05|137.22|137.44|136.73|137.15
2019-11-06|138.02|138.41|137.34|137.98
2019-11-07|136.35|136.36|134.45|135.48
2019-11-08|135.15|135.95|134.78|134.91
2019-11-11|135.38|135.39|134.64|135
2019-11-12|135.28|135.9499|134.788|135.62
2019-11-13|136.81|136.96|136.165|136.5
2019-11-14|137.8|138.44|137.67|137.91
2019-11-15|137.48|138.16|137.43|137.76
2019-11-18|138.21|138.61|137.93|138.01
2019-11-19|138.37|139.24|138.37|139.16
2019-11-20|139.91|140.6|139.77|140.6
2019-11-21|139.64|140.08|139.12|139.72
2019-11-22|140.1|140.28|139.68|139.9
2019-11-25|140.3|140.53|140.18|140.31
2019-11-26|141|141.31|140.94|141.13
2019-11-27|140.6|140.91|140.42|140.72
2019-11-29|140.62|140.68|139.78|140.42
2019-12-02|138.14|138.67|137.95|138.31
2019-12-03|140.04|141.77|139.93|141.21
2019-12-04|140.34|140.5|139.21|139.8
2019-12-05|138.66|139.44|138.6|139.12
2019-12-06|138.03|139.12|137.86|138.35
2019-12-09|138.99|139.11|138.57|138.65
2019-12-10|139.18|139.35|138.41|138.66
2019-12-11|139.3|140.14|139.23|139.75
2019-12-12|139.19|139.2846|136.61|137.45
2019-12-13|138.12|139.61|137.23|139.04
2019-12-16|138.4|138.46|137.43|137.79
2019-12-17|138.21|138.34|137.21|137.6
2019-12-18|137.3|137.45|136.28|136.47
2019-12-19|136|136.86|135.7601|136.47
2019-12-20|136.13|136.69|135.93|136.65
2019-12-23|136.81|136.9687|136|136.45
2019-12-24|135.92|137.06|135.89|136.84
2019-12-26|136.91|137.22|136.51|137.17
2019-12-27|137.44|137.63|137.29|137.32
2019-12-30|135.89|136.9|135.66|136.82
2019-12-31|136.21|136.46|135.38|135.48
2020-01-02|136.79|137.53|136.665|137.015
2020-01-03|138.27|139.16|137.88|139.12
2020-01-06|139.69|139.71|138.15|138.33
2020-01-07|138.22|138.47|137.64|137.645
2020-01-08|137.93|138.31|136.32|136.74
2020-01-09|136|137.435|135.905|137.22
2020-01-10|137.67|138.47|137.6299|138.44
2020-01-13|137.88|138.09|137.39|138.02
2020-01-14|138.18|138.82|138.135|138.73
2020-01-15|139.52|139.76|139.02|139.65
2020-01-16|139.26|139.53|138.74|139.21
2020-01-17|137.58|138.14|137.36|138.02
2020-01-21|138.81|139.65|138.77|139.47
2020-01-22|139.72|140.14|139.59|139.96
2020-01-23|140.845|141.38|140.78|140.94
2020-01-24|141.42|142.55|141.3|142.08
2020-01-27|143.95|144.29|143.5004|144.29
2020-01-28|143.925|144.085|142.82|143.16
2020-01-29|143.44|144.7|143.43|144.56
2020-01-30|144.9|145.67|144.29|144.58
2020-01-31|145.17|145.99|145.09|145.9
2020-02-03|144.945|145.755|144.12|145.54
2020-02-04|143.99|144.14|143.06|143.58
2020-02-05|142.3|142.7|141.9|142.01
2020-02-06|142.18|142.88|142|142.65
2020-02-07|144.22|144.74|143.87|144.43
2020-02-10|145.1|145.25|144.68|144.83
2020-02-11|144.59|144.72|143.94|144.1
2020-02-12|143.37|143.55|142.99|143.37
2020-02-13|143.44|144.2|143.27|143.92
2020-02-14|144.76|145.08|144.45|144.55
2020-02-18|145.34|146.05|144.92|145.54
2020-02-19|145.12|145.62|144.98|145.53
2020-02-20|146.08|146.94|145.9985|146.67
2020-02-21|147.8|148.88|147.65|148.04
2020-02-24|150.83|150.96|150|150.25
2020-02-25|150.21|151.7553|150.14|151.05
2020-02-26|149.95|151.72|149.58|150.25
2020-02-27|152.7|153.08|150.83|151.88
2020-02-28|154.45|155.9799|154.16|155.31
2020-03-02|155.3|156.5|153.76|153.94
2020-03-03|153.81|159.7|152.36|156.33
2020-03-04|156.41|157.35|154.19|154.67
2020-03-05|157.13|158.82|156.81|158.52
2020-03-06|167.3|169.33|164.11|166.77
2020-03-09|179.1|179.7|170.34|171.29
2020-03-10|169.635|172.93|162.03|162.51
2020-03-11|165.43|167.03|155.63|156.53
2020-03-12|163.51|166.36|155.66|157.5
2020-03-13|155|158.2|152.19|153.94
2020-03-16|160.38|166.15|157.81|163.91
2020-03-17|163.5|165.63|152.71|152.98
2020-03-18|152.84|154.14|139.0105|144.35
2020-03-19|146.95|153.45|145.25|148.28
2020-03-20|153.3|159.43|152.11|159.43
2020-03-23|157.5|166.69|156.57|166
2020-03-24|161.25|165.45|160.41|162.91
2020-03-25|163.59|166.68|161.62|162.54
2020-03-26|163.995|165.68|162.27|163.34
2020-03-27|165.52|168.25|164.59|167.7
2020-03-30|168.3|170.11|165.94|166.32
2020-03-31|165.7|166.92|164.56|164.97
2020-04-01|168.48|168.96|166.4|167.04
2020-04-02|168.83|169.22|167.26|168.1
2020-04-03|168.55|170.33|168.14|168.5
2020-04-06|167|168.27|166.53|168.06
2020-04-07|164.96|166.42|163.71|166.3
2020-04-08|165.11|166.19|164.13|165.09
2020-04-09|164.28|165.79|163.78|165.39
2020-04-13|164.75|165.71|163.88|163.88
2020-04-14|163.84|164.74|163.48|163.84
2020-04-15|166.8|168.6|166.74|168.18
2020-04-16|169.26|170.315|169.0156|170.09
2020-04-17|169.82|170.84|167.27|167.81
2020-04-20|168.44|169.29|167.96|169.16
2020-04-21|171.93|172.15|170.78|171.29
2020-04-22|169.97|170.39|168.705|169.54
2020-04-23|169.87|170.93|169.605|170.44
2020-04-24|169.61|170.84|169.57|170.84
2020-04-27|169.66|169.75|167.44|167.66
2020-04-28|168.55|169.85|168.45|169.59
2020-04-29|169.53|170.26|167.96|168.71
2020-04-30|168.74|169.23|166.71|166.74
2020-05-01|167.5|168.11|166.44|167.95
2020-05-04|167.56|167.68|166.48|167.16
2020-05-05|165.57|166.27|165.27|166.09
2020-05-06|163.23|163.64|162.05|163.41
2020-05-07|163.56|166.37|163.34|166.14
2020-05-08|164.49|165.4|163.68|163.98
2020-05-11|163.66|164.22|162.095|162.7
2020-05-12|163.16|164.93|163.13|164.37
2020-05-13|165.09|166.29|164.8272|165.52
2020-05-14|167.32|168.15|167.05|167.14
2020-05-15|168.3|168.49|166.33|166.71
2020-05-18|164.93|165.055|162.42|163.05
2020-05-19|162.52|163.7|162.48|163.66
2020-05-20|163.17|164.7|162.88|164.15
2020-05-21|164.86|165.36|164.29|164.56
2020-05-22|164.72|165.68|164.61|165.55
2020-05-26|163.71|163.79|162.975|163.33
2020-05-27|162.785|163.91|162.59|163.03
2020-05-28|161.96|162.57|161.66|162.43
2020-05-29|162.71|164.09|162.355|163.59
2020-06-01|162.1|162.44|161.67|162.28
2020-06-02|161.67|162.093|161.25|161.69
2020-06-03|160.18|160.33|158.94|159.54
2020-06-04|158.92|159.01|157.185|157.23
2020-06-05|154.61|156.16|153.16|156.11
2020-06-08|155.07|156.85|155.05|156.71
2020-06-09|159.05|159.64|158.3|158.49
2020-06-10|159.24|160.9|159.05|160.84
2020-06-11|163.245|164.23|162.63|163.88
2020-06-12|162.41|163.66|162.05|162.3
2020-06-15|163.89|164.22|162.14|162.39
2020-06-16|159.41|161.23|158.7|159.9
2020-06-17|160.27|160.77|159.34|160.56
2020-06-18|162.04|162.48|161.61|162.26
2020-06-19|161|162.5|160.91|162.39
2020-06-22|163.19|163.4184|162.07|162.41
2020-06-23|161.48|162.06|161.12|161.3
2020-06-24|161.53|163.09|161.52|163.03
2020-06-25|164.21|164.35|163.4|163.5
2020-06-26|164.25|165.32|164.18|165.25
2020-06-29|164.85|165.27|164.38|164.73
2020-06-30|165.23|165.29|163.48|163.93
2020-07-01|162.81|163.56|162.15|163.42
2020-07-02|162.7|163.74|162.24|163.59
2020-07-06|162.33|163.02|161.75|162.92
2020-07-07|163.42|165.34|163.2|165.21
2020-07-08|164.32|164.92|163.83|164.55
2020-07-09|164.66|167.45|164.6|167.17
2020-07-10|167.95|168.21|166.16|166.33
2020-07-13|165.5|166.96|165.23|166.88
2020-07-14|167.93|168.14|166.98|167.12
2020-07-15|165.92|166.945|165.8291|166.34
2020-07-16|167.4|167.77|167.04|167.13
2020-07-17|167.27|167.4|166.47|166.78
2020-07-20|167.51|167.62|166.8|167.19
2020-07-21|167.3|167.72|167.075|167.29
2020-07-22|168.26|168.46|167.69|167.79
2020-07-23|168.92|169.88|168.48|169.75
2020-07-24|169.01|169.92|168.8695|169.74
2020-07-27|170.25|170.3|168.99|169.11
2020-07-28|169.54|170.34|169.43|170.28
2020-07-29|170.05|170.39|168.98|169.99
2020-07-30|171.05|171.26|170.75|171.11
2020-07-31|170.15|171.4554|169.94|171
2020-08-03|169.24|169.99|168.97|169.95
2020-08-04|170.83|171.58|170.72|171.57
2020-08-05|170.06|170.56|169.69|170.07
2020-08-06|171.38|172.25|170.62|171.02
2020-08-07|171.28|171.5|169.58|169.88
2020-08-10|170.22|170.25|169.07|169.12
2020-08-11|167.17|167.49|165.875|167.105
2020-08-12|165.7|166.065|164.99|165.59
2020-08-13|165.31|165.58|163.165|163.82
2020-08-14|163.81|164.15|163.16|163.18
2020-08-17|163.97|164.46|163.43|163.59
2020-08-18|164.36|164.87|164.085|164.76
2020-08-19|165.37|165.6101|163.3|163.73
2020-08-20|165.39|165.65|164.93|165.21
2020-08-21|165.77|166.33|165.01|166.2
2020-08-24|166.32|166.97|165.86|165.93
2020-08-25|164.35|165.09|163.83|164.66
2020-08-26|164.05|164.325|163.28|164.03
2020-08-27|164.76|164.82|161.16|161.24
2020-08-28|161.77|162.05|160.64|161.12
2020-08-31|161.6|163.25|161.56|162.19
2020-09-01|161.76|164.07|161.18|163.86
2020-09-02|163.51|165.56|163.49|165.42
2020-09-03|165.75|167.24|165.44|165.89
2020-09-04|164.41|164.6984|162.45|162.74
2020-09-08|164.37|165.26|163.74|163.74
2020-09-09|163.94|164.25|162.7582|163.3
2020-09-10|162.46|164.35|161.95|164.13
2020-09-11|164.31|164.57|164.08|164.48
2020-09-14|164.79|165.08|164.23|164.47
2020-09-15|164.17|164.47|163.79|164.07
2020-09-16|164.78|164.89|162.9804|163.58
2020-09-17|164.9|164.96|163.801|164.08
2020-09-18|164.17|164.24|163.34|163.57
2020-09-21|164.89|165.4|164.135|164.4
2020-09-22|164.44|164.88|163.87|164.27
2020-09-23|164.3|164.53|163.48|164.49
2020-09-24|164.96|165.12|164.62|165.12
2020-09-25|165.11|165.42|164.71|165.12
2020-09-28|164.87|164.9|164.37|164.65
2020-09-29|164.8|165.24|164.56|164.84
2020-09-30|164|164|162.55|163.26
2020-10-01|162.51|163.7401|162.1|163.36
2020-10-02|163.61|163.67|162.18|162.75
2020-10-05|160.95|160.95|159.52|159.57
2020-10-06|159.33|161.405|158.68|160.43
2020-10-07|159.56|160.417|158.86|159.26
2020-10-08|159.97|160.25|159.655|160.12
2020-10-09|159.52|160.27|158.81|160.09
2020-10-12|160.43|160.68|160.11|160.6
2020-10-13|161.21|161.83|161.18|161.75
2020-10-14|162.33|162.75|161.9674|162.12
2020-10-15|163.04|163.19|161.64|161.84
2020-10-16|161.66|162.32|161.1|161.39
2020-10-19|160.5|160.98|160.05|160.78
2020-10-20|159.86|160.01|158.95|159.25
2020-10-21|158.79|159.37|158.37|158.7
2020-10-22|158.29|158.63|156.97|157.05
2020-10-23|156.81|158.21|156.75|158.01
2020-10-26|159.21|160.02|159.01|159.48
2020-10-27|160.23|160.7|159.895|160.55
2020-10-28|161.38|161.46|160.2|160.7
2020-10-29|160.73|160.83|158.47|159.14
2020-10-30|159.03|159.35|157.57|157.57
2020-11-02|158.7|159.19|158.33|158.58
2020-11-03|157.85|157.98|157.04|157.66
2020-11-04|161.64|162.17|160.54|161.08
2020-11-05|161.64|161.74|160.58|161.36
2020-11-06|159.618|159.915|158.94|159.41
2020-11-09|155.97|156.15|154.625|156.06
2020-11-10|154.96|155.81|154.78|155.16
2020-11-11|155.02|155.94|154.97|155.72
2020-11-12|156.94|158.4|156.71|158.37
2020-11-13|158.36|158.5|157.91|158.16
2020-11-16|157.73|158.28|157.61|157.78
2020-11-17|158.77|159.16|158.59|158.81
2020-11-18|159.44|159.57|158.35|159.27
2020-11-19|159.97|160.72|159.84|160.09
2020-11-20|160.525|161.54|160.39|161.51
2020-11-23|160.82|160.99|160.28|160.77
2020-11-24|159.99|160.0218|159.01|159.17
2020-11-25|159.25|159.91|158.62|158.68
2020-11-27|159.61|160.27|159.58|160.22
2020-11-30|160.03|160.53|159.76|160.02
2020-12-01|158.55|158.74|156.68|157.5
2020-12-02|156.88|156.93|155.48|156.25
2020-12-03|156.94|157.82|156.58|157.51
2020-12-04|155.69|155.785|154.77|155.2
2020-12-07|156.35|156.88|156.18|156.6
2020-12-08|157.57|158.07|157.2|157.34
2020-12-09|156.55|157.32|156.015|156.82
2020-12-10|157.24|158.29|156.83|158.21
2020-12-11|158.65|159.39|158.32|158.77
2020-12-14|157.49|158.69|157.11|158.33
2020-12-15|157.78|158.39|157.31|157.8
2020-12-16|156.58|157.89|156.39|157.38
2020-12-17|158.13|158.46|156.43|156.8
2020-12-18|157.12|157.38|156.18|156.33
2020-12-21|157.2|157.34|156.45|156.95
2020-12-22|157.5634|157.83|157.08|157.76
2020-12-23|156.62|156.69|155.46|156.67
2020-12-24|156.9|157.43|156.85|157.29
2020-12-28|156.38|157.45|156.095|157.36
2020-12-29|156.39|157.29|156.36|157.16
2020-12-30|156.82|157.53|156.68|157.5
2020-12-31|157.46|158.08|157.45|157.73
2021-01-04|156.67|158.18|156.535|157.54
2021-01-05|156.95|156.95|155.66|156.37
2021-01-06|153.82|153.85|152.29|153.16
2021-01-07|151.79|152.17|151.26|151.81
2021-01-08|151.48|151.96|150.66|151.32
2021-01-11|151|151.21|150.49|151.07
2021-01-12|150.79|151.16|149.925|150.95
2021-01-13|151.66|153.07|151.57|152.65
2021-01-14|152.58|152.64|150.79|151.22
2021-01-15|152.185|152.36|151.47|151.82
2021-01-19|151.62|152.36|151.505|152.31
2021-01-20|151.985|152.48|151.79|152.46
2021-01-21|151.44|151.75|151.1|151.39
2021-01-22|151.85|152.01|151.42|151.88
2021-01-25|152.76|153.69|152.635|153.67
2021-01-26|153.1|153.6|152.92|153.38
2021-01-27|154.07|154.5|153.53|153.77
2021-01-28|153.4|153.46|152.16|152.92
2021-01-29|151.42|152.49|151.3|152
2021-02-01|151.66|152.36|151.49|152
2021-02-02|150.74|151.085|150.52|151.02
2021-02-03|150.425|150.59|149.58|149.68
2021-02-04|149.16|149.49|148.8|149.28
2021-02-05|149.1|149.57|148.02|148.03
2021-02-08|148.3|149.265|148.035|148.68
2021-02-09|149.22|149.67|148.655|148.79
2021-02-10|149.28|149.78|149.1409|149.78
2021-02-11|149.6791|149.79|148.75|148.96
2021-02-12|147.7|148.08|147.03|147.11
2021-02-16|145.22|145.655|144.6625|144.87
2021-02-17|145.95|146.38|144.98|145.79
2021-02-18|144.61|145.6|144.32|145.2
2021-02-19|144.06|144.32|142.8517|143.27
2021-02-22|143.03|143.74|141.72|142.18
2021-02-23|141.52|142.5|141.14|141.77
2021-02-24|139.352|141.175|139.16|140.84
2021-02-25|139.52|139.92|136.61|138.54
2021-02-26|140.77|143.3|139.68|143.12
2021-03-01|140.66|141.41|140.09|141.06
2021-03-02|140.4|141.13|140.295|141.07
2021-03-03|139.38|140.15|138.76|139.54
2021-03-04|139.632|139.94|137.96|138.64
2021-03-05|138.1687|139.34|137.99|138.91
2021-03-08|138.83|138.9|137.83|137.83
2021-03-09|139.27|139.815|138.97|139.74
2021-03-10|139.8|140.15|139.28|140.02
2021-03-11|139.17|139.38|138.46|139.01
2021-03-12|136.4|136.4591|135.65|136.06
2021-03-15|136.49|137.09|136.41|136.86
2021-03-16|137.02|137.12|135.75|136.31
2021-03-17|135.15|135.525|134.15|135.29
2021-03-18|133.31|134.47|133.19|133.92
2021-03-19|134.08|134.83|133.8|134.75
2021-03-22|135.69|136.41|135.37|136.26
2021-03-23|136.585|137.54|136.15|137.49
2021-03-24|137.06|138.28|136.945|138.23
2021-03-25|138.3862|138.655|137.09|137.14
2021-03-26|136.42|137.2392|136.22|136.66
2021-03-29|136.83|136.8465|134.97|135.5
2021-03-30|135.3|136.515|135.005|136.21
2021-03-31|136.34|136.59|134.98|135.45
2021-04-01|136.55|137.62|136.3|137.51
2021-04-05|136.55|136.97|135.94|136.91
2021-04-06|137.16|137.98|137.01|137.84
2021-04-07|137.45|138.1|136.88|136.88
2021-04-08|137.39|138.07|137.36|138.01
2021-04-09|137.5|138.19|137.09|137.51
2021-04-12|137.46|137.53|137.1|137.45
2021-04-13|137.3|138.51|137.2|138.48
2021-04-14|138.03|138.2351|137.57|138.04
2021-04-15|139.49|140.98|139.455|140.35
2021-04-16|139.1|139.73|138.9308|139.26
2021-04-19|138.74|139.31|138.55|138.86
2021-04-20|138.45|139.76|138.43|139.5
2021-04-21|139.54|139.91|139.07|139.78
2021-04-22|140|140.39|139.2|140.39
2021-04-23|140.38|140.47|139.49|140.06
2021-04-26|140.15|140.51|139.85|139.86
2021-04-27|139.59|139.82|138.525|138.64
2021-04-28|138.65|138.89|137.96|138.73
2021-04-29|137.45|138.36|137.125|138.32
2021-04-30|138.507|138.73|137.98|138.64
2021-05-03|138.7|139.645|138.28|138.52
2021-05-04|139.49|140.16|139.155|139.46
2021-05-05|139.03|139.85|138.92|139.69
2021-05-06|139.25|140.19|139.2003|139.92
2021-05-07|140.1|140.6|138.91|139.23
2021-05-10|138.95|139.25|137.69|137.82
2021-05-11|137.23|137.48|136.77|137.04
2021-05-12|136.67|136.8|135.36|135.6
2021-05-13|135.93|136.37|135.63|135.81
2021-05-14|136.53|137.08|136.22|137.08
2021-05-17|136.83|137.17|136.565|136.79
2021-05-18|136.4|136.57|136.07|136.44
2021-05-19|136.54|137.3|135.62|136.11
2021-05-20|136.76|137.49|136.67|137.23
2021-05-21|137.66|137.7|137.06|137.67
2021-05-24|137.99|138.58|137.89|138.18
2021-05-25|138.63|139.5|138.62|139.46
2021-05-26|139.59|139.91|138.88|139.22
2021-05-27|138.5|138.69|137.99|138.655
2021-05-28|138.582|139.3|138.34|138.44
2021-06-01|137.82|138.26|137.25|138.21
2021-06-02|138.55|138.79|138.32|138.53
2021-06-03|138.51|138.51|137.845|138.01
2021-06-04|138.52|139.9|138.52|139.9
2021-06-07|139.59|139.705|139.325|139.47
2021-06-08|140.655|140.66|140.21|140.45
2021-06-09|141.765|142.15|141.25|141.69
2021-06-10|140.83|142.56|140.68|142.54
2021-06-11|142.305|142.4|141.84|142.31
2021-06-14|142.1|142.1|141.015|141.22
2021-06-15|140.8|141.09|140.48|141.05
2021-06-16|141.4|141.67|140.21|140.93
2021-06-17|141.86|144.925|141.64|143.04
2021-06-18|144.28|146.04|144.12|145.73
2021-06-21|144.39|144.49|143.02|143.29
2021-06-22|142.17|143.68|142.12|143.64
2021-06-23|143.11|143.5|142.71|143.27
2021-06-24|143.42|143.9|143.33|143.5
2021-06-25|143.265|143.4|141.37|142.01
2021-06-28|142.72|143.8|142.7|143.47
2021-06-29|143.1|143.72|143.04|143.71
2021-06-30|144.25|144.93|144.07|144.35
2021-07-01|143.98|144.31|143.53|144.17
2021-07-02|144.23|145.04|144.11|145.04
2021-07-06|145.72|146.99|145.715|146.74
2021-07-07|147.57|148.56|147.22|148.04
2021-07-08|148.88|149.44|148.17|148.62
2021-07-09|146.87|146.99|146.49|146.53
2021-07-12|147.09|147.23|146.17|146.34
2021-07-13|146.82|147.46|144.64|145.22
2021-07-14|146.01|146.92|145.81|146.87
2021-07-15|147.95|148.6|147.03|148.49
2021-07-16|147.34|148.34|147.32|148.21
2021-07-19|150.95|151.95|150.62|151.46
2021-07-20|152.53|152.71|149.76|150
2021-07-21|148.18|148.5|146.67|148.1
2021-07-22|148.11|149.805|148.06|149.5
2021-07-23|147.94|148.655|147.89|148.5
2021-07-26|148.995|149.06|147.88|148.06
2021-07-27|149.33|149.69|148.99|149.64
2021-07-28|148.67|149.67|148.27|149.65
2021-07-29|148.78|149.22|148.53|148.82
2021-07-30|149.13|149.72|149.06|149.52
2021-08-02|149.454|151.23|149.18|150.67
2021-08-03|150.75|151.23|150.39|150.75
2021-08-04|151.5|151.82|149.72|151.06
2021-08-05|150.76|150.92|150|150.29
2021-08-06|148.322|148.76|147.6909|147.78
2021-08-09|148.152|148.56|147.23|147.25
2021-08-10|147.49|147.57|146.56|146.57
2021-08-11|146.412|147.23|145.71|146.48
2021-08-12|146.09|146.44|145.43|146.24
2021-08-13|146.83|148.56|146.81|148.55
2021-08-16|149.19|150.02|148.81|148.91
2021-08-17|148.88|149.47|148.67|148.85
2021-08-18|148.71|149.47|148.45|149.35
2021-08-19|150.31|150.46|149.81|150.45
2021-08-20|150.59|150.81|150.11|150.55
2021-08-23|150.2|150.495|149.92|150.45
2021-08-24|149.76|150.07|149.28|149.28
2021-08-25|149.21|149.37|147.58|148.04
2021-08-26|147.965|148.57|147.51|148.45
2021-08-27|148.57|149.485|148.33|149.46
2021-08-30|148.99|149.9|148.93|149.85
2021-08-31|149.67|150.09|148.5|148.83
2021-09-01|149.27|149.39|148.49|148.89
2021-09-02|149.24|149.55|148.75|149.54
2021-09-03|148.27|148.51|147.94|148.18
2021-09-07|147.262|147.52|146.655|146.93
2021-09-08|147.66|148.19|147.39|147.93
2021-09-09|148.17|149.89|147.85|149.72
2021-09-10|148.9|149.17|148.16|148.4
2021-09-13|149.042|149.49|148.95|149.3
2021-09-14|149.73|151.57|149.58|151.11
2021-09-15|151.21|151.25|149.93|150.58
2021-09-16|149.67|150.45|149.5|149.89
2021-09-17|149.182|149.36|148.7|149.17
2021-09-20|150.57|151.37|150.23|151.02
2021-09-21|150.71|150.96|150.2|150.89
2021-09-22|150.79|151.79|150.44|151.79
2021-09-23|150.42|150.45|148.3401|148.36
2021-09-24|147.84|147.85|146.735|146.91
2021-09-27|146.06|146.87|145.88|146.37
2021-09-28|144.33|145.07|143.64|144.09
2021-09-29|144.8|145.43|143.69|144.34
2021-09-30|144.1|144.515|143.65|144.32
2021-10-01|144.85|145.4|144.2|145.35
2021-10-04|144.67|145.46|144.1|144.98
2021-10-05|144.6|144.7|143.461|143.58
2021-10-06|144.23|144.715|144.025|144.39
2021-10-07|143.185|143.335|142.59|142.88
2021-10-08|142.255|142.35|141.525|141.88
2021-10-11|141.6|141.9|141.45|141.52
2021-10-12|142.63|144.01|142.48|143.94
2021-10-13|144.61|145.53|144.5754|145.34
2021-10-14|145.37|145.96|144.945|145.88
2021-10-15|145|145.14|144.47|145.03
2021-10-18|145|146|144.52|145.71
2021-10-19|144.66|144.73|143.65|143.7
2021-10-20|143.25|143.68|142.51|142.73
2021-10-21|143|143.15|142.23|142.56
2021-10-22|143.45|144.4|143.21|144.13
2021-10-25|143.67|144.3|143.63|143.91
2021-10-26|144.62|145.1|143.74|145.1
2021-10-27|146.4|148.18|145.93|147.74
2021-10-28|147.79|148.33|146.835|147.24
2021-10-29|146.47|148|146.32|147.69
2021-11-01|145.8|146.76|145.7|146.44
2021-11-02|146.5|147.57|146.5|147.09
2021-11-03|147.82|147.98|145.53|145.57
2021-11-04|145.87|147.36|145.85|147.1
2021-11-05|148.52|149.58|148.13|149.3
2021-11-08|148.96|149.28|148.51|149.02
2021-11-09|150.8|151.767|150.64|150.96
2021-11-10|150.83|150.93|147.03|148.2
2021-11-11|148.508|148.655|147.89|147.98
2021-11-12|148|148.51|146.76|147.33
2021-11-15|146.89|146.96|145.22|145.48
2021-11-16|145.69|146.38|144.85|145.11
2021-11-17|144.57|146.29|144.46|146.26
2021-11-18|145.9917|146.9|145.95|146.81
2021-11-19|147.58|148.595|147.58|148.36
2021-11-22|147.4|147.64|146.125|146.62
2021-11-23|145.93|146.11|144.5|144.5
2021-11-24|144.94|146.82|144.79|146.82
2021-11-26|148.83|150.68|148.67|150.53
2021-11-29|148.31|149.635|148.17|149.32
2021-11-30|150.83|152.07|150.25|151.59
2021-12-01|150.485|152.41|149.79|152.34
2021-12-02|152.93|152.99|150.76|152.53
2021-12-03|151.68|155.12|151.35|154.35
2021-12-06|154.05|154.35|151.93|152.23
2021-12-07|151.72|152.525|150.8601|151
2021-12-08|150.472|150.48|148.36|148.39
2021-12-09|149.34|149.84|148.48|149.22
2021-12-10|149.92|150.24|148.81|148.86
2021-12-13|150.39|151.305|150.31|151.06
2021-12-14|150.37|150.93|149.31|150.7
2021-12-15|149.6139|150.79|149.13|149.25
2021-12-16|148.75|149.88|148.73|149.14
2021-12-17|150.34|150.98|150.16|150.83
2021-12-20|150.75|151.02|149.595|149.7
2021-12-21|148.14|149.2|147.62|149.13
2021-12-22|149.73|149.86|149.02|149.82
2021-12-23|149.59|149.6|148.03|148.52
2021-12-27|148.46|149.01|148.32|148.88
2021-12-28|149.6|149.78|148.01|148.29
2021-12-29|146.91|147.309|146.41|146.67
2021-12-30|147.25|147.9699|146.45|147.9
2021-12-31|147.81|149.03|147.43|148.19
2022-01-03|146.41|146.94|144.28|144.3
2022-01-04|143.61|144.13|142.74|143.7
2022-01-05|144.14|144.16|142.71|142.92
2022-01-06|142.59|143.44|142.29|143.29
2022-01-07|143.13|143.236|141.56|142.26
2022-01-10|141.65|142.805|141.36|142.61
2022-01-11|142.88|143.63|142.695|143.56
2022-01-12|143.9|144.01|142.995|143.01
2022-01-13|143.39|144.42|143.03|144.28
2022-01-14|143.42|143.46|141.795|142.1
2022-01-18|140.96|141.31|140.02|140.1
2022-01-19|140.53|141.71|140.31|141.07
2022-01-20|141.37|141.99|141.09|141.94
2022-01-21|143.4|144.1|142.67|143.63
2022-01-24|144.3|144.365|142.43|142.45
2022-01-25|143.11|143.71|141.8|142.22
2022-01-26|142.26|142.57|140.49|140.5
2022-01-27|142.41|143.365|142.33|143.08
2022-01-28|142.09|143.46|141.85|143.13
2022-01-31|142.18|142.95|141.96|142.39
2022-02-01|142.28|142.36|141.055|141.72
2022-02-02|141.95|143.57|141.93|142.2
2022-02-03|140.44|141.48|140.18|141.09
2022-02-04|139.85|140.14|138.78|139.01
2022-02-07|138.91|139.31|138.55|139.1
2022-02-08|138.21|138.58|137.82|138.17
2022-02-09|138.72|139.37|138.19|138.43
2022-02-10|137.66|137.83|135.84|136.23
2022-02-11|136.87|138.51|135.36|138.25
2022-02-14|137.13|137.74|135.97|136.53
2022-02-15|135.6|135.84|134.94|134.98
2022-02-16|135.95|136.07|134.51|135.78
2022-02-17|136.45|137.565|135.9|136.79
2022-02-18|137.52|138.37|137.16|138.23
2022-02-22|137.69|138.67|137.47|138.59
2022-02-23|137.68|137.8499|136.565|136.68
2022-02-24|139.1|139.37|136.25|136.77
2022-02-25|136.86|137.31|136.18|136.87
2022-02-28|138.43|140.045|138.32|139.87
2022-03-01|140.36|142.33|140|141.3
2022-03-02|139.84|140.42|136.41|136.47
2022-03-03|137.49|138.7|137.02|137.86
2022-03-04|140.36|140.825|139.305|140.24
2022-03-07|139.12|140.64|138.77|139.17
2022-03-08|137.51|138.25|137.25|137.77
2022-03-09|137.065|137.3403|136.13|136.42
2022-03-10|134.83|135.17|133.72|134.46
2022-03-11|134.33|135.45|134.21|134.91
2022-03-14|132.7|132.89|131.72|131.76
2022-03-15|132.86|133.15|131.19|131.53
2022-03-16|131.83|133.13|130.32|132.82
2022-03-17|132.82|133.34|131.07|131.83
2022-03-18|132.57|133.535|132.57|133.44
2022-03-21|131.28|131.67|129.75|130.35
2022-03-22|128.96|129.335|128.34|128.68
2022-03-23|129.37|131.6|128.86|131.5
2022-03-24|129.65|131.18|129.6|130.47
2022-03-25|129.5|129.52|127.65|128.66
2022-03-28|129.39|130.56|129.04|129.76
2022-03-29|130.56|131.55|129.74|130.74
2022-03-30|130.07|132.01|129.985|131.76
2022-03-31|131.98|132.67|131.66|132.08
2022-04-01|130.01|132.96|129.71|132.38
2022-04-04|131.93|131.98|130.71|131.46
2022-04-05|130.76|130.775|128.29|128.49
2022-04-06|126.43|128.3|126.4|127.45
2022-04-07|126.11|126.67|125.41|126.49
2022-04-08|125.45|125.83|124.26|125.12
2022-04-11|123.92|124.19|122.56|123.14
2022-04-12|124.05|124.16|122.67|122.97
2022-04-13|123.05|124.3|122.89|123.22
2022-04-14|122.86|122.93|120.38|120.75
2022-04-18|120.87|121.08|119.69|120.15
2022-04-19|119.15|119.72|118.67|119.25
2022-04-20|120.22|121.965|119.92|121.65
2022-04-21|120.83|120.91|119.17|120.75
2022-04-22|120.07|121.44|119.81|119.99
2022-04-25|121.38|122.185|121.125|121.19
2022-04-26|122.44|123.03|121.76|122.41
2022-04-27|122.19|122.32|120.77|120.84
2022-04-28|120.39|121.07|120.01|121.02
2022-04-29|119.31|120.97|119.105|119.45
2022-05-02|117.86|118.27|116.93|117.18
2022-05-03|119.04|119.31|117.89|117.97
2022-05-04|117.97|118.965|117.35|118.62
2022-05-05|116.35|116.47|114.015|115.37
2022-05-06|114.14|115.04|113.31|113.67
2022-05-09|112.86|114.71|112.62|114.67
2022-05-10|115.89|116.96|115.48|115.71
2022-05-11|114.74|117.94|114.44|117.94
2022-05-12|118.02|118.89|117.655|117.72
2022-05-13|116.98|117.15|115.9|115.98
2022-05-16|116.21|116.935|115.85|115.86
2022-05-17|114.71|115.35|114.36|114.46
2022-05-18|114.72|117|114.61|116.9
2022-05-19|118.64|118.72|116.8537|117.18
2022-05-20|117.09|119.02|117.06|118.51
2022-05-23|117.705|118.25|116.54|116.56
2022-05-24|117.9|119.638|117.86|118.86
2022-05-25|119.61|119.62|118.59|119.33
2022-05-26|119.02|119.09|117.8|118.79
2022-05-27|119.36|119.737|118.74|119.08
2022-05-31|117.18|117.23|115.928|116.56
2022-06-01|117.03|117.34|115.69|116.22
2022-06-02|116.63|116.71|115.46|116.28
2022-06-03|115.09|116.06|114.87|116.03
2022-06-06|115.15|115.51|113.81|113.89
2022-06-07|114.61|115.775|114.58|115.12
2022-06-08|114.68|115.13|114.08|114.1
2022-06-09|113.835|114.71|113.68|114.48
2022-06-10|114.36|114.61|112.965|113.77
2022-06-13|111.49|111.67|109.24|110.2
2022-06-14|110.53|110.98|108.59|108.81
2022-06-15|110.085|110.99|109.03|110.84
2022-06-16|108.45|111.72|108.115|111.72
2022-06-17|112.01|112.83|110.96|112.08
2022-06-21|110.09|111.015|109.8128|110.18
2022-06-22|112.69|113.31|112.38|113.21
2022-06-23|113.9|115.165|113.49|114.14
2022-06-24|113.46|114.17|112.5|112.56
2022-06-27|111.22|112.22|111.16|111.6
2022-06-28|111.29|112.18|110.87|112.12
2022-06-29|112.38|113.9|112.17|113.87
2022-06-30|114.859|115.77|114.75|114.87
2022-07-01|115.9|117.59|115.22|115.82
2022-07-05|116.89|117.75|116.17|116.73
2022-07-06|117.39|117.54|114.77|114.77
2022-07-07|115.1|115.17|113.51|113.76
2022-07-08|113.5|113.5|112.05|112.5
2022-07-11|113.79|114.79|113.7|114.44
2022-07-12|115.51|116.23|114.97|115.12
2022-07-13|113.77|116.65|113.45|116.44
2022-07-14|115.08|116.16|114.47|115.49
2022-07-15|115.84|116.82|115.6|116.14
2022-07-18|115.25|115.32|114.18|114.93
2022-07-19|114.91|115.15|113.66|114.31
2022-07-20|115.48|115.55|114.05|114.61
2022-07-21|115.19|116.7195|115.01|116.59
2022-07-22|118.29|119.27|117.97|118.55
2022-07-25|116.71|117.54|116.47|117.39
2022-07-26|118.86|119.24|117.395|117.48
2022-07-27|118.01|118.485|116.71|116.82
2022-07-28|118.045|118.92|117.32|117.75
2022-07-29|117.7|119.305|117.33|117.43
2022-08-01|118.25|120.1|118.08|120.04
2022-08-02|120.15|120.69|117.285|117.5
2022-08-03|117.17|119.49|116.3336|119.35
2022-08-04|118.98|119.55|118.54|119.31
2022-08-05|117.07|117.11|115.89|116.47
2022-08-08|117.64|118.53|117.56|118.35
2022-08-09|117.73|118.359|117.46|117.89
2022-08-10|117.73|118.91|116.73|117.12
2022-08-11|116.87|117.06|114.09|114.39
2022-08-12|115.1|115.57|114.43|115.55
2022-08-15|116.33|116.745|115.45|115.45
2022-08-16|115.25|116.02|114.24|115.93
2022-08-17|115.06|115.1|114.31|114.72
2022-08-18|114.97|115.64|114.585|114.89
2022-08-19|113.23|113.335|112.74|113.04
2022-08-22|112.86|112.96|112.13|112.66
2022-08-23|112.19|113.48|111.735|112.04
2022-08-24|111.485|111.87|110.86|111.22
2022-08-25|111.32|113.09|110.99|112.77
2022-08-26|112.3|113.99|112.01|113.62
2022-08-29|112.94|113.01|112.1324|112.68
2022-08-30|112.62|113.51|112.21|112.96
2022-08-31|112.69|113.34|111.575|111.88
2022-09-01|109.87|110.25|108.94|109.6
2022-09-02|109.68|110.56|109.47|110.22
2022-09-06|108.9|108.97|107.42|107.49
2022-09-07|108.32|109.48|108.21|109.19
2022-09-08|108.84|109.52|108.05|108.07
2022-09-09|108.33|108.795|107.63|108.31
2022-09-12|108.63|108.89|106.92|107.42
2022-09-13|106.56|107.735|106.24|107.67
2022-09-14|107.34|108.21|107.115|108.04
2022-09-15|107.85|108.19|107.58|107.97
2022-09-16|107.03|108.05|106.765|107.07
2022-09-19|106.96|107.82|106.8|107.32
2022-09-20|105.69|106.84|105.4|106.25
2022-09-21|106.7|108.04|105.97|108.03
2022-09-22|105.79|105.96|104.73|105.27
2022-09-23|105.34|106.425|104.56|105.7
2022-09-26|105.36|105.41|103.22|103.68
2022-09-27|102.71|102.98|100.9|100.95
2022-09-28|103.13|104.45|102.48|104.33
2022-09-29|102.9|104.225|102.8|103.79
2022-09-30|104.27|104.86|102.225|102.45
2022-10-03|103.85|104.68|103.15|103.83
2022-10-04|104.15|104.6499|103.3|103.54
2022-10-05|102.73|102.84|101.5802|102.55
2022-10-06|102.59|102.84|101.53|101.98
2022-10-07|100.81|101.62|100.47|100.99
2022-10-10|100.5|100.51|98.795|99.42
2022-10-11|99.74|100.9|98.99|99.86
2022-10-12|99.275|100.535|99.19|100.35
2022-10-13|98.36|100.38|98.34|99.39
2022-10-14|100.19|100.19|98.25|98.57
2022-10-17|99.29|99.66|97.94|98.09
2022-10-18|97.95|98.46|96.87|98.32
2022-10-19|97.19|97.42|96.32|96.53
2022-10-20|95.93|96.33|94.74|94.88
2022-10-21|93.02|93.93|92.26|93.17
2022-10-24|92.82|93.55|91.85|92.4
2022-10-25|94.58|95.225|94.44|95.09
2022-10-26|95.77|96.69|95.765|96.46
2022-10-27|96.98|97.9|96.215|97.47
2022-10-28|96.86|97.625|96.41|96.8
2022-10-31|96.36|96.62|95.03|96.11
2022-11-01|97.38|97.42|96.21|96.77
2022-11-02|96.91|97.63|95.96|96.35
2022-11-03|95.17|96.38|95.09|95.83
2022-11-04|95.1|95.655|94.22|94.22
2022-11-07|94.8|94.86|93.24|93.28
2022-11-08|93.8|94.96|93.7698|94.3
2022-11-09|93.82|95.02|93.69|94.61
2022-11-10|96.725|98.43|96.64|98.25
2022-11-11|97.57|98.37|97.54|97.89
2022-11-14|97.91|97.985|97.09|97.65
2022-11-15|98.25|99.3|98.11|99.23
2022-11-16|100.02|101.45|99.74|101.4
2022-11-17|100.2|100.57|99.78|100.33
2022-11-18|100.6|100.885|99.545|99.64
2022-11-21|100.69|100.815|99.8|100.06
2022-11-22|100.65|101.62|100.5319|101.48
2022-11-23|102.14|103.25|102.08|103.25
2022-11-25|102.61|102.93|102.43|102.9
2022-11-28|103.61|103.805|102.685|103.19
2022-11-29|102.15|102.96|101.91|101.98
2022-11-30|101.615|102.73|101.37|102.73
2022-12-01|103.15|105.81|103.1|105.76
2022-12-02|105.3|107.1|104.605|107.09
2022-12-05|105.84|105.99|104.9|105.59
2022-12-06|106.5|107.39|106.19|106.95
2022-12-07|108.37|109.68|108.2|109.47
2022-12-08|108.7|109.45|108.47|109.17
2022-12-09|107.94|108.17|106.27|106.33
2022-12-12|107.86|108.11|106.26|106.67
2022-12-13|109.04|109.08|107.455|107.7
2022-12-14|107.66|108.32|106.8927|108.16
2022-12-15|108.39|109.12|108.16|108.32
2022-12-16|106.6|107.83|106.31|107.11
2022-12-19|105.83|105.84|104.98|105.31
2022-12-20|103.38|103.81|103.1|103.44
2022-12-21|104.29|104.4|102.96|103.7
2022-12-22|103.67|104.12|103.38|103.68
2022-12-23|102.58|102.81|102.0225|102.16
2022-12-27|100.49|101.07|100.01|100.14
2022-12-28|100.65|100.78|99.35|99.55
2022-12-29|99.86|100.99|99.79|100.68
2022-12-30|99.87|100.55|99.37|99.56
2023-01-03|102.2|102.34|100.84|101.46
2023-01-04|103.22|103.475|102.21|102.85
2023-01-05|101.87|103.288|101.78|103.28
2023-01-06|102.7|105.3|102.64|105.18
2023-01-09|104.41|105.93|104.27|105.74
2023-01-10|104.53|104.82|103.5|103.99
2023-01-11|104.97|105.72|104.7|105.68
2023-01-12|105.82|107.81|104.56|107.76
2023-01-13|107.1|107.8|106.38|106.75
2023-01-17|105.67|106.66|105.65|106.06
2023-01-18|108.46|108.77|107.12|108.63
2023-01-19|108.1|108.37|107.44|107.95
2023-01-20|106.96|107.24|106.11|106.2
2023-01-23|105.57|106.2|105.49|105.7
2023-01-24|106.12|107.45|105.39|107.22
2023-01-25|107.37|107.905|106.64|107.48
2023-01-26|107.14|107.65|106.49|106.98
2023-01-27|106.19|106.96|106.11|106.71
2023-01-30|106.46|107.16|106.19|106.32
2023-01-31|106.98|107.28|105.87|107.17
2023-02-01|107.55|108.59|106.42|108.18
2023-02-02|108.92|109.352|108.085|108.32
2023-02-03|106.77|107.11|106.08|106.7
2023-02-06|105.75|106.305|105.68|105.91
2023-02-07|105.33|106.23|105|105.06
2023-02-08|105.04|105.58|104.39|105.56
2023-02-09|106.47|106.62|104.39|104.56
2023-02-10|104.4|104.44|103.115|103.39
2023-02-13|103.71|104.415|103.58|104.26
2023-02-14|104.2|104.83|103.135|104.02
2023-02-15|103.55|103.95|102.495|103.05
2023-02-16|102.07|102.22|101.33|101.59
2023-02-17|101.1|102.38|100.965|102.38
2023-02-21|101.005|101.2|100.28|100.39
2023-02-22|100.99|101.69|100.95|101.31
2023-02-23|101.54|102.59|101.47|102.3
2023-02-24|101.44|101.795|100.56|100.97
2023-02-27|101.29|101.7|100.91|101.25
2023-02-28|100.57|101.72|100.28|101.71
2023-03-01|100.82|101.03|99.96|100.37
2023-03-02|99.06|99.645|98.88|99.48
2023-03-03|100.93|101.9|100.57|101.89
2023-03-06|102.22|102.34|100.99|101.1
2023-03-07|101.46|102.365|100.88|101.72
2023-03-08|102.4|102.97|101.42|101.82
2023-03-09|101.55|102.52|101.33|102.07
2023-03-10|104.03|105.6939|104|105.59
2023-03-13|108.2|109.1|105.04|105.83
2023-03-14|105.14|105.61|103.75|104.09
2023-03-15|106.78|107.71|105.345|106.1
2023-03-16|107.38|108.03|105.04|105.27
2023-03-17|106.65|107.73|106.46|106.85
2023-03-20|106.88|106.96|105.72|105.91
2023-03-21|105.08|105.42|104.54|105
2023-03-22|104.66|106.45|104.44|106.4
2023-03-23|105.36|106.55|104.82|106.4
2023-03-24|107.09|107.43|106.26|106.85
2023-03-27|105.05|105.76|104.325|104.34
2023-03-28|104.24|104.68|104.02|104.53
2023-03-29|103.7|104.45|103.6|104.32
2023-03-30|104.46|105.05|104.27|104.8
2023-03-31|105.35|106.56|105.075|106.37
2023-04-03|105.88|107.095|105.7|106.6
2023-04-04|105.78|107.8|105.75|107.13
2023-04-05|107.77|108.37|107.41|108.25
2023-04-06|108.42|108.87|108.39|108.53
2023-04-10|107.64|107.7618|106.56|106.78
2023-04-11|107.05|107.09|106.51|107
2023-04-12|107.05|107.165|105.88|106.89
2023-04-13|107.05|107.39|105.88|106.05
2023-04-14|105.39|105.55|104.77|105.08
2023-04-17|104.42|104.59|103.71|103.83
2023-04-18|103.81|104.585|103.8|104.2
2023-04-19|103.91|104.237|103.475|104.1
2023-04-20|104.83|105.28|104.753|104.99
2023-04-21|105.3|105.46|104.27|104.4
2023-04-24|104.96|105.4875|104.84|105.41
2023-04-25|106.33|107.13|106.28|106.96
2023-04-26|106.79|107.24|105.67|105.82
2023-04-27|105.2|105.27|104.61|104.77
2023-04-28|106.21|106.76|105.86|106.46
2023-05-01|105.27|105.42|102.84|103.13
2023-05-02|104|105.7|103.89|105.7
2023-05-03|106|106.6|105.275|106.29
2023-05-04|105.22|106.45|105.15|105.24
2023-05-05|104.35|104.9|104.105|104.89
2023-05-08|103.515|103.87|103.32|103.42
2023-05-09|103.5|103.64|103|103.05
2023-05-10|103.67|104.24|103.64|104.05
2023-05-11|105.295|105.52|104.72|105.15
2023-05-12|105.05|105.25|104.25|104.27
2023-05-15|103.39|103.47|103.12|103.19
2023-05-16|102.4|102.9|102.11|102.88
2023-05-17|103.08|103.16|102.345|102.58
2023-05-18|102.2|102.26|101.75|101.82
2023-05-19|101.26|101.86|100.93|101.1
2023-05-22|101.25|101.71|100.67|100.74
2023-05-23|100.43|101.25|100.275|101.03
2023-05-24|101.28|101.36|100.53|100.53
2023-05-25|100.7|100.8|100.03|100.28
2023-05-26|100.12|101.1733|100|101.09
2023-05-30|101.4|102.24|101.25|102.1
2023-05-31|101.99|103.18|101.87|102.99
2023-06-01|103.28|103.63|102.63|103.12
2023-06-02|103|103.065|101.94|101.99
2023-06-05|101.35|102.4399|101.21|101.8
2023-06-06|101.84|102.47|101.39|102.4
2023-06-07|102.17|102.43|100.78|100.88
2023-06-08|100.87|102.14|100.8|102.06
2023-06-09|101.6|102.265|101.34|101.92
2023-06-12|102.24|102.3|101.12|102.22
2023-06-13|102.11|102.33|100.965|101.21
2023-06-14|101.63|102.29|101.46|102.02
2023-06-15|103.03|103.63|102.6|103
2023-06-16|102.44|102.8269|102.03|102.6
2023-06-20|103.11|103.6581|103.11|103.31
2023-06-21|102.81|103.65|102.34|103.56
2023-06-22|102.8|103.25|102.2|102.31
2023-06-23|103.83|103.95|102.98|103.33
2023-06-26|103.62|103.8|103.16|103.44
2023-06-27|103.59|103.95|102.76|103.17
2023-06-28|103.41|103.84|102.827|103.61
2023-06-29|102.17|102.34|101.45|101.74
2023-06-30|102.06|103.06|101.87|102.94
2023-07-03|102.84|103.255|102.06|102.08
2023-07-05|101.89|102|100.74|101.11
2023-07-06|100.2|100.38|99.47|99.68
2023-07-07|99.18|99.6|98.985|99.08
2023-07-10|98.86|99.53|98.85|99.21
2023-07-11|99.57|99.97|99.29|99.72
2023-07-12|100.1|101.12|99.765|100.83
2023-07-13|101.31|101.97|101.03|101.89
2023-07-14|101.72|101.935|101.235|101.29
2023-07-17|101.23|101.485|100.92|101.34
2023-07-18|101.8|102.065|101.57|101.8
2023-07-19|102|102.98|101.725|102.95
2023-07-20|102.22|102.31|101.28|101.7
2023-07-21|102.16|102.345|101.63|101.73
2023-07-24|101.985|102.15|101.3|101.36
2023-07-25|100.83|101.5|100.8|101.17
2023-07-26|101.68|101.69|100.9256|101.27
2023-07-27|100.71|100.925|98.91|99.3
2023-07-28|99.4|99.86|99.15|99.81
2023-07-31|99.65|100.33|99.62|100.05
2023-08-01|98.84|98.915|97.9|98.14
2023-08-02|97.04|97.235|96.41|97.09
2023-08-03|95.19|95.32|94.535|94.85
2023-08-04|95.15|96.68|95.13|96.53
2023-08-07|96.11|96.2|95.5|95.58
2023-08-08|96.86|97.37|96.44|96.69
2023-08-09|96.88|97.29|96.84|97.19
2023-08-10|97.04|97.355|95.59|95.59
2023-08-11|95.3|95.865|95.2|95.37
2023-08-14|95.21|95.93|94.9|95.16
2023-08-15|94.798|95.195|94.56|94.58
2023-08-16|94.28|94.79|93.72|93.84
2023-08-17|93.5|93.605|93.02|93.44
2023-08-18|93.43|94.19|93.3015|93.77
2023-08-21|92.66|92.76|92.23|92.52
2023-08-22|92.64|93.275|92.46|93.23
2023-08-23|94.3|95.55|94.23|95.54
2023-08-24|95.13|95.55|94.885|94.91
2023-08-25|94.66|95.51|94.51|95.22
2023-08-28|95.65|95.66|94.8897|95.32
2023-08-29|94.97|96.51|94.94|96.31
2023-08-30|96.16|96.4|95.88|96.21
2023-08-31|96.54|97.05|96.425|96.64
2023-09-01|95.8|95.82|94.62|94.85
2023-09-05|94.28|94.285|93.49|93.52
2023-09-06|94.09|94.11|93.46|93.75
2023-09-07|94|94.07|93.68|94.01
2023-09-08|94.38|94.9|94.17|94.37
2023-09-11|93.7|93.98|93.55|93.69
2023-09-12|93.89|94.24|93.5808|94.23
2023-09-13|93.92|94.5301|93.82|94.21
2023-09-14|93.94|94.21|93.4|93.53
2023-09-15|93.46|93.48|92.96|92.96
2023-09-18|92.85|93.53|92.82|93.49
2023-09-19|93.08|93.43|92.8|92.8
2023-09-20|93.29|93.6|93.04|93.09
2023-09-21|91.285|91.365|90.69|90.7
2023-09-22|90.81|91.605|90.67|91.43
2023-09-25|89.66|90.04|89.15|89.18
2023-09-26|89.43|89.62|88.71|88.87
2023-09-27|89.535|89.62|88.09|88.41
2023-09-28|87.62|88.73|87.1|88.68
2023-09-29|89.27|89.49|88.13|88.69
2023-10-02|87.82|87.93|86.71|86.93
2023-10-03|86.31|86.65|84.885|85.06
2023-10-04|85.77|86.31|85.37|86.26
2023-10-05|86.105|86.19|85.635|85.83
2023-10-06|84.2|85.685|84.06|84.79
2023-10-09|85.5|86.8|84.95|86.78
2023-10-10|85.85|87.17|85.52|86.66
2023-10-11|87.85|88.47|87.6|88.47
2023-10-12|88.05|88.1894|85.925|86.07
2023-10-13|87.6|87.83|87.17|87.61
2023-10-16|86.19|86.37|85.9|86.2
2023-10-17|84.89|85.6299|84.5045|85.25
2023-10-18|84.38|84.72|83.85|84.5
2023-10-19|83.88|84.57|82.74|82.77
2023-10-20|82.99|83.54|82.77|83.24
2023-10-23|82.81|84.86|82.42|84.24
2023-10-24|84.44|85.35|84.09|85.35
2023-10-25|84.02|84.13|83.13|83.45
2023-10-26|83.48|84.815|83.4|84.73
2023-10-27|84.19|84.97|83.74|84.37
2023-10-30|83.81|84.5|83.24|83.99
2023-10-31|84.365|84.77|83.55|83.58
2023-11-01|84.04|85.12|84.02|85.1
2023-11-02|86.675|87.31|86.22|87.04
2023-11-03|88.81|89.05|87.575|87.63
2023-11-06|87.07|87.2|86.6|86.78
2023-11-07|87.61|88.5|87.59|88.06
2023-11-08|88.48|89.62|88.45|89.56
2023-11-09|88.94|89.03|86.74|87.5
2023-11-10|88.225|88.425|87.7749|87.99
2023-11-13|87.22|87.94|86.9|87.79
2023-11-14|90|90.15|89.29|89.78
2023-11-15|89.01|89.14|88.31|88.52
2023-11-16|89.3|89.96|89.25|89.62
2023-11-17|90.16|90.425|89.6358|90.04
2023-11-20|89.62|90.655|89.61|90.59
2023-11-21|90.5|90.8|89.885|90.55
2023-11-22|91.12|91.32|90.38|90.87
2023-11-24|90.1|90.26|89.79|89.8
2023-11-27|90.3|91.34|90.205|91.3
2023-11-28|90.91|91.53|90.785|91.48
2023-11-29|92.11|92.695|91.775|92.63
2023-11-30|91.97|92.29|91.155|91.56
2023-12-01|91.31|93.0599|91.1316|92.99
2023-12-04|92.49|92.83|92.09|92.615
2023-12-05|93.63|94.62|93.565|94.61
2023-12-06|95.08|96.05|94.87|95.87
2023-12-07|95.18|96.08|95.06|95.32
2023-12-08|94.42|94.715|93.91|94.54
2023-12-11|94.01|94.44|93.53|94.34
2023-12-12|94.15|94.7|93.9004|94.62
2023-12-13|95.17|96.98|95.02|96.84
2023-12-14|97.66|99.04|97.42|99.04
2023-12-15|98.69|99.35|98.58|99.15
2023-12-18|98.5|98.5|98.02|98.36
2023-12-19|98.855|99.26|98.66|98.89
2023-12-20|99.11|99.69|98.58|99.56
2023-12-21|99.74|99.84|98.75|98.93
2023-12-22|99.38|99.38|98.24|98.475
2023-12-26|98.54|98.87|98.48|98.76
2023-12-27|99.78|100.53|99.5|100.51
2023-12-28|100.09|100.57|99.56|99.78
2023-12-29|99.13|99.815|98.795|98.88
2024-01-02|98.2293|98.65|98|98.31
2024-01-03|97.38|98.85|97.15|98.72
2024-01-04|97.42|97.64|97.065|97.22
2024-01-05|96.5|97.68|96.21|96.29
2024-01-08|96.23|97.38|96.09|97.24