2018-08-01|85.76|85.88|85.665|85.83
2018-08-02|85.76|85.89|85.72|85.88
2018-08-03|85.86|85.99|85.8501|85.95
2018-08-06|85.87|86.11|85.87|86.11
2018-08-07|86.1|86.23|86.08|86.15
2018-08-08|86.13|86.165|86.08|86.1
2018-08-09|86.11|86.14|86|86.04
2018-08-10|85.9|86.01|85.82|85.89
2018-08-13|85.96|85.96|85.77|85.83
2018-08-14|85.88|86.01|85.86|85.98
2018-08-15|85.87|85.9|85.73|85.83
2018-08-16|85.91|85.99|85.86|85.94
2018-08-17|85.9|86.07|85.9|86.04
2018-08-20|86.09|86.15|86.03|86.08
2018-08-21|86.11|86.29|86.09|86.21
2018-08-22|86.2|86.28|86.195|86.24
2018-08-23|86.24|86.32|86.19|86.23
2018-08-24|86.28|86.41|86.25|86.38
2018-08-27|86.4|86.46|86.37|86.41
2018-08-28|86.37|86.41|86.32|86.37
2018-08-29|86.34|86.39|86.28|86.32
2018-08-30|86.33|86.35|86.22|86.25
2018-08-31|86.29|86.42|86.28|86.36
2018-09-04|85.89|85.93|85.72|85.81
2018-09-05|85.8|85.8285|85.69|85.72
2018-09-06|85.8|85.83|85.72|85.79
2018-09-07|85.63|85.77|85.63|85.7
2018-09-10|85.8|85.89|85.77|85.87
2018-09-11|85.76|85.98|85.76|85.89
2018-09-12|85.92|86.15|85.92|86.09
2018-09-13|86.17|86.31|86.17|86.25
2018-09-14|86.24|86.39|86.23|86.33
2018-09-17|86.31|86.33|86.23|86.27
2018-09-18|86.29|86.36|86.24|86.26
2018-09-19|86.24|86.29|86.08|86.1
2018-09-20|86.12|86.22|85.93|86.22
2018-09-21|86.22|86.28|86.2|86.24
2018-09-24|86.2|86.25|86.08|86.2
2018-09-25|86.13|86.18|86.09|86.13
2018-09-26|86.19|86.335|86.17|86.22
2018-09-27|86.31|86.4|86.27|86.38
2018-09-28|86.35|86.465|86.28|86.44
2018-10-01|86.16|86.3|86.14|86.3
2018-10-02|86.26|86.3|86.18|86.23
2018-10-03|86.28|86.31|85.91|86
2018-10-04|85.82|85.9|85.58|85.68
2018-10-05|85.65|85.67|85.3|85.3
2018-10-08|85.35|85.36|85.08|85.11
2018-10-09|85.14|85.31|85.12|85.24
2018-10-10|85.11|85.11|84.61|84.63
2018-10-11|84.83|85|84.57|84.7
2018-10-12|85.11|85.21|84.94|85.15
2018-10-15|85.08|85.19|85.04|85.09
2018-10-16|85.25|85.4|85.24|85.38
2018-10-17|85.26|85.36|85.14|85.21
2018-10-18|85.15|85.19|84.85|84.85
2018-10-19|85.05|85.07|84.845|84.9
2018-10-22|85.1|85.15|84.87|84.94
2018-10-23|84.65|84.9|84.55|84.86
2018-10-24|84.88|84.92|84.41|84.44
2018-10-25|84.61|84.67|84.425|84.61
2018-10-26|84.31|84.53|84.165|84.23
2018-10-29|84.4|84.44|84.04|84.15
2018-10-30|84.17|84.35|83.985|84.35
2018-10-31|84.45|84.59|84.35|84.35
2018-11-01|84.09|84.41|84|84.32
2018-11-02|84.42|84.53|84.14|84.27
2018-11-05|84.27|84.44|84.23|84.34
2018-11-06|84.41|84.56|84.38|84.56
2018-11-07|84.64|85.07|84.635|85.05
2018-11-08|84.85|85.08|84.82|84.84
2018-11-09|84.67|84.68|84.28|84.36
2018-11-12|84.33|84.41|83.81|83.84
2018-11-13|83.86|84.015|83.63|83.7
2018-11-14|83.81|83.99|83.3402|83.54
2018-11-15|83.19|83.52|82.99|83.52
2018-11-16|83.16|83.3|83|83.27
2018-11-19|83.05|83.24|82.895|83.01
2018-11-20|82.78|82.965|82.7|82.75
2018-11-21|83.17|83.34|83.07|83.17
2018-11-23|82.83|82.9|82.71|82.71
2018-11-26|83.03|83.14|82.91|83.1
2018-11-27|82.94|83.07|82.87|83.06
2018-11-28|83.11|83.77|83.06|83.75
2018-11-29|83.59|83.89|83.54|83.77
2018-11-30|83.56|83.74|83.5501|83.6
2018-12-03|83.65|83.83|83.5|83.8
2018-12-04|83.63|83.7063|83.2|83.28
2018-12-06|82.85|83.09|82.72|82.99
2018-12-07|83.26|83.385|82.825|82.83
2018-12-10|82.82|82.955|82.56|82.89
2018-12-11|83.18|83.26|82.97|83.04
2018-12-12|83.32|83.59|83.29|83.31
2018-12-13|83.5|83.6|83.43|83.51
2018-12-14|83.37|83.48|83.1|83.16
2018-12-17|83.09|83.16|82.55|82.62
2018-12-18|82.36|82.43|81.9|82.08
2018-12-19|82.12|82.26|81.24|81.34
2018-12-20|81.07|81.19|80.01|80.63
2018-12-21|80.59|80.925|80.1|80.23
2018-12-24|80.23|80.35|79.63|79.63
2018-12-26|79.73|80.97|79.55|80.97
2018-12-27|80.49|80.975|80.38|80.92
2018-12-28|80.99|81.32|80.85|81.04
2018-12-31|81.19|81.33|81.0931|81.1
2019-01-02|80.72|81.11|80.65|80.99
2019-01-03|80.91|81.155|80.781|81.03
2019-01-04|81.67|82.495|81.57|82.39
2019-01-07|82.58|83.19|82.57|83.19
2019-01-08|83.39|83.74|83.26|83.73
2019-01-09|83.85|84.01|83.79|83.83
2019-01-10|83.66|84.21|83.55|84.16
2019-01-11|83.82|83.98|83.78|83.89
2019-01-14|83.67|83.77|83.55|83.62
2019-01-15|83.62|83.94|83.55|83.9
2019-01-16|84.01|84.14|83.96|84.03
2019-01-17|83.94|84.29|83.89|84.26
2019-01-18|84.42|84.67|84.39|84.5
2019-01-22|84.33|84.34|83.83|83.94
2019-01-23|84.06|84.23|83.87|84.11
2019-01-24|84.08|84.22|83.935|84.2
2019-01-25|84.36|84.49|84.34|84.41
2019-01-28|84.19|84.33|84.07|84.28
2019-01-29|84.35|84.35|84.03|84.23
2019-01-30|84.34|85.03|84.33|84.9
2019-01-31|84.88|85.24|84.88|85.11
2019-02-01|84.66|84.76|84.535|84.68
2019-02-04|84.69|84.93|84.61|84.88
2019-02-05|84.94|85.27|84.925|85.18
2019-02-06|85.11|85.21|85.02|85.1
2019-02-07|84.83|84.896|84.66|84.81
2019-02-08|84.71|84.81|84.58|84.79
2019-02-11|84.77|84.87|84.7|84.83
2019-02-12|85.08|85.27|85.07|85.24
2019-02-13|85.29|85.31|85.045|85.12
2019-02-14|84.98|85.22|84.855|85.13
2019-02-15|85.28|85.46|85.28|85.4
2019-02-19|85.3|85.48|85.26|85.43
2019-02-20|85.46|85.55|85.33|85.5
2019-02-21|85.45|85.53|85.35|85.42
2019-02-22|85.52|85.67|85.49|85.59
2019-02-25|85.71|85.83|85.62|85.66
2019-02-26|85.72|85.87|85.67|85.77
2019-02-27|85.8|85.86|85.725|85.8
2019-02-28|85.78|85.83|85.7|85.75
2019-03-01|85.55|85.66|85.5|85.61
2019-03-04|85.71|85.75|85.335|85.48
2019-03-05|85.48|85.49|85.36|85.44
2019-03-06|85.4|85.42|85.26|85.3
2019-03-07|85.33|85.34|85.08|85.24
2019-03-08|84.98|85.12|84.81|85.1
2019-03-11|85.07|85.39|85.05|85.38
2019-03-12|85.31|85.58|85.29|85.53
2019-03-13|85.58|85.77|85.56|85.76
2019-03-14|85.72|85.83|85.6781|85.7
2019-03-15|85.76|85.88|85.75|85.78
2019-03-18|85.79|85.83|85.67|85.75
2019-03-19|85.81|85.96|85.75|85.8
2019-03-20|85.81|86.3|85.65|86.17
2019-03-21|86.06|86.26|86.04|86.15
2019-03-22|86.02|86.05|85.75|85.84
2019-03-25|85.78|85.91|85.65|85.81
2019-03-26|85.95|86.15|85.885|86.02
2019-03-27|86.07|86.24|85.88|86.08
2019-03-28|86.09|86.25|86.04|86.25
2019-03-29|86.32|86.53|86.3|86.47
2019-04-01|86.21|86.28|86.05|86.07
2019-04-02|86.09|86.14|85.94|86.11
2019-04-03|86.2|86.31|86.1|86.14
2019-04-04|86.15|86.28|86.13|86.27
2019-04-05|86.36|86.5|86.34|86.43
2019-04-08|86.39|86.41|86.31|86.38
2019-04-09|86.33|86.4166|86.27|86.32
2019-04-10|86.43|86.7|86.43|86.7
2019-04-11|86.69|86.86|86.65|86.83
2019-04-12|86.93|87.01|86.792|86.96
2019-04-15|86.95|86.95|86.83|86.9
2019-04-16|86.96|86.97|86.82|86.85
2019-04-17|86.94|86.94|86.63|86.64
2019-04-18|86.79|86.79|86.58|86.68
2019-04-22|86.62|86.66|86.52|86.53
2019-04-23|86.64|86.88|86.59|86.83
2019-04-24|86.85|86.85|86.7|86.71
2019-04-25|86.7|86.81|86.57|86.75
2019-04-26|86.85|86.975|86.85|86.97
2019-04-29|86.95|87|86.93|86.93
2019-04-30|86.97|87.04|86.92|86.94
2019-05-01|86.59|86.865|86.275|86.29
2019-05-02|86.36|86.48|86.18|86.35
2019-05-03|86.52|86.6|86.47|86.57
2019-05-06|86.18|86.62|86.175|86.61
2019-05-07|86.4|86.45|85.95|86.09
2019-05-08|86.1|86.295|86.03|86.12
2019-05-09|85.99|86.055|85.68|85.99
2019-05-10|85.96|86.31|85.745|86.23
2019-05-13|85.675|85.765|85.42|85.44
2019-05-14|85.61|85.83|85.53|85.63
2019-05-15|85.49|85.76|85.44|85.71
2019-05-16|85.83|86.11|85.8|85.97
2019-05-17|85.79|86.1|85.79|85.94
2019-05-20|85.92|86.075|85.78|85.86
2019-05-21|85.99|86.15|85.99|86.13
2019-05-22|86.08|86.2|85.97|86.2
2019-05-23|85.96|85.99|85.67|85.77
2019-05-24|85.87|85.97|85.64|85.65
2019-05-28|85.75|85.82|85.49|85.57
2019-05-29|85.46|85.52|85.25|85.34
2019-05-30|85.49|85.65|85.44|85.52
2019-05-31|85.24|85.335|84.88|84.9
2019-06-03|84.65|84.78|84.4715|84.65
2019-06-04|84.91|85.51|84.91|85.5
2019-06-05|85.58|85.72|85.425|85.7
2019-06-06|85.68|85.96|85.57|85.88
2019-06-07|86|86.21|85.95|86.1
2019-06-10|86.26|86.34|86.18|86.23
2019-06-11|86.51|86.659|86.22|86.35
2019-06-12|86.33|86.345|86.13|86.15
2019-06-13|86.3|86.41|86.25|86.35
2019-06-14|86.32|86.36|86.22|86.29
2019-06-17|86.24|86.29|86.12|86.16
2019-06-18|86.57|86.77|86.54|86.76
2019-06-19|86.7|87.19|86.55|87.17
2019-06-20|87.43|87.65|87.29|87.61
2019-06-21|87.38|87.45|87.33|87.33
2019-06-24|87.33|87.37|87.28|87.32
2019-06-25|87.31|87.31|86.89|86.95
2019-06-26|87.12|87.16|86.875|86.91
2019-06-27|87.06|87.2|87.015|87.15
2019-06-28|87.2|87.25|87.15|87.18
2019-07-01|87.13|87.26|86.8|86.82
2019-07-02|86.88|87.06|86.835|87.01
2019-07-03|87.05|87.39|87.03|87.34
2019-07-05|87.08|87.09|86.85|86.99
2019-07-08|86.95|86.95|86.81|86.82
2019-07-09|86.76|86.8|86.7|86.72
2019-07-10|86.93|87.08|86.89|86.96
2019-07-11|87.01|87.01|86.67|86.79
2019-07-12|86.79|86.94|86.72|86.93
2019-07-15|86.91|87.07|86.86|86.99
2019-07-16|86.98|86.98|86.73|86.81
2019-07-17|86.88|86.88|86.69|86.7
2019-07-18|86.71|86.76|86.51|86.74
2019-07-19|86.74|86.78|86.56|86.59
2019-07-22|86.69|86.88|86.65|86.88
2019-07-23|86.95|87.06|86.85|87.03
2019-07-24|87.01|87.11|86.99|87.1
2019-07-25|87.15|87.15|86.91|86.98
2019-07-26|87.12|87.19|87.075|87.17
2019-07-29|87.15|87.16|86.96|87.04
2019-07-30|86.9|87.09|86.84|87.08
2019-07-31|87.15|87.26|86.575|86.93
2019-08-01|86.55|86.99|86.49|86.52
2019-08-02|86.49|86.49|86.18|86.39
2019-08-05|85.87|85.87|85.35|85.49
2019-08-06|85.87|86.115|85.67|86.04
2019-08-07|85.69|86.125|85.45|86.03
2019-08-08|86.05|86.415|86.05|86.37
2019-08-09|86.22|86.35|86.075|86.25
2019-08-12|86.01|86.14|85.88|85.97
2019-08-13|85.94|86.41|85.88|86.33
2019-08-14|85.94|85.965|85.5|85.56
2019-08-15|85.71|85.9|85.65|85.81
2019-08-16|85.94|86.13|85.94|86.1
2019-08-19|86.26|86.36|86.215|86.35
2019-08-20|86.39|86.47|86.25|86.42
2019-08-21|86.64|86.85|86.58|86.79
2019-08-22|86.94|87.03|86.75|86.95
2019-08-23|86.79|87.14|86.48|86.55
2019-08-26|86.82|86.98|86.74|86.98
2019-08-27|87.15|87.18|86.79|86.94
2019-08-28|86.92|87.19|86.885|87.15
2019-08-29|87.34|87.41|87.19|87.24
2019-08-30|87.38|87.39|86.97|87.16
2019-09-03|86.72|86.72|86.39|86.54
2019-09-04|86.69|86.75|86.585|86.72
2019-09-05|86.8|87.13|86.78|87.06
2019-09-06|87.18|87.3|87.04|87.14
2019-09-09|87.19|87.26|87.02|87.23
2019-09-10|87.24|87.31|87.1|87.28
2019-09-11|87.23|87.3|87.17|87.27
2019-09-12|87.34|87.43|87.25|87.32
2019-09-13|87.17|87.31|87.11|87.16
2019-09-16|87.3|87.48|87.18|87.47
2019-09-17|87.5|87.53|87.34|87.52
2019-09-18|87.46|87.54|87.19|87.47
2019-09-19|87.42|87.54|87.33|87.37
2019-09-20|87.4|87.51|87.335|87.48
2019-09-23|87.41|87.51|87.39|87.44
2019-09-24|87.52|87.53|87.21|87.32
2019-09-25|87.25|87.29|87.025|87.23
2019-09-26|87.23|87.26|87.04|87.17
2019-09-27|87.16|87.23|87|87.07
2019-09-30|87.06|87.17|87.02|87.17
2019-10-01|86.84|86.86|86.55|86.62
2019-10-02|86.57|86.58|86.04|86.11
2019-10-03|86.12|86.24|85.75|86.16
2019-10-04|86.27|86.44|86.2044|86.43
2019-10-07|86.37|86.49|86.25|86.36
2019-10-08|86.27|86.32|86.04|86.04
2019-10-09|86.27|86.38|86.25|86.3
2019-10-10|86.32|86.48|86.3025|86.41
2019-10-11|86.64|86.83|86.57|86.77
2019-10-14|86.77|86.87|86.69|86.83
2019-10-15|86.84|87.07|86.8|87.02
2019-10-16|86.99|87.01|86.94|86.95
2019-10-17|87.01|87.1|87|87.07
2019-10-18|87.07|87.13|86.96|87.09
2019-10-21|87.16|87.17|87.11|87.12
2019-10-22|87.18|87.18|87.08|87.14
2019-10-23|87.15|87.23|87.09|87.22
2019-10-24|87.26|87.32|87.17|87.32
2019-10-25|87.3|87.42|87.3|87.39
2019-10-28|87.4|87.44|87.38|87.38
2019-10-29|87.37|87.4|87.2|87.22
2019-10-30|87.27|87.28|87|87.11
2019-10-31|87.09|87.1|86.79|86.81
2019-11-01|86.59|86.91|86.58|86.82
2019-11-04|86.98|87.05|86.94|87
2019-11-05|87.07|87.08|86.82|86.91
2019-11-06|86.91|86.91|86.784|86.81
2019-11-07|86.94|86.98|86.7501|86.77
2019-11-08|86.76|86.88|86.64|86.85
2019-11-11|86.77|86.84|86.68|86.8
2019-11-12|86.75|86.89|86.73|86.82
2019-11-13|86.73|86.765|86.68|86.73
2019-11-14|86.74|86.8|86.65|86.68
2019-11-15|86.77|86.95|86.76|86.94
2019-11-18|86.87|86.9|86.79|86.83
2019-11-19|86.74|86.75|86.52|86.52
2019-11-20|86.47|86.58|86.33|86.34
2019-11-21|86.43|86.45|86.27|86.36
2019-11-22|86.49|86.69|86.4|86.69
2019-11-25|86.71|86.94|86.71|86.92
2019-11-26|86.95|87.02|86.9|87.02
2019-11-27|86.99|87.15|86.95|87.13
2019-11-29|87.11|87.11|86.93|86.94
2019-12-02|86.63|86.63|86.35|86.54
2019-12-03|86.34|86.47|86.24|86.42
2019-12-04|86.46|86.71|86.46|86.68
2019-12-05|86.74|86.81|86.58|86.81
2019-12-06|86.95|87.01|86.85|86.93
2019-12-09|86.9|87|86.9|86.93
2019-12-10|86.93|87.15|86.9|87.14
2019-12-11|87.16|87.34|87.09|87.32
2019-12-12|87.36|87.605|87.33|87.52
2019-12-13|87.55|87.645|87.5|87.61
2019-12-16|87.74|87.83|87.7|87.78
2019-12-17|87.79|88.05|87.785|88.05
2019-12-18|88.09|88.25|88.061|88.21
2019-12-19|87.91|87.925|87.72|87.85
2019-12-20|87.95|87.99|87.7|87.72
2019-12-23|87.75|87.8|87.73|87.76
2019-12-24|87.78|87.83|87.73|87.83
2019-12-26|87.94|87.99|87.89|87.96
2019-12-27|88.02|88.02|87.89|87.92
2019-12-30|88|88.017|87.77|87.86
2019-12-31|87.86|87.95|87.8064|87.94
2020-01-02|88.1|88.32|88.05|88.31
2020-01-03|88.12|88.28|88.04|88.22
2020-01-06|88.11|88.18|88.05|88.13
2020-01-07|88.14|88.16|88.04|88.05
2020-01-08|88.07|88.23|88.02|88.13
2020-01-09|88.24|88.37|88.17|88.36
2020-01-10|88.37|88.41|88.3|88.39
2020-01-13|88.4|88.45|88.35|88.39
2020-01-14|88.37|88.485|88.28|88.38
2020-01-15|88.4|88.53|88.39|88.4
2020-01-16|88.47|88.53|88.38|88.43
2020-01-17|88.48|88.51|88.36|88.36
2020-01-21|88.34|88.43|88.17|88.17
2020-01-22|88.31|88.37|88.23|88.33
2020-01-23|88.18|88.2|88.02|88.06
2020-01-24|88.07|88.07|87.645|87.69
2020-01-27|87.24|87.38|86.96|87.1
2020-01-28|87.5|87.96|87.39|87.85
2020-01-29|87.97|88.2338|87.78|87.8
2020-01-30|87.51|87.91|87.5|87.89
2020-01-31|87.8|87.8|87.39|87.53
2020-02-03|87.325|87.465|87.125|87.15
2020-02-04|87.5|87.69|87.48|87.67
2020-02-05|87.88|88.06|87.835|88.03
2020-02-06|88|88.15|87.87|88.1
2020-02-07|87.99|88.045|87.88|87.97
2020-02-10|87.95|88.1|87.88|88.09
2020-02-11|88.27|88.28|88.15|88.15
2020-02-12|88.32|88.46|88.26|88.38
2020-02-13|88.31|88.46|88.29|88.41
2020-02-14|88.44|88.49|88.35|88.4
2020-02-18|88.35|88.4|88.145|88.22
2020-02-19|88.31|88.37|88.25|88.26
2020-02-20|88.32|88.44|88.06|88.41
2020-02-21|88.34|88.38|88.16|88.33
2020-02-24|87.5|87.6|87.2|87.38
2020-02-25|87.76|87.81|86.69|86.77
2020-02-26|86.93|87.25|86.595|86.86
2020-02-27|86.13|86.69|85.52|85.69
2020-02-28|84.69|86.145|84.69|86.04
2020-03-02|85.64|86.4|85.225|86.31
2020-03-03|86.38|87.19|85.74|85.94
2020-03-04|86.66|87.16|86.59|87.12
2020-03-05|86.36|86.51|85.8501|86.02
2020-03-06|84.53|85.28|84.09|85.05
2020-03-09|79.64|83.49|79.64|81.39
2020-03-10|82.62|82.87|81.13|82.64
2020-03-11|81.25|81.685|80.2|80.84
2020-03-12|76.38|80.25|76.23|77.61
2020-03-13|80.13|80.275|78.14|80.05
2020-03-16|75.72|77.65|74.3|75.65
2020-03-17|75.55|77.7|74.63|76.36
2020-03-18|73.85|74.75|71.91|72.99
2020-03-19|71.86|72.67|70.77|71.35
2020-03-20|71.41|72.14|69.41|69.75
2020-03-23|70.05|70.12|67.52|68.63
2020-03-24|70.09|71.95|69.9|71.46
2020-03-25|72.25|75.57|72.08|73.47
2020-03-26|74.01|76.83|73.7|76.83
2020-03-27|75.44|78.37|75.36|77.03
2020-03-30|77.1|78.04|76.64|77.69
2020-03-31|77.37|77.71|76.98|77.07
2020-04-01|75.18|75.27|74.37|74.58
2020-04-02|74.37|76.3|74.23|75.16
2020-04-03|75|75.2|73.32|73.55
2020-04-06|75.06|75.56|74.81|75.34
2020-04-07|76.43|76.72|75.24|75.34
2020-04-08|75.96|77.63|75.73|77.3
2020-04-09|81.97|84.05|81.49|82.36
2020-04-13|81.81|81.92|80.42|81.18
2020-04-14|81.91|82.09|80.97|81.52
2020-04-15|80.25|80.91|79.96|80.76
2020-04-16|80.56|80.75|79.93|80.68
2020-04-17|81.32|81.4|80.85|81.09
2020-04-20|80.29|80.79|79.72|79.87
2020-04-21|78.96|79.06|78.25|78.41
2020-04-22|79.26|79.37|78.84|79.1
2020-04-23|79.25|79.66|78.73|79.06
2020-04-24|79.12|79.23|78.16|78.32
2020-04-27|78.7|78.9296|78.51|78.64
2020-04-28|79.07|79.12|78.445|78.88
2020-04-29|79.43|80.36|79.27|80.27
2020-04-30|79.85|80.56|79.53|80.43
2020-05-01|79.34|79.54|78.61|78.68
2020-05-04|78.53|78.87|78.2|78.57
2020-05-05|78.82|79.25|78.815|79.25
2020-05-06|79.33|79.425|78.77|78.8
2020-05-07|79.2|79.71|78.97|79
2020-05-08|79.33|79.76|79.27|79.75
2020-05-11|79.58|79.72|79.34|79.39
2020-05-12|79.91|80|79.29|79.29
2020-05-13|79.35|79.42|78.74|78.87
2020-05-14|78.46|78.9|77.98|78.6
2020-05-15|78.37|78.84|78.17|78.71
2020-05-18|79.96|80.16|79.66|80.1
2020-05-19|80.04|80.43|79.89|80.2
2020-05-20|80.62|81.25|80.55|81.05
2020-05-21|81.03|81.2252|80.795|81.03
2020-05-22|80.95|81.33|80.805|81.23
2020-05-26|81.83|82.16|81.825|81.84
2020-05-27|82.42|82.45|81.655|82.01
2020-05-28|82.13|82.55|81.94|82.09
2020-05-29|82.05|82.62|81.88|82.42
2020-06-01|81.94|82.75|81.8198|82.72
2020-06-02|82.85|83.58|82.62|83.54
2020-06-03|83.88|84.38|83.78|83.93
2020-06-04|83.84|83.98|83.52|83.67
2020-06-05|84.57|85.03|84.4|84.46
2020-06-08|84.66|84.68|84.351|84.56
2020-06-09|84.11|84.15|83.58|83.9
2020-06-10|83.79|84.22|83.26|83.78
2020-06-11|82.58|82.62|81.47|81.63
2020-06-12|82.74|82.87|81.85|82.44
2020-06-15|81.9|83.78|81.72|83.24
2020-06-16|84.25|84.33|83.31|83.58
2020-06-17|83.52|83.62|83.15|83.19
2020-06-18|82.96|83.21|82.83|83.16
2020-06-19|83.32|83.368|82.705|82.88
2020-06-22|82.87|83.03|82.69|82.82
2020-06-23|83.11|83.1398|82.89|82.94
2020-06-24|82.68|82.78|81.54|82.09
2020-06-25|81.87|82.17|81.49|82.12
2020-06-26|82.01|82.01|81.23|81.34
2020-06-29|81.44|81.45|80.48|80.88
2020-06-30|81.15|81.8|81.08|81.62
2020-07-01|81.41|81.77|81.41|81.53
2020-07-02|82.24|82.51|81.97|82.13
2020-07-06|82.62|82.74|82.41|82.72
2020-07-07|82.63|82.84|82.13|82.17
2020-07-08|82.13|82.495|82.12|82.39
2020-07-09|82.39|82.46|81.83|82.21
2020-07-10|82.07|82.54|81.98|82.49
2020-07-13|82.8|82.91|82.03|82.04
2020-07-14|82.04|82.78|82.04|82.74
2020-07-15|83.24|83.31|82.9127|83.21
2020-07-16|83.16|83.3|83.08|83.29
2020-07-17|83.48|83.55|83.21|83.52
2020-07-20|83.59|84.06|83.51|84.02
2020-07-21|84.3|84.58|84.27|84.41
2020-07-22|84.5|84.62|84.34|84.58
2020-07-23|84.57|84.615|83.965|84.52
2020-07-24|84.34|84.695|84.295|84.6
2020-07-27|84.73|84.82|84.51|84.8
2020-07-28|84.72|84.8|84.5|84.58
2020-07-29|84.84|85.11|84.7|85.05
2020-07-30|84.78|85.27|84.74|85.23
2020-07-31|85.2|85.4|84.9|85.39
2020-08-03|85.03|85.105|84.85|85.07
2020-08-04|84.97|85.065|84.8|85.04
2020-08-05|85.06|85.23|85.01|85.19
2020-08-06|85.19|85.4|85.1|85.38
2020-08-07|85.35|85.35|85.05|85.17
2020-08-10|85.26|85.3|85.01|85.21
2020-08-11|85.25|85.265|84.4|84.44
2020-08-12|84.81|85.02|84.46|84.46
2020-08-13|84.48|84.81|84.15|84.23
2020-08-14|84.21|84.3|83.92|84.08
2020-08-17|84.16|84.62|84.1|84.58
2020-08-18|84.62|84.77|84.41|84.71
2020-08-19|84.67|84.785|84.37|84.47
2020-08-20|84.33|84.75|84.32|84.75
2020-08-21|84.75|84.81|84.625|84.74
2020-08-24|84.9|85.17|84.89|85.13
2020-08-25|85.14|85.28|84.91|85.22
2020-08-26|85.23|85.37|85.17|85.21
2020-08-27|85.32|85.35|84.9|85.08
2020-08-28|85.13|85.27|85.09|85.15
2020-08-31|85.13|85.23|84.985|85.03
2020-09-01|84.71|85.23|84.64|85.15
2020-09-02|85.2|85.39|84.945|85.25
2020-09-03|85.1|85.12|84.37|84.72
2020-09-04|84.8|84.94|83.98|84.49
2020-09-08|84.14|84.41|83.91|84.02
2020-09-09|84.38|84.74|84.25|84.68
2020-09-10|84.81|84.83|84.2502|84.28
2020-09-11|84.34|84.4899|84.1|84.45
2020-09-14|84.62|84.7|84.27|84.36
2020-09-15|84.55|84.715|84.44|84.59
2020-09-16|84.65|84.99|84.51|84.59
2020-09-17|84.31|84.655|84.24|84.5
2020-09-18|84.67|84.69|84.25|84.29
2020-09-21|83.93|84.0295|83.375|83.61
2020-09-22|83.71|83.95|83.52|83.9
2020-09-23|83.98|83.98|82.962|83.05
2020-09-24|82.87|83.34|82.56|83.1
2020-09-25|83|83.16|82.76|82.95
2020-09-28|83.38|83.62|83.19|83.49
2020-09-29|83.56|83.61|83.29|83.56
2020-09-30|83.56|84.03|83.5494|83.9
2020-10-01|83.81|83.89|83.69|83.83
2020-10-02|83.28|83.87|83.28|83.83
2020-10-05|83.99|84.48|83.92|84.46
2020-10-06|84.48|84.75|84.22|84.27
2020-10-07|84.52|84.63|84.465|84.57
2020-10-08|84.84|84.85|84.64|84.76
2020-10-09|84.89|85.03|84.763|84.95
2020-10-12|85.22|85.47|85.13|85.38
2020-10-13|85.16|85.26|84.93|85
2020-10-14|84.96|85.02|84.715|84.79
2020-10-15|84.45|84.78|84.32|84.73
2020-10-16|84.86|84.94|84.52|84.63
2020-10-19|84.8|84.86|84.3|84.33
2020-10-20|84.48|84.77|84.47|84.63
2020-10-21|84.62|84.8|84.53|84.62
2020-10-22|84.61|84.835|84.45|84.77
2020-10-23|84.9|84.92|84.665|84.87
2020-10-26|84.56|84.62|84.09|84.12
2020-10-27|84.18|84.34|84.12|84.16
2020-10-28|83.61|83.72|83.31|83.46
2020-10-29|83.4|83.735|83.27|83.7
2020-10-30|83.63|83.92|83.43|83.88
2020-11-02|83.78|83.85|83.49|83.72
2020-11-03|83.89|84.44|83.89|84.44
2020-11-04|84.69|85.41|84.66|85.23
2020-11-05|85.64|85.88|85.415|85.53
2020-11-06|85.56|85.58|85.11|85.23
2020-11-09|86.88|86.9|85.84|85.88
2020-11-10|85.78|86.06|83.38|85.76
2020-11-11|85.92|85.93|85.63|85.73
2020-11-12|85.65|85.65|85.15|85.15
2020-11-13|85.25|85.525|85.24|85.44
2020-11-16|85.895|85.96|85.69|85.92
2020-11-17|85.78|86.11|85.715|85.95
2020-11-18|86.04|86.14|85.76|85.79
2020-11-19|85.71|86.14|85.65|86.08
2020-11-20|85.92|86.02|85.85|85.92
2020-11-23|86.14|86.21|85.96|86.05
2020-11-24|86.32|86.52|86.21|86.31
2020-11-25|86.3|86.42|86.19|86.27
2020-11-27|86.43|86.5|86.385|86.41
2020-11-30|86.43|86.43|86.15|86.32
2020-12-01|86.25|86.39|86.18|86.2
2020-12-02|86.22|86.55|86.15|86.44
2020-12-03|86.52|86.7|86.44|86.49
2020-12-04|86.67|86.9|86.52|86.85
2020-12-07|86.8|86.84|86.675|86.81
2020-12-08|86.77|86.85|86.7|86.74
2020-12-09|86.85|86.85|86.49|86.61
2020-12-10|86.48|86.88|86.46|86.77
2020-12-11|86.72|86.86|86.535|86.68
2020-12-14|86.83|86.875|86.6|86.7
2020-12-15|86.85|87|86.68|86.97
2020-12-16|86.94|86.97|86.6|86.84
2020-12-17|86.59|86.675|86.51|86.61
2020-12-18|86.65|86.72|86.55|86.68
2020-12-21|86.38|86.55|86.22|86.37
2020-12-22|86.43|86.54|86.35|86.48
2020-12-23|86.62|86.905|86.6|86.87
2020-12-24|86.95|87.05|86.94|87.05
2020-12-28|87.18|87.23|87.04|87.16
2020-12-29|87.31|87.31|87.0355|87.05
2020-12-30|87.08|87.28|87.08|87.23
2020-12-31|87.21|87.34|87.17|87.3
2021-01-04|87.4|87.4|86.87|87.12
2021-01-05|87.02|87.25|86.98|87.15
2021-01-06|87.09|87.34|86.97|86.99
2021-01-07|87.18|87.37|87.13|87.24
2021-01-08|87.35|87.38|87.14|87.37
2021-01-11|87.02|87.17|86.89|86.9
2021-01-12|86.89|87.07|86.79|87.01
2021-01-13|86.98|87.31|86.95|87.27
2021-01-14|87.27|87.38|87.22|87.25
2021-01-15|87.14|87.27|87.05|87.11
2021-01-19|87.35|87.38|87.145|87.36
2021-01-20|87.62|87.62|87.37|87.52
2021-01-21|87.47|87.57|87.38|87.47
2021-01-22|87.28|87.39|87.18|87.3
2021-01-25|87.3|87.335|87.03|87.32
2021-01-26|87.29|87.33|87.18|87.19
2021-01-27|87.02|87.22|86.81|86.94
2021-01-28|87.16|87.49|87.14|87.2
2021-01-29|87.13|87.37|86.89|86.97
2021-02-01|86.81|86.97|86.655|86.93
2021-02-02|87.15|87.26|87.09|87.14
2021-02-03|87.2|87.36|87.17|87.21
2021-02-04|87.35|87.47|87.31|87.39
2021-02-05|87.63|87.65|87.475|87.52
2021-02-08|87.59|87.78|87.56|87.78
2021-02-09|87.65|87.725|87.57|87.62
2021-02-10|87.62|87.68|87.47|87.6
2021-02-11|87.64|87.68|87.54|87.64
2021-02-12|87.55|87.79|87.55|87.78
2021-02-16|87.73|87.74|87.57|87.64
2021-02-17|87.46|87.61|87.43|87.61
2021-02-18|87.47|87.59|87.39|87.49
2021-02-19|87.63|87.63|87.48|87.5
2021-02-22|87.37|87.46|87.23|87.23
2021-02-23|87.19|87.51|87.01|87.44
2021-02-24|87.31|87.53|87.23|87.53
2021-02-25|87.33|87.42|86.6|86.7
2021-02-26|86.88|86.92|86.405|86.44
2021-03-01|86.67|87.16|86.56|87.1
2021-03-02|87.15|87.16|86.93|86.97
2021-03-03|86.84|86.91|86.655|86.69
2021-03-04|86.75|86.9464|86.08|86.36
2021-03-05|86.49|86.72|86.09|86.62
2021-03-08|86.57|86.64|85.965|85.99
2021-03-09|86.22|86.445|86.08|86.11
2021-03-10|86.22|86.5|86.15|86.38
2021-03-11|86.58|86.86|86.58|86.7
2021-03-12|86.56|86.6|86.37|86.46
2021-03-15|86.4|86.55|86.31|86.47
2021-03-16|86.43|86.485|86.18|86.27
2021-03-17|86.1|86.65|86.04|86.39
2021-03-18|86.06|86.17|85.71|85.73
2021-03-19|85.86|86.15|85.65|86.06
2021-03-22|86.2|86.5175|86.15|86.37
2021-03-23|86.35|86.5|86.245|86.46
2021-03-24|86.54|86.8|86.51|86.51
2021-03-25|86.45|86.66|86.36|86.66
2021-03-26|86.76|86.93|86.57|86.92
2021-03-29|86.86|87|86.695|86.97
2021-03-30|86.83|86.88|86.74|86.76
2021-03-31|86.86|87.21|86.85|87.18
2021-04-01|86.97|87.07|86.85|87.07
2021-04-05|87.08|87.18|87.04|87.11
2021-04-06|87.13|87.3|87.13|87.26
2021-04-07|87.28|87.315|87.17|87.23
2021-04-08|87.33|87.36|87.24|87.26
2021-04-09|87.15|87.21|87.1|87.2
2021-04-12|87.1|87.14|87.02|87.11
2021-04-13|87.01|87.2|86.905|87.17
2021-04-14|87.19|87.29|87.09|87.13
2021-04-15|87.33|87.48|87.27|87.48
2021-04-16|87.5|87.53|87.3|87.3
2021-04-19|87.2|87.29|87.12|87.16
2021-04-20|87.06|87.135|86.96|87.01
2021-04-21|86.97|87.3|86.96|87.3
2021-04-22|87.32|87.33|87.12|87.14
2021-04-23|87.2|87.445|87.19|87.37
2021-04-26|87.38|87.48|87.29|87.33
2021-04-27|87.38|87.38|87.21|87.21
2021-04-28|87.24|87.45|87.17|87.38
2021-04-29|87.55|87.55|87.35|87.48
2021-04-30|87.37|87.49|87.345|87.44
2021-05-03|87.23|87.33|87.17|87.18
2021-05-04|87.11|87.15|86.97|87.13
2021-05-05|87.19|87.32|87.08|87.3
2021-05-06|87.29|87.335|87.15|87.27
2021-05-07|87.35|87.41|87.23|87.33
2021-05-10|87.36|87.38|87.13|87.13
2021-05-11|86.9|87.09|86.81|87.04
2021-05-12|86.92|86.98|86.62|86.62
2021-05-13|86.77|87|86.76|86.93
2021-05-14|87.05|87.21|87.02|87.21
2021-05-17|87.2|87.21|86.985|87.05
2021-05-18|87.17|87.17|86.83|86.84
2021-05-19|86.6|86.84|86.57|86.61
2021-05-20|86.68|87.34|86.68|86.98
2021-05-21|87.08|87.13|86.92|87.11
2021-05-24|87.18|87.305|87.1|87.21
2021-05-25|87.26|87.28|87.135|87.22
2021-05-26|87.16|87.27|87.16|87.25
2021-05-27|87.38|87.38|87.2|87.21
2021-05-28|87.3|87.35|87.18|87.18
2021-06-01|87.06|87.16|87|87.15
2021-06-02|87.15|87.27|87.12|87.26
2021-06-03|87.03|87.23|86.9853|87.08
2021-06-04|87.23|87.31|87.17|87.27
2021-06-07|87.29|87.35|87.26|87.3
2021-06-08|87.44|87.44|87.31|87.36
2021-06-09|87.47|87.49|87.4|87.43
2021-06-10|87.5|87.66|87.46|87.59
2021-06-11|87.65|87.69|87.55|87.62
2021-06-14|87.59|87.59|87.47|87.54
2021-06-15|87.48|87.565|87.44|87.53
2021-06-16|87.53|87.57|87.26|87.41
2021-06-17|87.46|87.5|87.38|87.47
2021-06-18|87.34|87.45|87.29|87.43
2021-06-21|87.52|87.6|87.45|87.6
2021-06-22|87.57|87.66|87.52|87.66
2021-06-23|87.63|87.75|87.57|87.57
2021-06-24|87.74|87.84|87.7|87.84
2021-06-25|87.85|87.95|87.83|87.93
2021-06-28|87.97|87.97|87.86|87.92
2021-06-29|87.94|88.03|87.93|88.03
2021-06-30|87.97|88.065|87.96|88.04
2021-07-01|87.83|87.92|87.81|87.92
2021-07-02|87.96|88.07|87.92|88.06
2021-07-06|88.06|88.08|87.94|88.01
2021-07-07|88.09|88.1|87.93|88.04
2021-07-08|87.81|87.93|87.77|87.85
2021-07-09|87.88|88.02|87.87|88
2021-07-12|88|88.02|87.885|87.97
2021-07-13|87.92|87.955|87.7|87.71
2021-07-14|87.81|87.88|87.74|87.85
2021-07-15|87.77|87.82|87.715|87.79
2021-07-16|87.84|87.84|87.64|87.67
2021-07-19|87.46|87.49|86.98|87.08
2021-07-20|87.16|87.53|87.08|87.52
2021-07-21|87.58|87.76|87.56|87.73
2021-07-22|87.74|87.85|87.65|87.78
2021-07-23|87.88|87.99|87.83|87.95
2021-07-26|87.92|87.97|87.78|87.82
2021-07-27|87.7|87.77|87.56|87.7
2021-07-28|87.8|87.845|87.665|87.77
2021-07-29|87.83|88|87.83|87.96
2021-07-30|87.93|87.97|87.84|87.84
2021-08-02|87.67|87.69|87.34|87.34
2021-08-03|87.39|87.46|87.28|87.44
2021-08-04|87.37|87.42|87.28|87.28
2021-08-05|87.33|87.52|87.33|87.48
2021-08-06|87.43|87.52|87.37|87.38
2021-08-09|87.34|87.36|87.175|87.18
2021-08-10|87.19|87.2|86.97|86.98
2021-08-11|87.04|87.155|87.01|87.12
2021-08-12|87.12|87.29|87.09|87.27
2021-08-13|87.3|87.46|87.3|87.46
2021-08-16|87.44|87.49|87.35|87.49
2021-08-17|87.39|87.395|87.2|87.29
2021-08-18|87.3|87.39|87.09|87.09
2021-08-19|87|87.2|86.95|87.08
2021-08-20|87.1|87.33|87.085|87.29
2021-08-23|87.41|87.59|87.41|87.56
2021-08-24|87.58|87.7|87.55|87.68
2021-08-25|87.7|87.82|87.66|87.77
2021-08-26|87.76|87.77|87.575|87.72
2021-08-27|87.75|87.99|87.73|87.96
2021-08-30|87.98|88.1|87.96|88.07
2021-08-31|88.06|88.1|87.97|88.09
2021-09-01|87.84|87.98|87.82|87.89
2021-09-02|88|88.02|87.93|88
2021-09-03|87.96|88.04|87.89|88.01
2021-09-07|87.99|87.99|87.77|87.78
2021-09-08|87.79|87.91|87.71|87.88
2021-09-09|87.87|87.98|87.86|87.96
2021-09-10|88.08|88.09|87.82|87.83
2021-09-13|87.95|88.06|87.89|88.05
2021-09-14|88.08|88.12|87.97|88.01
2021-09-15|88.02|88.14|88.01|88.14
2021-09-16|88.11|88.14|87.95|88.11
2021-09-17|88.08|88.09|87.965|88
2021-09-20|87.6|87.81|87.55|87.69
2021-09-21|87.83|87.88|87.68|87.84
2021-09-22|87.97|88.075|87.85|88
2021-09-23|88.05|88.16|87.96|88.04
2021-09-24|87.96|88.02|87.86|87.91
2021-09-27|87.76|87.89|87.73|87.83
2021-09-28|87.66|87.7|87.38|87.43
2021-09-29|87.53|87.705|87.505|87.59
2021-09-30|87.64|87.68|87.38|87.49
2021-10-01|87.35|87.48|87.14|87.41
2021-10-04|87.35|87.38|87.08|87.1
2021-10-05|87.19|87.22|87.03|87.06
2021-10-06|86.87|87.04|86.77|87.01
2021-10-07|87.13|87.3|86.96|87.02
2021-10-08|87|87.05|86.76|86.76
2021-10-11|86.76|86.805|86.49|86.49
2021-10-12|86.6|86.77|86.575|86.65
2021-10-13|86.7|86.88|86.56|86.88
2021-10-14|87.05|87.38|87.035|87.37
2021-10-15|87.39|87.39|87.17|87.22
2021-10-18|87.02|87.18|86.99|87.18
2021-10-19|87.18|87.25|87.12|87.24
2021-10-20|87.25|87.29|87.19|87.27
2021-10-21|87.25|87.29|86.99|87.05
2021-10-22|87.02|87.055|86.8|86.84
2021-10-25|86.94|87.08|86.77|86.99
2021-10-26|87.12|87.2|87.01|87.01
2021-10-27|87.1|87.13|86.93|86.94
2021-10-28|86.98|87.16|86.98|87.16
2021-10-29|87.015|87.05|86.93|86.93
2021-11-01|86.73|86.78|86.55|86.56
2021-11-02|86.56|86.84|86.56|86.77
2021-11-03|86.71|86.96|86.69|86.94
2021-11-04|87.02|87.56|87|87.17
2021-11-05|87.3|87.52|87.25|87.5
2021-11-08|87.59|87.61|87.34|87.39
2021-11-09|87.385|87.46|87.28|87.46
2021-11-10|87.35|87.35|86.94|86.97
2021-11-11|87.03|87.04|86.82|86.82
2021-11-12|86.92|87.045|86.84|86.85
2021-11-15|86.91|86.92|86.73|86.75
2021-11-16|86.77|86.87|86.74|86.79
2021-11-17|86.82|86.835|86.7|86.7
2021-11-18|86.81|86.81|86.63|86.63
2021-11-19|86.63|86.77|86.56|86.56
2021-11-22|86.64|86.67|86.22|86.23
2021-11-23|86.23|86.37|86.03|86.11
2021-11-24|86|86.11|85.76|86.09
2021-11-26|85.61|85.62|85.34|85.47
2021-11-29|85.81|86.13|85.76|86
2021-11-30|85.96|86.07|85.52|85.64
2021-12-01|85.77|85.935|85.32|85.37
2021-12-02|85.42|86.06|85.41|86
2021-12-03|86.05|86.1|85.83|86
2021-12-06|86.03|86.48|86.0025|86.38
2021-12-07|86.71|87.07|86.64|86.84
2021-12-08|86.78|86.87|86.675|86.82
2021-12-09|86.8|86.8|86.43|86.43
2021-12-10|86.56|86.66|86.53|86.63
2021-12-13|86.63|86.71|86.555|86.63
2021-12-14|86.5|86.59|86.33|86.48
2021-12-15|86.47|86.84|86.33|86.81
2021-12-16|86.55|86.63|86.39|86.45
2021-12-17|86.36|86.51|86.21|86.37
2021-12-20|86.13|86.29|86.09|86.22
2021-12-21|86.34|86.69|86.34|86.68
2021-12-22|86.65|86.93|86.64|86.91
2021-12-23|86.96|87.21|86.94|87.16
2021-12-27|87.17|87.32|87.13|87.25
2021-12-28|87.22|87.24|87.075|87.21
2021-12-29|87.15|87.18|87.05|87.07
2021-12-30|87.1|87.1|86.99|87.03
2021-12-31|87.06|87.115|86.98|87.01
2022-01-03|86.92|86.97|86.76|86.97
2022-01-04|87|87|86.67|86.75
2022-01-05|86.74|86.78|86.08|86.08
2022-01-06|86.1|86.315|86.05|86.09
2022-01-07|86.09|86.1|85.86|85.87
2022-01-10|85.76|85.96|85.37|85.94
2022-01-11|85.99|86.34|85.745|86.34
2022-01-12|86.47|86.52|86.341|86.48
2022-01-13|86.46|86.5|86.14|86.17
2022-01-14|86.11|86.23|86|86.09
2022-01-18|85.84|85.85|85.61|85.67
2022-01-19|85.82|85.955|85.56|85.59
2022-01-20|85.75|85.97|85.41|85.43
2022-01-21|85.43|85.6|85.33|85.44
2022-01-24|85.185|85.41|84.77|85.35
2022-01-25|85.09|85.29|84.9|85.1
2022-01-26|85.47|85.87|84.7|84.81
2022-01-27|85.02|85.12|84.25|84.44
2022-01-28|84.25|84.69|83.95|84.68
2022-01-31|84.5|84.83|84.22|84.7
2022-02-01|84.65|84.78|84.37|84.73
2022-02-02|84.9|84.96|84.61|84.86
2022-02-03|84.47|84.54|84.09|84.1
2022-02-04|83.76|83.9|83.195|83.77
2022-02-07|83.54|83.86|83.42|83.71
2022-02-08|83.78|83.85|83.58|83.62
2022-02-09|83.94|84.12|83.94|84.06
2022-02-10|83.54|83.83|82.94|82.95
2022-02-11|83.23|83.25|82.45|82.66
2022-02-14|82.65|82.825|82.22|82.52
2022-02-15|82.74|82.805|82.56|82.66
2022-02-16|82.61|83.18|82.54|83.12
2022-02-17|82.97|82.97|82.71|82.77
2022-02-18|82.69|82.99|82.62|82.89
2022-02-22|82.84|83.05|82.59|82.7
2022-02-23|82.85|82.91|82.53|82.55
2022-02-24|81.91|83.18|81.83|83.14
2022-02-25|83.22|83.63|83.22|83.61
2022-02-28|83.22|83.88|83.22|83.67
2022-03-01|83.43|83.635|82.95|83.13
2022-03-02|83.08|83.36|82.935|83.33
2022-03-03|83.48|83.5|82.2058|83.08
2022-03-04|82.94|82.94|82.48|82.54
2022-03-07|82.39|82.41|81.75|81.82
2022-03-08|81.88|82.09|81.5|81.53
2022-03-09|82.0131|82.32|81.85|82.21
2022-03-10|81.76|81.87|81.42|81.52
2022-03-11|81.63|81.65|80.865|80.93
2022-03-14|80.85|80.87|79.88|79.97
2022-03-15|80.13|80.755|80.1|80.57
2022-03-16|80.96|81.74|80.5502|81.7
2022-03-17|81.77|82.3|81.75|82.26
2022-03-18|82.1|82.54|81.945|82.53
2022-03-21|82.39|82.45|81.42|81.58
2022-03-22|81.66|82.07|81.5|82
2022-03-23|81.86|82.01|81.59|81.74
2022-03-24|81.73|81.94|81.52|81.91
2022-03-25|81.92|81.92|81.26|81.32
2022-03-28|81.28|81.85|81.26|81.83
2022-03-29|82.2|82.86|82.15|82.84
2022-03-30|82.62|82.7|82.39|82.59
2022-03-31|82.69|82.725|82.27|82.29
2022-04-01|81.83|82.0281|81.65|81.95
2022-04-04|82.02|82.58|82|82.57
2022-04-05|82.39|82.47|81.47|81.5
2022-04-06|80.94|81.4|80.69|80.86
2022-04-07|80.94|81.035|80.72|80.73
2022-04-08|80.48|80.7275|80.23|80.24
2022-04-11|79.98|80.07|79.58|79.69
2022-04-12|80.24|80.62|80.07|80.3
2022-04-13|80.44|80.88|80.38|80.78
2022-04-14|80.78|80.89|80.03|80.24
2022-04-18|80.16|80.36|80.0039|80.11
2022-04-19|79.96|80.19|79.86|80.04
2022-04-20|80.28|80.44|80.16|80.29
2022-04-21|80.49|80.54|79.67|79.74
2022-04-22|79.64|79.66|79.17|79.26
2022-04-25|79.4|80|79.27|79.93
2022-04-26|79.9|79.9|79.45|79.46
2022-04-27|79.47|79.67|78.99|79.07
2022-04-28|79.24|79.63|78.945|79.51
2022-04-29|79.14|79.25|78.48|78.53
2022-05-02|78.16|78.3|77.8338|78.23
2022-05-03|78.4|78.76|78.35|78.64
2022-05-04|78.65|79.65|78.08|79.44
2022-05-05|78.97|79.02|77.81|78.03
2022-05-06|77.63|78|77.405|77.59
2022-05-09|77.13|77.31|76.72|76.77
2022-05-10|77.39|77.53|76.84|77.21
2022-05-11|77|77.485|76.74|76.75
2022-05-12|76.66|76.98|76.395|76.72
2022-05-13|76.98|77.06|76.43|76.81
2022-05-16|76.84|76.96|76.565|76.7
2022-05-17|76.86|76.87|76.44|76.63
2022-05-18|76.21|76.25|75.91|76
2022-05-19|75.95|76.665|75.87|76.51
2022-05-20|76.78|76.8|76.23|76.46
2022-05-23|76.64|76.86|76.58|76.76
2022-05-24|76.58|77.26|76.55|77.22
2022-05-25|77.31|78.44|77.27|78.39
2022-05-26|78.68|79.52|78.47|79.48
2022-05-27|79.8|80.19|79.605|80.19
2022-05-31|79.74|79.86|79.32|79.5
2022-06-01|79.23|79.45|78.75|78.9
2022-06-02|78.92|79.24|78.6925|79.23
2022-06-03|78.87|78.87|78.515|78.64
2022-06-06|78.78|78.8|77.96|78.05
2022-06-07|77.79|78.32|77.73|78.23
2022-06-08|78.04|78.07|77.46|77.56
2022-06-09|77.26|77.5075|76.79|76.94
2022-06-10|76.2|76.22|75.275|75.63
2022-06-13|74.25|74.31|72.89|73.1
2022-06-14|73.45|74.23|73.05|73.58
2022-06-15|74.2|75.39|74.04|75.01
2022-06-16|73.9|74.145|73.22|73.82
2022-06-17|73.99|74.57|73.81|74.05
2022-06-21|74.5|74.67|73.93|74
2022-06-22|73.87|74.245|73.81|73.98
2022-06-23|74.19|74.58|74.075|74.51
2022-06-24|74.75|75.36|74.59|75.04
2022-06-27|75.1|75.1|74.58|74.58
2022-06-28|74.69|74.79|73.75|73.76
2022-06-29|73.72|73.79|73.43|73.65
2022-06-30|73.33|73.825|73.055|73.61
2022-07-01|73.5|74.23|73.45|73.98
2022-07-05|73.51|73.98|73.03|73.91
2022-07-06|73.79|74|73.515|73.63
2022-07-07|74.09|74.88|74.03|74.83
2022-07-08|74.56|74.96|74.36|74.89
2022-07-11|74.8|74.92|74.45|74.47
2022-07-12|74.56|74.9|74.5|74.77
2022-07-13|74|74.915|73.92|74.69
2022-07-14|74.08|74.63|73.61|74.55
2022-07-15|74.77|75.5|74.76|75.5
2022-07-18|75.69|75.72|74.69|74.77
2022-07-19|75.04|75.94|75.04|75.76
2022-07-20|76.06|76.62|75.88|76.09
2022-07-21|76.02|77.06|75.93|76.99
2022-07-22|77.11|77.54|76.65|76.89
2022-07-25|76.95|77.09|76.645|76.87
2022-07-26|76.62|76.71|76.28|76.33
2022-07-27|76.67|77.47|76.67|77.17
2022-07-28|77.54|78.02|77.23|77.96
2022-07-29|77.96|78.35|77.745|78.19
2022-08-01|77.64|78.08|77.505|77.91
2022-08-02|77.77|77.86|77.5|77.55
2022-08-03|77.78|78.25|77.57|78.23
2022-08-04|78.34|78.45|78.11|78.44
2022-08-05|77.5|78.11|77.39|78.04
2022-08-08|78.34|78.65|78.05|78.11
2022-08-09|77.93|77.96|77.495|77.53
2022-08-10|78.52|78.77|78.385|78.69
2022-08-11|79.2|79.32|78.13|78.24
2022-08-12|78.52|78.975|78.29|78.94
2022-08-15|78.82|79|78.645|78.8
2022-08-16|78.73|78.73|78.255|78.43
2022-08-17|77.88|78.035|77.59|77.62
2022-08-18|77.81|77.88|77.66|77.74
2022-08-19|77.33|77.37|76.78|76.95
2022-08-22|76.36|76.4|76.01|76.08
2022-08-23|76.1|76.4|75.83|76.27
2022-08-24|76.24|76.5|76.16|76.36
2022-08-25|76.58|77.14|76.45|77.08
2022-08-26|77.12|77.12|75.74|75.81
2022-08-29|75.35|75.77|75.26|75.52
2022-08-30|75.6|75.66|74.7|74.94
2022-08-31|74.97|75.12|74.51|74.53
2022-09-01|73.95|74.41|73.61|74.36
2022-09-02|75|75.07|74.23|74.31
2022-09-06|74.31|74.39|73.85|74.11
2022-09-07|74.21|75.19|74.19|75.18
2022-09-08|74.9|75.55|74.78|75.51
2022-09-09|75.88|76.17|75.63|75.81
2022-09-12|76.08|76.23|75.77|76.04
2022-09-13|74.98|75.17|74.28|74.31
2022-09-14|74.36|74.905|74.305|74.42
2022-09-15|74.29|74.445|73.91|73.95
2022-09-16|73.5|74.2|73.37|74.2
2022-09-19|73.91|74.49|73.84|74.48
2022-09-20|74.02|74.07|73.67|73.72
2022-09-21|73.9|74.24|73.16|73.5
2022-09-22|73.25|73.39|72.795|73.06
2022-09-23|72.56|72.73|71.88|72.13
2022-09-26|71.92|72.18|71.26|71.28
2022-09-27|71.89|71.915|70.9|71.13
2022-09-28|71.67|72.49|71.44|72.4
2022-09-29|71.93|71.97|71.32|71.72
2022-09-30|71.73|72.28|71.375|71.39
2022-10-03|71.6|72.13|71.46|71.97
2022-10-04|72.9|73.53|72.77|73.52
2022-10-05|72.92|73.4|72.605|73.23
2022-10-06|73.15|73.46|72.9|73.01
2022-10-07|72.57|72.77|72.1|72.12
2022-10-10|72.07|72.11|70.92|71.24
2022-10-11|71.38|72.02|71.29|71.46
2022-10-12|71.41|71.85|71.41|71.58
2022-10-13|70.47|71.91|70.4|71.74
2022-10-14|72.19|72.37|71.33|71.51
2022-10-17|72.15|72.595|72.14|72.39
2022-10-18|73.13|73.31|72.58|72.9
2022-10-19|72.4|72.635|71.98|72.2
2022-10-20|72.21|72.745|71.73|71.8
2022-10-21|71.59|72.58|71.56|72.49
2022-10-24|72.56|72.73|72.16|72.54
2022-10-25|72.72|73.25|72.7|73.24
2022-10-26|73.06|73.71|72.95|73.44
2022-10-27|73.62|74.14|73.36|73.98
2022-10-28|74.25|74.69|74.12|74.55
2022-10-31|74.17|74.175|73.42|73.43
2022-11-01|73.94|73.95|73.21|73.59
2022-11-02|73.56|74.29|72.88|72.92
2022-11-03|72.17|72.635|71.885|72.4
2022-11-04|72.87|73.205|72.395|72.9
2022-11-07|73.05|73.115|72.675|72.89
2022-11-08|72.95|73.065|72.59|72.82
2022-11-09|72.6|72.735|71.82|71.95
2022-11-10|73.98|74.27|73.46|74.19
2022-11-11|74.22|74.69|73.93|74.45
2022-11-14|74.25|74.29|73.87|73.9
2022-11-15|74.64|74.6986|74.07|74.55
2022-11-16|74.49|74.565|74.31|74.39
2022-11-17|73.81|74.17|73.73|74.07
2022-11-18|74.46|74.46|74.015|74.23
2022-11-21|74.1501|74.35|74.02|74.2
2022-11-22|74.34|74.79|74.255|74.74
2022-11-23|74.68|75.295|74.66|75.16
2022-11-25|75.15|75.175|74.895|75.01
2022-11-28|74.8|74.93|74.195|74.22
2022-11-29|74.22|74.6|74.08|74.54
2022-11-30|74.6|75.69|74.39|75.66
2022-12-01|75.57|75.66|75.18|75.62
2022-12-02|74.99|75.59|74.985|75.56
2022-12-05|75.28|75.295|74.69|74.84
2022-12-06|74.87|75|74.43|74.57
2022-12-07|74.55|75.07|74.55|74.98
2022-12-08|75.07|75.14|74.8|75.04
2022-12-09|74.82|75.32|74.82|75.04
2022-12-12|75.215|75.4|75.095|75.33
2022-12-13|76.61|76.7|75.69|76.11
2022-12-14|76.01|76.21|75.215|75.68
2022-12-15|74.91|75.11|74.63|75
2022-12-16|74.57|74.8071|74.41|74.6
2022-12-19|74.31|74.46|74.06|74.22
2022-12-20|73.85|74.19|73.695|74.03
2022-12-21|74.4|74.795|74.34|74.66
2022-12-22|74.37|74.485|73.92|74.2
2022-12-23|74.08|74.45|73.95|74.39
2022-12-27|74.32|74.37|73.58|73.62
2022-12-28|73.74|73.83|72.59|72.63
2022-12-29|72.92|73.62|72.75|73.57
2022-12-30|73.32|73.67|73.28|73.63
2023-01-03|74.11|74.19|73.66|73.77
2023-01-04|74.26|74.66|73.99|74.62
2023-01-05|74.36|74.535|74.18|74.47
2023-01-06|74.87|75.78|74.7|75.53
2023-01-09|75.75|75.955|75.64|75.8
2023-01-10|75.76|75.87|75.53|75.71
2023-01-11|75.995|76.25|75.85|76.21
2023-01-12|76.4|76.7|76.05|76.64
2023-01-13|76.26|76.77|76.215|76.64
2023-01-17|76.52|76.55|76.29|76.38
2023-01-18|76.85|77.075|76.45|76.47
2023-01-19|76.21|76.33|75.95|76.02
2023-01-20|76|76.17|75.73|76.17
2023-01-23|76.1|76.37|75.97|76.16
2023-01-24|76.01|76.25|75.88|76.21
2023-01-25|75.96|76.28|75.875|76.2
2023-01-26|76.36|76.47|76.09|76.39
2023-01-27|76.27|76.37|76.045|76.16
2023-01-30|75.88|76.025|75.72|75.74
2023-01-31|75.94|76.355|75.92|76.33
2023-02-01|75.98|76.98|75.775|76.76
2023-02-02|77.32|77.34|77.07|77.2
2023-02-03|76.6|76.86|76.33|76.39
2023-02-06|76.06|76.1|75.79|75.9
2023-02-07|75.83|76.36|75.78|76.17
2023-02-08|76.06|76.16|75.69|75.85
2023-02-09|76.11|76.11|75.29|75.36
2023-02-10|75.03|75.25|74.685|74.78
2023-02-13|74.83|75.215|74.75|74.97
2023-02-14|74.83|75.19|74.51|74.99
2023-02-15|74.72|74.88|74.58|74.87
2023-02-16|74.54|74.59|74.23|74.27
2023-02-17|74.15|74.68|73.87|74.56
2023-02-21|73.85|74.03|73.11|73.41
2023-02-22|73.6|74.19|73.6|73.89
2023-02-23|74.23|74.73|74.13|74.62
2023-02-24|74|74.32|73.92|74.17
2023-02-27|74.52|74.77|74.38|74.67
2023-02-28|74.64|74.64|74.42|74.53
2023-03-01|74.08|74.1|73.69|73.87
2023-03-02|73.48|74.05|73.48|73.96
2023-03-03|74.29|74.81|74.17|74.72
2023-03-06|74.89|74.99|74.66|74.72
2023-03-07|74.73|74.77|74.18|74.19
2023-03-08|74.24|74.36|73.69|73.84
2023-03-09|73.91|74.22|73.35|73.43
2023-03-10|73.48|73.95|73.17|73.44
2023-03-13|73.19|73.98|72.83|73.04
2023-03-14|73.69|73.91|73.27|73.57
2023-03-15|72.81|73.4|72.61|73.33
2023-03-16|73.13|73.95|73.02|73.81
2023-03-17|73.44|73.775|73.235|73.37
2023-03-20|73.23|73.56|73.07|73.17
2023-03-21|73.65|74.075|73.495|73.97
2023-03-22|73.98|74.79|73.71|74.04
2023-03-23|74.03|74.37|73.52|73.75
2023-03-24|73.45|73.69|73.39|73.6
2023-03-27|73.75|73.86|73.42|73.42
2023-03-28|73.28|73.475|73.135|73.38
2023-03-29|73.65|74.31|73.65|74.3
2023-03-30|74.47|74.75|74.27|74.74
2023-03-31|74.97|75.65|74.95|75.55
2023-04-03|75.14|75.3|74.97|75.15
2023-04-04|75.15|75.26|74.845|74.93
2023-04-05|74.88|74.95|74.42|74.51
2023-04-06|74.39|74.96|74.29|74.84
2023-04-10|74.58|74.81|74.41|74.77
2023-04-11|74.77|75.1|74.71|74.93
2023-04-12|75.31|75.38|74.845|74.91
2023-04-13|75.04|75.62|75.04|75.42
2023-04-14|75.4|75.55|75.08|75.28
2023-04-17|75.07|75.16|74.81|75.08
2023-04-18|75.26|75.36|74.98|75.13
2023-04-19|74.83|74.99|74.78|74.83
2023-04-20|74.65|74.875|74.55|74.76
2023-04-21|74.88|75.03|74.695|74.99
2023-04-24|75.03|75.26|74.95|75.2
2023-04-25|75.16|75.295|75.01|75.08
2023-04-26|75.06|75.115|74.68|74.79
2023-04-27|74.93|75.25|74.8|75.04
2023-04-28|75.06|75.48|75.06|75.36
2023-05-01|74.93|75|74.53|74.69
2023-05-02|74.69|74.74|74.37|74.62
2023-05-03|74.7|75.04|74.555|74.58
2023-05-04|74.38|74.41|74.09|74.36
2023-05-05|74.58|74.86|74.48|74.76
2023-05-08|74.7|74.7|74.38|74.55
2023-05-09|74.35|74.48|74.27|74.36
2023-05-10|74.77|74.92|74.53|74.81
2023-05-11|74.74|74.77|74.61|74.69
2023-05-12|74.68|74.79|74.28|74.42
2023-05-15|74.43|74.49|74.3|74.4
2023-05-16|74.26|74.28|73.81|73.88
2023-05-17|73.96|74.34|73.93|74.08
2023-05-18|73.86|74.185|73.81|74.12
2023-05-19|74.19|74.36|74.07|74.2
2023-05-22|74.22|74.67|74.22|74.53
2023-05-23|74.39|74.48|74.07|74.14
2023-05-24|73.93|74.02|73.475|73.62
2023-05-25|73.89|73.905|73.55|73.57
2023-05-26|73.65|74.11|73.621|74.02
2023-05-30|74.35|74.35|74.09|74.34
2023-05-31|74.14|74.245|73.95|74.11
2023-06-01|73.8|74.31|73.78|74.2
2023-06-02|74.46|74.765|74.3|74.58
2023-06-05|74.52|74.55|74.34|74.52
2023-06-06|74.45|74.66|74.32|74.64
2023-06-07|74.7|74.79|74.14|74.23
2023-06-08|74.23|74.74|74.23|74.7
2023-06-09|74.76|74.865|74.69|74.72
2023-06-12|74.79|74.8|74.48|74.64
2023-06-13|74.83|74.94|74.62|74.73
2023-06-14|74.8|74.99|74.41|74.76
2023-06-15|74.86|75.145|74.815|75.12
2023-06-16|75.09|75.11|74.9|74.93
2023-06-20|74.81|74.925|74.73|74.73
2023-06-21|74.58|74.7|74.39|74.54
2023-06-22|74.37|74.48|74.3|74.32
2023-06-23|74.21|74.26|74|74.19
2023-06-26|74.2|74.33|74.09|74.23
2023-06-27|74.31|74.55|74.29|74.48
2023-06-28|74.47|74.91|74.42|74.91
2023-06-29|74.64|74.72|74.43|74.71
2023-06-30|74.96|75.24|74.89|75.07
2023-07-03|74.68|74.69|74.52|74.55
2023-07-05|74.52|74.54|74.2|74.32
2023-07-06|73.78|73.86|73.58|73.78
2023-07-07|73.76|74.33|73.73|73.85
2023-07-10|73.92|74.3|73.91|74.22
2023-07-11|74.41|74.62|74.29|74.62
2023-07-12|75.09|75.31|75.02|75.2
2023-07-13|75.5|75.73|75.41|75.65
2023-07-14|75.57|75.63|75.05|75.1
2023-07-17|75.06|75.36|75|75.24
2023-07-18|75.3|75.55|75.27|75.45
2023-07-19|75.59|75.65|75.46|75.51
2023-07-20|75.21|75.3|74.98|75.18
2023-07-21|75.2|75.49|75.2|75.37
2023-07-24|75.43|75.54|75.22|75.24
2023-07-25|75.16|75.27|75.06|75.19
2023-07-26|75.16|75.56|75.12|75.49
2023-07-27|75.63|75.6878|74.73|74.89
2023-07-28|75.21|75.38|75.145|75.32
2023-07-31|75.42|75.6|75.38|75.5
2023-08-01|74.96|74.96|74.675|74.77
2023-08-02|74.45|74.52|74.26|74.45
2023-08-03|74.21|74.355|74.09|74.21
2023-08-04|74.65|74.94|74.57|74.65
2023-08-07|74.79|74.835|74.6|74.79
2023-08-08|74.74|75|74.66|74.95
2023-08-09|74.96|75.05|74.8|74.96
2023-08-10|75.01|75.35|74.74|74.94
2023-08-11|74.68|74.855|74.58|74.83
2023-08-14|74.7|74.93|74.565|74.82
2023-08-15|74.62|74.79|74.55|74.58
2023-08-16|74.55|74.75|74.35|74.35
2023-08-17|74.39|74.42|73.86|74.04
2023-08-18|73.89|74.32|73.86|74.09
2023-08-21|74.08|74.14|73.84|74.07
2023-08-22|74.23|74.255|74.05|74.11
2023-08-23|74.4|74.815|74.395|74.71
2023-08-24|74.72|74.72|74.22|74.3
2023-08-25|74.32|74.7|74.26|74.61
2023-08-28|74.9|74.93|74.69|74.89
2023-08-29|74.81|75.36|74.775|75.36
2023-08-30|75.36|75.48|75.26|75.33
2023-08-31|75.27|75.38|75.155|75.28
2023-09-01|75.19|75.24|74.85|75.07
2023-09-05|74.96|74.96|74.52|74.58
2023-09-06|74.51|74.55|74.25|74.4
2023-09-07|74.28|74.69|74.28|74.65
2023-09-08|74.8|74.88|74.56|74.62
2023-09-11|74.72|74.75|74.57|74.75
2023-09-12|74.56|74.755|74.56|74.63
2023-09-13|74.6|74.91|74.6|74.83
2023-09-14|74.91|75|74.83|74.92
2023-09-15|74.7|74.85|74.64|74.64
2023-09-18|74.55|74.765|74.55|74.69
2023-09-19|74.53|74.64|74.41|74.46
2023-09-20|74.63|74.76|74.39|74.4
2023-09-21|74.1|74.16|73.87|73.87
2023-09-22|74.02|74.27|73.99|74
2023-09-25|73.81|74.03|73.73|73.9
2023-09-26|73.84|73.89|73.53|73.58
2023-09-27|73.79|73.85|73.35|73.48
2023-09-28|73.35|73.86|73.31|73.83
2023-09-29|74.14|74.21|73.71|73.72
2023-10-02|73.1|73.24|72.8|72.89
2023-10-03|72.6|72.795|72.12|72.15
2023-10-04|72.32|72.625|72.12|72.52
2023-10-05|72.47|72.68|72.4|72.59
2023-10-06|72.3|72.82|72.1|72.69
2023-10-09|72.7|73.24|72.7|73.23
2023-10-10|73.04|73.445|72.95|73.21
2023-10-11|73.35|73.435|72.88|73.2
2023-10-12|73.17|73.17|72.59|72.81
2023-10-13|73.01|73.235|72.68|72.75
2023-10-16|72.72|72.91|72.665|72.73
2023-10-17|72.42|72.61|72.29|72.39
2023-10-18|72.31|72.46|71.99|72.04
2023-10-19|72.04|72.4|71.78|71.78
2023-10-20|71.86|72.09|71.82|71.93
2023-10-23|71.77|72.42|71.68|72.22
2023-10-24|72.41|72.62|72.33|72.59
2023-10-25|72.41|72.47|72.12|72.2
2023-10-26|72.21|72.58|72.1|72.45
2023-10-27|72.52|72.605|72.23|72.36
2023-10-30|72.35|72.5|72.27|72.38
2023-10-31|72.41|72.8|72.38|72.57
2023-11-01|72.28|72.87|72.28|72.87
2023-11-02|73.33|73.79|73.32|73.69
2023-11-03|74.15|74.46|74|74.41
2023-11-06|74.24|74.39|74.04|74.11
2023-11-07|74.06|74.21|73.895|74.12
2023-11-08|74.1|74.23|74.06|74.16
2023-11-09|74.05|74.19|73.68|73.7
2023-11-10|73.91|74.1|73.87|74.06
2023-11-13|73.79|74.06|73.79|73.99
2023-11-14|74.62|74.93|74.62|74.74
2023-11-15|74.61|74.71|74.43|74.5
2023-11-16|74.53|74.665|74.45|74.6
2023-11-17|74.61|74.77|74.48|74.77
2023-11-20|74.65|74.95|74.65|74.85
2023-11-21|74.8|74.97|74.8|74.95
2023-11-22|75.05|75.16|74.88|75.08
2023-11-24|75.02|75.03|74.95|75
2023-11-27|75|75.2|74.93|75.11
2023-11-28|75.1|75.47|75.05|75.44
2023-11-29|75.74|76.04|75.71|75.85
2023-11-30|75.82|75.86|75.48|75.71
2023-12-01|75.29|76.01|75.2|75.99
2023-12-04|75.55|75.85|75.55|75.8
2023-12-05|75.67|75.96|75.67|75.87
2023-12-06|75.96|76.03|75.83|75.88
2023-12-07|75.99|76.14|75.92|76.01
2023-12-08|75.81|75.91|75.67|75.86
2023-12-11|75.8|75.82|75.57|75.81
2023-12-12|75.77|76.01|75.595|75.98
2023-12-13|76.1|77.15|76.06|77.14
2023-12-14|77.13|77.38|76.95|77.1
2023-12-15|77.03|77.35|76.75|76.93
2023-12-18|77.08|77.08|76.73|76.98
2023-12-19|77.07|77.29|77.04|77.2
2023-12-20|77.29|77.54|77.17|77.21
2023-12-21|77.51|77.63|77.32|77.56
2023-12-22|77.69|77.75|77.4242|77.47
2023-12-26|77.5|77.63|77.48|77.62
2023-12-27|77.67|78.08|77.615|77.94
2023-12-28|77.9|77.91|77.54|77.69
2023-12-29|77.67|77.86|77.39|77.39
2024-01-02|77.13|77.24|77.04|77.13
2024-01-03|76.72|77.08|76.55|76.92
2024-01-04|76.81|76.9|76.6|76.62
2024-01-05|76.6|77|76.55|76.68