2018-08-01|467.5|481.5|458.5|470.5
2018-08-02|496|502|459|464
2018-08-03|459.5|463.5|445.5|453
2018-08-06|446.5|451|426|428
2018-08-07|418.5|421.5|411|414.5
2018-08-08|413.5|417|400|404.5
2018-08-09|404|414|397.5|413
2018-08-10|439.5|457.25|431|443
2018-08-13|450|484|428|482.5
2018-08-14|467|479.185|445|446
2018-08-15|480|533.75|477.5|488
2018-08-16|462|462|438|449
2018-08-17|458|464|428.5|431
2018-08-20|417.5|424|413.5|418.5
2018-08-21|415|432.5|410.5|432.5
2018-08-22|431|432|418|424.5
2018-08-23|417.5|430.5|410.5|420
2018-08-24|411.5|418|406.5|416
2018-08-27|407.5|418.5|405.5|418
2018-08-28|411|424.5|410.5|418
2018-08-29|416.5|423.5|410|417.5
2018-08-30|418.5|440.25|411.5|431
2018-08-31|436.5|439|416.5|420.5
2018-09-04|425|442.45|422|424.5
2018-09-05|429.5|447|425|429
2018-09-06|430|462|427|448.5
2018-09-07|462.5|471|447|460.5
2018-09-10|446.5|449|435.95|441
2018-09-11|448.5|453|420|420.5
2018-09-12|419|423|408.75|413
2018-09-13|400|401|394|394.5
2018-09-14|393|398|382|383
2018-09-17|382.5|401.5|379.945|399.5
2018-09-18|395.4|398.6|385.1|398
2018-09-19|380.2|380.6|371.5|376.3
2018-09-20|368.2|370.8|362.7|367.6
2018-09-21|367|370.1|359.8|368.4
2018-09-24|371.2|382.4|366.55|368.2
2018-09-25|360.5|375.3|358.9|372.9
2018-09-26|366.4|383.5|360.6|379
2018-09-27|371.7|373.3|364.5|368.1
2018-09-28|375|377.5|367.4|368
2018-10-01|353.2|368.7|350.4|361.2
2018-10-02|362.6|367.5|355.8|362.3
2018-10-03|355.4|364.9|353.9|357.2
2018-10-04|367.3|412|366.8|390.4
2018-10-05|383|435.9|373.9|402.9
2018-10-08|418.8|448.8|405|408.5
2018-10-09|424|433.8|402.3|419.5
2018-10-10|430.5|525.6|430.2|523.1
2018-10-11|512.2|628.8|491.577|591
2018-10-12|509.7|601.9|507.5|522.2
2018-10-15|543|561.5|514.7|534.4
2018-10-16|508|517.9|475|478.7
2018-10-17|476.4|527.6|476.4|487.3
2018-10-18|495.8|561|494.763|534.9
2018-10-19|526.5|555|507.5|527.6
2018-10-22|521.3|567.3|519.7|533.8
2018-10-23|600.8|626.8|548.8|563.2
2018-10-24|558.4|647.8|553.8|639.8
2018-10-25|620.8|649.204|591.1|609.3
2018-10-26|671|702.7|630|665.5
2018-10-29|629|715.9|612.3|668
2018-10-30|675.8|685.5|629.013|633.2
2018-10-31|612.1|627.5|586.6|602.3
2018-11-01|604.3|619.7|571.7|574.7
2018-11-02|560.1|612.7|546.1|577.1
2018-11-05|581.7|587.9|561.6|571.5
2018-11-06|571.5|573.5|542.6|543
2018-11-07|512.6|513.9|483.5|484.7
2018-11-08|484.2|490.5|462|479
2018-11-09|491.8|520.9|486.5|499.9
2018-11-12|501.8|567.4|499|561
2018-11-13|562|591.9|545.401|568.9
2018-11-14|550.7|615|549.4|590.1
2018-11-15|607|629|575.3|581.4
2018-11-16|596.6|603.962|537.838|541.2
2018-11-19|541.4|593.8|534.6|589.3
2018-11-20|642.7|661.5|623.601|638.4
2018-11-21|617|629.3|603|614.9
2018-11-23|633.4|640.3|613.4|622.8
2018-11-26|601.9|602.8|569.3|570.2
2018-11-27|579.4|587.6|550.5|553.8
2018-11-28|541.8|561.9|522|529.1
2018-11-29|542.8|573.796|532.5|545.5
2018-11-30|550.4|554|516.5|522.3
2018-12-03|465.1|488.2|461.7|478
2018-12-04|485|585.1|470.778|569.8
2018-12-06|639.1|685|586.2|588.7
2018-12-07|593.9|670|573.7|653.6
2018-12-10|656.4|705|637.6|651.6
2018-12-11|616.3|678|612.7|644.9
2018-12-12|617.2|638.699|606.1|637.1
2018-12-13|622.5|644.6|611.7|622.4
2018-12-14|643.8|666.9|632.2|658.7
2018-12-17|668.5|729.4|654.2|710.7
2018-12-18|688.5|743.8|687.4|717.1
2018-12-19|713.2|742.9|660|708.1
2018-12-20|737.2|798.7|718.1|767.2
2018-12-21|765.2|837.7|748.4|825.9
2018-12-24|837.3|884.3|831.1|880.8
2018-12-26|876.6|909|810.1|814.9
2018-12-27|887.8|949.499|855.5|865.3
2018-12-28|867.5|906.6|836|866.4
2018-12-31|830.8|846.8|815|817.3
2019-01-02|860|864.8|774.3|779.2
2019-01-03|803.1|859.55|799|833
2019-01-04|782.5|792.1|731.83|735.4
2019-01-07|724|741|695.854|709.5
2019-01-08|691.398|727.5|684.8|688
2019-01-09|679.2|687.5|651.4|665.2
2019-01-10|681|694.199|653.3|654.2
2019-01-11|668.6|670.3|620.5|620.5
2019-01-14|647|648.19|609.7|623.6
2019-01-15|619.8|619.8|581.2|582.6
2019-01-16|574.1|599.5|570.3|598.4
2019-01-17|606.2|607.4|576.5|589.7
2019-01-18|565|578.5|551.6|568.5
2019-01-22|578.4|656|575.8|645
2019-01-23|626.6|695.2|625.2|635
2019-01-24|638|650.5|601.5|604.6
2019-01-25|583.4|589.8|566.7|569.7
2019-01-28|601.2|632.8|599.838|606.1
2019-01-29|593.7|616.924|586.7|601.4
2019-01-30|588.639|603.5|561.192|562.8
2019-01-31|561.3|561.4|527.6|528.9
2019-02-01|525.8|532.4|515.5|520.3
2019-02-04|516.7|522.199|492.046|495.4
2019-02-05|489.4|495.2|472.8|490.1
2019-02-06|484.5|493.9|476.2|484.5
2019-02-07|507.5|539.6|496.3|509.3
2019-02-08|527.2|534.7|499.6|500
2019-02-11|490.4|503.7|485|492.7
2019-02-12|475|483.9|470.3|479.4
2019-02-13|473.6|485.3|470|476.9
2019-02-14|494.1|506.8|476.4|488.6
2019-02-15|475.5|481|463.5|464.9
2019-02-19|477.3|478.9|457|465.3
2019-02-20|460.6|461.4|437.9|439.2
2019-02-21|441.2|457|429.5|446.2
2019-02-22|435.4|437.4|420|421.3
2019-02-25|405.6|433.2|400|432.4
2019-02-26|441.9|446.299|427.6|438
2019-02-27|444.8|462.6|433.4|439
2019-02-28|440|441.34|425.951|437.4
2019-03-01|421.6|433.6|408.3|408.8
2019-03-04|401|455.769|393.8|423.8
2019-03-05|420.9|437|418.9|426.7
2019-03-06|426.5|449.9|426.5|444.7
2019-03-07|453.5|484.9|452.7|470.9
2019-03-08|493.8|505|475|475.4
2019-03-11|462|462.2|422|424
2019-03-12|417.4|420.6|405.6|405.8
2019-03-13|402.3|405.69|394.6|399.7
2019-03-14|399.9|401.4|388.1|390
2019-03-15|386.7|388.91|371.3|377.9
2019-03-18|383.1|391.9|375.3|379.8
2019-03-19|370.7|393|369.2|384.4
2019-03-20|384.2|397|371.6|389.6
2019-03-21|397.8|398.494|375.3|381.4
2019-03-22|394.2|451.8|388.2|447.9
2019-03-25|447|467.1|434.7|448.7
2019-03-26|423|430.2|409|413
2019-03-27|411.1|447.5|407.1|421.8
2019-03-28|417.8|426.6|406.6|408.4
2019-03-29|397.2|400.4|387.5|389
2019-04-01|383.6|387.8|377.1|378.5
2019-04-02|380.5|383.85|375.1|377.2
2019-04-03|367.8|389.6|366.8|381.1
2019-04-04|378.1|385.7|372|376.3
2019-04-05|369.3|372.7|364|364.3
2019-04-08|366.2|369.663|360.5|361.7
2019-04-09|369.7|384.1|365.8|380.7
2019-04-10|375.4|380|364.3|365.4
2019-04-11|357.6|361.4|352.6|354
2019-04-12|342.7|344|328.3|329.7
2019-04-15|322|343|321.45|323.3
2019-04-16|320.5|323.3|314.5|319.8
2019-04-17|311.4|331.6|311.2|322.7
2019-04-18|322.4|331.2|314.8|315.6
2019-04-22|321|324.4|310.5|310.8
2019-04-23|308.2|310.6|303.8|307.5
2019-04-24|307.5|318.6|306.7|318
2019-04-25|323.7|341.9|318.1|327
2019-04-26|323.1|330.6|310.8|310.8
2019-04-29|314.5|318.8|310.1|318.2
2019-04-30|317|331.8|315.1|317.9
2019-05-01|313.2|336.338|310.3|335.9
2019-05-02|331.3|357|328.8|337.1
2019-05-03|323.9|324.8|310.7|313.4
2019-05-06|360|364.7|335.8|338.8
2019-05-07|368.7|438.8|364.1|423.2
2019-05-08|418.4|430.4|391.75|412.9
2019-05-09|446.7|465.4|408.5|411.3
2019-05-10|416.9|431.9|363.6|364.4
2019-05-13|431.8|448|413.6|442.5
2019-05-14|419.8|424|399.3|408
2019-05-15|425.5|429.3|380.5|382.6
2019-05-16|378|378|353.7|359.3
2019-05-17|379.562|379.8|351.2|365.4
2019-05-20|380.2|390.3|363.3|373.7
2019-05-21|355.3|356|343.7|346.1
2019-05-22|347.5|348.901|335.2|339.9
2019-05-23|359.8|382.901|359.5|373.5
2019-05-24|358|369.8|352.399|362.4
2019-05-28|357.9|378.28|349.7|378.2
2019-05-29|390.4|399.9|379.8|388.1
2019-05-30|376.3|390.3|370.1|378.1
2019-05-31|406.2|409.7|390.7|401.4
2019-06-03|399.4|420.2|388.801|405.6
2019-06-04|389|396.9|372.5|373.8
2019-06-05|368.3|378.8|359.4|361.3
2019-06-06|358.8|363.7|348.8|350.9
2019-06-07|348.8|356.29|345.7|354.3
2019-06-10|347.5|357.5|345.9|349.8
2019-06-11|341.2|358.8|340.1|350.6
2019-06-12|355.4|358.9|347|348.3
2019-06-13|343|351.2|340.3|345.6
2019-06-14|349.1|354|339.5|340.8
2019-06-17|339.8|341.1|332.315|335
2019-06-18|327.4|333.7|322.1|331.1
2019-06-19|326.6|332.5|313.3|313.6
2019-06-20|305.7|330|302.3|316.3
2019-06-21|319.8|328.8|313.515|326.5
2019-06-24|322.1|325|318.2|321.3
2019-06-25|322.6|336.9|322.4|334.7
2019-06-26|325|334.4|322.3|329.9
2019-06-27|326.5|329.8|318.8|321.9
2019-06-28|317.7|320.544|312.6|314.9
2019-07-01|289.2|298.3|287|289.1
2019-07-02|289.3|290.1|272.3|273
2019-07-03|274.3|276.9|269.2|270
2019-07-05|279.3|290.9|270.3|271.5
2019-07-08|281.6|286.9|277.2|283.3
2019-07-09|294.4|295|282.7|284.2
2019-07-10|277.7|278.7|270.1|271.1
2019-07-11|266|271.8|261.8|264.5
2019-07-12|261.7|264.6|257|257.6
2019-07-15|256|260.3|254.4|256.7
2019-07-16|254.6|260|249.5|258.2
2019-07-17|254.3|266.6|251.9|266.6
2019-07-18|267.5|273.3|256.4|263.6
2019-07-19|256.4|268.3|254.3|267.5
2019-07-22|266.7|269.1|256.6|260
2019-07-23|252.8|258.7|245.3|245.9
2019-07-24|249.7|249.9|234.3|236.3
2019-07-25|239|253.5|238.7|246.4
2019-07-26|240.8|241|234.88|237.8
2019-07-29|237.7|243.7|237|240.3
2019-07-30|248.1|251.2|242.6|249.3
2019-07-31|248.9|282.9|242.3|269.9
2019-08-01|270.1|314.2|252.1|301.2
2019-08-02|302.2|324.2|299.1|306
2019-08-05|339.5|376.3|335|370.1
2019-08-06|349.1|376.6|335|335
2019-08-07|371.6|383.9|335.5|338.3
2019-08-08|327.9|334.4|305.8|308
2019-08-09|316.1|334.3|311.4|324.7
2019-08-12|333.4|361.8|330.6|357.7
2019-08-13|367.3|369.2|319.5|319.9
2019-08-14|352.9|386.6|342.8|385.8
2019-08-15|371.5|396.7|366.1|372.3
2019-08-16|361.4|361.4|339.5|341.4
2019-08-19|319.8|321.7|301.8|303.8
2019-08-20|306.4|317.5|303.8|315
2019-08-21|294.9|298.75|290|291
2019-08-22|288.7|310.4|286.85|297.7
2019-08-23|312.6|362.9|293.6|353.2
2019-08-26|328.9|355|328.3|340
2019-08-27|330.6|362.5|329.15|348.7
2019-08-28|360.6|369.3|337|337.6
2019-08-29|322.3|327|311.326|316.7
2019-08-30|307|329.9|306.8|317.5
2019-09-03|335.6|344.55|327.8|340.5
2019-09-04|319.9|328.999|308.3|308.8
2019-09-05|297.6|298.2|285.9|291.5
2019-09-06|285.7|288.7|276.5|278.1
2019-09-09|270.9|285.3|270|274.3
2019-09-10|280.7|286.084|272.2|273
2019-09-11|273|274.1|264.1|266.1
2019-09-12|259.1|264.5|252.8|256.5
2019-09-13|253|255.1|247.1|251.1
2019-09-16|258.2|260.7|250|256.5
2019-09-17|258.3|261.7|254.5|254.6
2019-09-18|251.2|261|241.6|242.1
2019-09-19|238.3|238.45|230.2|236.1
2019-09-20|232.4|256.8|230.8|253.4
2019-09-23|254.3|256.2|244.3|250.4
2019-09-24|240.9|270.8|240.1|267.8
2019-09-25|268.7|281.4|255.1|258.3
2019-09-26|258.3|269.3|257.5|261.6
2019-09-27|256.7|283.3|255|272.1
2019-09-30|268.5|268.6|256.2|260.4
2019-10-01|251.3|277.6|249.1|276.2
2019-10-02|288.9|310.7|288.9|305.8
2019-10-03|303.8|316.7|287.8|288.1
2019-10-04|284.7|285|264|264.5
2019-10-07|270.95|274.4|259.4|268.5
2019-10-08|283.4|300.9|278.7|300.7
2019-10-09|286.9|293.4|275.2|284.2
2019-10-10|284.4|285.7|268.3|270.6
2019-10-11|256.8|259.3|240|246.1
2019-10-14|247.7|247.7|234|234.4
2019-10-15|226.9|227.3|219.9|224.8
2019-10-16|224|227.7|220|220.6
2019-10-17|216|220.8|213.684|218.6
2019-10-18|220|226|214.9|217.8
2019-10-21|214.1|215.2|209|209.2
2019-10-22|207.2|214.4|205.3|214
2019-10-23|216.2|216.6|210|210.4
2019-10-24|207.1|213.2|205.3|205.5
2019-10-25|207.5|207.8|195.45|195.7
2019-10-28|194.2|199.497|193.6|198.5
2019-10-29|201.5|203|196.3|198.3
2019-10-30|198.2|205.6|190.4|191.2
2019-10-31|193.9|201.5|192.1|195
2019-11-01|186.2|187.9|181.45|182
2019-11-04|177.9|184.6|177.3|182.7
2019-11-05|184.2|188.5|183.2|187.8
2019-11-06|187.8|192.8|186.2|186.8
2019-11-07|181.5|186.5|181|184.4
2019-11-08|185.7|187.9|178.358|178.5
2019-11-11|184.2|184.8|175|177.8
2019-11-12|175.5|176.9|172.2|174.7
2019-11-13|177.1|178.5|173.425|176
2019-11-14|176.5|179.1|172.15|172.4
2019-11-15|168|169.1|160.9|161.2
2019-11-18|161|163.4|159|160.8
2019-11-19|159|164.5|158.5|163.2
2019-11-20|163.8|174.7|160.7|165.4
2019-11-21|163.9|171.1|163.4|166.4
2019-11-22|162.4|165.064|158.7|158.7
2019-11-25|153.5|153.6|147.7|148.5
2019-11-26|146.9|148.2|144.3|145.4
2019-11-27|143.7|144.55|143|144.2
2019-11-29|146.2|148.8|145.3|148.4
2019-12-02|147.7|163.3|147.61|158.7
2019-12-03|178.3|183|173.2|174.3
2019-12-04|166.2|168.2|159.2|162.4
2019-12-05|158.6|166.75|158.4|159.1
2019-12-06|150|154.1|148.9|151.2
2019-12-09|152.2|162.75|150.7|162.4
2019-12-10|161.6|167.7|158|162.7
2019-12-11|160.5|162|155.82|157.3
2019-12-12|156.6|158.2|143.3|144.5
2019-12-13|145.6|147.9|134.2|134.7
2019-12-16|128.3|130.3|126.1|130.2
2019-12-17|128|131.1|127.2|128.6
2019-12-18|126.3|130.9|125.9|130.9
2019-12-19|129.9|130.7|125.6|125.8
2019-12-20|124.9|128|124.4|128
2019-12-23|127.2|129.1|127.1|128.8
2019-12-24|127.8|128.8|126.2|126.8
2019-12-26|125.1|126.8|124.965|126.4
2019-12-27|125.6|132.3|125.4|130.3
2019-12-30|131.9|139.8|131.7|137.4
2019-12-31|139.7|140.9|128.15|128.9
2020-01-02|123.6|127.7|120.9|121.3
2020-01-03|135.5|136.133|126.5|130.1
2020-01-06|136.5|137.1|128|128.2
2020-01-07|129.1|131.5|125.2|127.3
2020-01-08|125.5|126.9|118.6|123.7
2020-01-09|118.7|120.8|116.6|116.8
2020-01-10|116.3|117.85|113.9|115.9
2020-01-13|114|115.6|111.1|111.3
2020-01-14|111.6|113.1|108.6|110.3
2020-01-15|110.1|110.7|108.4|109.7
2020-01-16|107.3|107.6|105.2|105.8
2020-01-17|105.6|109.1|105.4|106.2
2020-01-21|108.2|108.4|104|107.4
2020-01-22|104.5|108.6|104.4|108.3
2020-01-23|110.9|113.8|107.5|107.6
2020-01-24|105.5|120.6|104.9|117.2
2020-01-27|132.3|135.5|127.9|135.5
2020-01-28|130.6|131.9|122.7|123.8
2020-01-29|120.4|127|118.8|124
2020-01-30|131.3|135.2|120.9|121
2020-01-31|125.5|146.9|124.7|141
2020-02-03|135.5|138.4|128.3|134
2020-02-04|124.7|125.466|120.2|123.1
2020-02-05|116.4|121.8|115.5|115.9
2020-02-06|113.9|117.35|112.9|113.9
2020-02-07|118|120.8|114.6|116.2
2020-02-10|118.6|118.8|113.3|114.3
2020-02-11|111.2|114.8|110.3|114.5
2020-02-12|110.9|112|105.3|105.9
2020-02-13|111|112|107|109
2020-02-14|107.3|110.35|106.4|106.9
2020-02-18|109.4|112.8|107.5|109.6
2020-02-19|106.4|108.4|105.5|107.2
2020-02-20|107.899|118.3|106.6|112.7
2020-02-21|118.2|128|116.7|123.4
2020-02-24|151.2|158.5|141.3|157.2
2020-02-25|149.3|186.955|148.1|179.4
2020-02-26|171.7|184.3|162.6|174.2
2020-02-27|198|217.1|190.8|217.1
2020-02-28|254.2|261.7|221|229.2
2020-03-02|221.9|241|216|216.9
2020-03-03|217.3|262.7|203.6|254.9
2020-03-04|237|251.1|227|232.5
2020-03-05|263.9|301.8|255.9|287.1
2020-03-06|366.8|383.1|327.8|334.5
2020-03-09|520.4|529|428.5|457.7
2020-03-10|389.2|463.209|383|404.5
2020-03-11|455.6|503.2|447.4|482.2
2020-03-12|612|680|542.4|650.2
2020-03-13|550|698|546.8|572.4
2020-03-16|790|945|737|901.4
2020-03-17|850|968|780|872.3
2020-03-18|1045.712|1350|953.32|1106.3
2020-03-19|1212.1|1302.3|798.201|940.9
2020-03-20|878.8|971.3|723.3|911.1
2020-03-23|830|884.9|655.801|699.3
2020-03-24|505.9|624.7|460.9|604
2020-03-25|630|720.19|623.035|680
2020-03-26|650.6|662.3|580|591.8
2020-03-27|667.2|676.3|632.3|667.7
2020-03-30|665.2|698.3|632.25|634.2
2020-03-31|639|644.6|570.7|585.6
2020-04-01|645|674|601.6|659.3
2020-04-02|647|664.2|601.1|604.1
2020-04-03|596.8|613|558.6|565.9
2020-04-06|507.257|522.8|493.5|506
2020-04-07|484.378|532.7|480.9|527
2020-04-08|519.6|533.8|500.7|509.6
2020-04-09|506|518.2|490.8|494.7
2020-04-13|490.1|508.95|477.5|478
2020-04-14|437.7|442.1|413.8|421
2020-04-15|463|487.8|452.4|472.2
2020-04-16|476|497.4|469.3|475.3
2020-04-17|448|470.7|442.6|446.5
2020-04-20|481.8|513.7|465|512.6
2020-04-21|567|606.5|562.7|574.4
2020-04-22|545.7|559|524.7|533.8
2020-04-23|523|546.4|506.9|531
2020-04-24|516.2|526.6|484.4|487
2020-04-27|465.7|466.6|421.9|431
2020-04-28|409.2|449.401|405.9|441.8
2020-04-29|404.641|406.5|387.1|401.2
2020-04-30|413.1|442.2|413.1|419.3
2020-05-01|472.5|490.3|460.401|476
2020-05-04|500|506.8|457.8|459.8
2020-05-05|434.6|436.5|413.1|431.8
2020-05-06|420.5|441.7|415.301|440.5
2020-05-07|417.7|421.801|406.2|412.7
2020-05-08|394.4|399|370|370.5
2020-05-11|383|385.7|330.8|333.3
2020-05-12|317.6|384|314.2|384
2020-05-13|388.711|467.1|376.8|440.6
2020-05-14|474.8|496.3|407.5|407.5
2020-05-15|435.8|446.1|391.9|392.3
2020-05-18|352.9|364.3|346.6|354.4
2020-05-19|356.5|381.7|344.9|380
2020-05-20|353.9|365.579|343.5|345
2020-05-21|345.4|369.2|338.343|357.1
2020-05-22|362.1|370.9|351.2|352.8
2020-05-26|328|349.7|326.8|346.6
2020-05-27|332.978|368.501|331.1|334.6
2020-05-28|340.2|359.8|334.7|353.8
2020-05-29|357.1|368.5|335.3|335.7
2020-06-01|347.8|350|335.4|338.5
2020-06-02|336|342.2|324.1|324.9
2020-06-03|314.7|317.4|301.4|304
2020-06-04|306.2|310.65|286.6|299.8
2020-06-05|272.399|281.4|270.4|275.5
2020-06-08|274.3|288.6|272.4|284.7
2020-06-09|296.8|308.8|293.74|305.9
2020-06-10|308.8|317.413|285.197|303.4
2020-06-11|353.3|466.5|332.4|455.6
2020-06-12|399.5|510|383|404.6
2020-06-15|458|479.599|382.7|388
2020-06-16|350|407.5|346.33|376.9
2020-06-17|370.8|392.5|368.2|375.3
2020-06-18|385.2|391.299|366.1|366.9
2020-06-19|352.7|394.2|348.8|375
2020-06-22|378.8|386.5|345|347.2
2020-06-23|323.3|340.8|322|336.2
2020-06-24|355.1|394.2|340.4|370.9
2020-06-25|380.133|391.413|348.4|349
2020-06-26|350.5|387.5|349.3|381.4
2020-06-29|372|390.4|353|353.8
2020-06-30|358.2|359.8|322.7|327.7
2020-07-01|319.1|327.5|309.3|313.1
2020-07-02|293.5|307.896|286.099|303.7
2020-07-06|289.3|309.1|288.4|303.6
2020-07-07|308|320.9|295.3|319.5
2020-07-08|311.6|327.8|306.2|307.3
2020-07-09|308|335.2|304.4|315
2020-07-10|317.6|327.8|301.4|302.3
2020-07-13|296.5|346.9|295.8|345.6
2020-07-14|345.2|356.2|313.9|315.3
2020-07-15|300.7|321.8|300.1|302.3
2020-07-16|311.7|312.9|292.5|295
2020-07-17|290.25|294.4|278.1|279.5
2020-07-20|273.6|275.503|252.8|259.5
2020-07-21|249.3|267.8|245.3|263
2020-07-22|265.7|271.1|258|258.2
2020-07-23|254.8|278.5|252.363|270.7
2020-07-24|283.4|289.299|271.6|272.5
2020-07-27|266.7|272.3|259.4|259.7
2020-07-28|260.6|263.7|246|258.2
2020-07-29|252.4|257.4|248.3|250.3
2020-07-30|267.1|285.6|255.9|258.9
2020-07-31|248.8|268.4|248|250.5
2020-08-03|246.7|252.599|244.1|248.5
2020-08-04|247.3|247.3|236.7|237.7
2020-08-05|232|236.5|229.1|230
2020-08-06|231.2|233.8|225.1|226.7
2020-08-07|230.6|231.501|220.6|224.3
2020-08-10|218.9|223.85|212.7|214.3
2020-08-11|206|231.2|204.8|229
2020-08-12|215.7|217|207.8|210.6
2020-08-13|212.2|214.6|202.9|210.3
2020-08-14|213.1|215.824|208.15|209.9
2020-08-17|203|205.4|197.1|199.1
2020-08-18|196.4|203.3|193.2|195.8
2020-08-19|193.4|203.199|191.5|201.4
2020-08-20|212.9|214.2|196.7|198.2
2020-08-21|203.2|204.5|197.801|199.2
2020-08-24|190.9|201.3|190.4|198
2020-08-25|199.5|207.9|194.6|196.6
2020-08-26|194.7|204.8|187.5|203.1
2020-08-27|200|236.9|197|212.3
2020-08-28|216.4|229.8|206|211.1
2020-08-31|219.3|229.5|212.2|226.5
2020-09-01|226.7|234.4|224|232.4
2020-09-02|231.5|243.909|230.2|240.8
2020-09-03|245.1|302.798|232.299|289
2020-09-04|279.2|321.8|245.7|253
2020-09-08|282|284.7|241.5|243.2
2020-09-09|233.4|237.199|218|224.4
2020-09-10|221.2|236|218.3|227.8
2020-09-11|218.6|228.5|207.6|208
2020-09-14|203.9|207|198|202.3
2020-09-15|199.6|207.4|197.9|201.9
2020-09-16|199.8|201.1|192.8|200.6
2020-09-17|210.1|211|192.7|194.5
2020-09-18|191.8|201|185.5|194.1
2020-09-21|205.7|220.9|201.7|203
2020-09-22|202.6|213.8|202.6|205.5
2020-09-23|204.4|222.2|203.004|222.1
2020-09-24|221.841|225.9|210.1|216
2020-09-25|215.8|218.4|205.8|207.8
2020-09-28|205.1|208.9|204.2|206.5
2020-09-29|207|207.1|195.7|200.3
2020-09-30|196.299|202.8|192.5|199.2
2020-10-01|196.4|205.7|196.2|201.1
2020-10-02|216.499|217.6|204.501|210.3
2020-10-05|207.2|210.4|198|200.3
2020-10-06|197.7|207.3|192.25|204.1
2020-10-07|198.5|199.9|192.6|194.6
2020-10-08|191.3|192.9|182.4|183.3
2020-10-09|174.4|174.9|168.6|168.9
2020-10-12|164.2|168.599|163|163.9
2020-10-13|166.7|172|164.9|166.7
2020-10-14|164.8|168.4|160.6|164.4
2020-10-15|175.2|177.5|165.8|166.7
2020-10-16|166.2|168.3|162.5|167.9
2020-10-19|167|181|166.4|179.3
2020-10-20|177.5|180.8|175.1|179
2020-10-21|177.7|181.2|171.1|172.7
2020-10-22|172.3|174.7|164.4|166.8
2020-10-23|166|172.7|165.4|167.2
2020-10-26|173.1|194|170.47|189.9
2020-10-27|189.7|195.6|184.65|190.7
2020-10-28|212.3|232|208.523|231.4
2020-10-29|224.6|231.3|196.8|206.8
2020-10-30|212.1|222.2|207.4|215.8
2020-11-02|201.3|213.6|200.6|208.8
2020-11-03|199.7|201.566|187.9|191.8
2020-11-04|180|180.501|165|166.7
2020-11-05|158.9|165.3|156.5|162.1
2020-11-06|160.101|160.797|146.3|146.7
2020-11-09|131.4|141.8|121.8|141.8
2020-11-10|136.3|144|134.5|134.9
2020-11-11|131.8|134.4|126.4|130.6
2020-11-12|133|148.2|130.9|143.7
2020-11-13|136.6|136.6|127.3|130.5
2020-11-16|125.5|132.8|125.4|126
2020-11-17|129.5|130.7|122.3|122.5
2020-11-18|120.7|129.6|118.8|128.8
2020-11-19|127.4|130.3|122.8|126
2020-11-20|125.8|126.299|121.9|125.1
2020-11-23|122.9|126.8|120|123
2020-11-24|119.3|123|119|119.9
2020-11-25|120.4|122.5|113|113
2020-11-27|111.9|115.8|110.5|114.4
2020-11-30|115.5|121|111.1|111.5
2020-12-01|110|113.5|108.6|112.9
2020-12-02|113.2|113.3|108.4|111.9
2020-12-03|110|115|109.5|113.5
2020-12-04|111.4|111.6|109|110.6
2020-12-07|112.2|113.2|110.7|111.2
2020-12-08|112.7|113|105.5|105.7
2020-12-09|103.8|112.8|102.6|111.4
2020-12-10|112.599|114|108.3|112.8
2020-12-11|117|123.8|114.5|119.4
2020-12-14|113.2|123.6|111.8|123.6
2020-12-15|119|121.2|114.5|114.8
2020-12-16|114.5|116.05|109|109.1
2020-12-17|109.5|110.29|105.4|106.8
2020-12-18|108.1|114.7|108|110.2
2020-12-21|126.4|133|119.3|122.5
2020-12-22|120.8|123.4|118.8|119.7
2020-12-23|116|116.3|109.3|112.6
2020-12-24|110.1|110.204|107.6|107.6
2020-12-28|105.2|107.2|104.5|106.9
2020-12-29|104.8|116|104.6|112.8
2020-12-30|112|112.8|106.1|107
2020-12-31|106.5|109.2|103.5|106.5
2021-01-04|106.4|125.7|106.2|120.3
2021-01-05|124.8|124.85|113|114.7
2021-01-06|112.8|117.9|103.75|113.5
2021-01-07|106.2|107.09|103.4|103.5
2021-01-08|102.5|107.5|101|102.1
2021-01-11|107.7|111.8|105.2|110.9
2021-01-12|107.4|112.287|105.1|105.7
2021-01-13|105.6|106.7|101.8|103.2
2021-01-14|101.8|105.8|100|104.9
2021-01-15|107.1|112.7|105|109
2021-01-19|104.8|107.3|103.4|104.2
2021-01-20|102.3|104.595|100.5|101.3
2021-01-21|101.4|103.9|100|100
2021-01-22|103.8|104.6|100.3|101.9
2021-01-25|103.6|114.9|102.5|108.5
2021-01-26|105.5|106.9|102.6|105.5
2021-01-27|114|141.5|113.7|138.7
2021-01-28|129.5|138.75|123.8|134.4
2021-01-29|138.9|153.7|127.65|146.4
2021-02-01|136.4|148.9|131.1|134.4
2021-02-02|124.5|125|115.2|117.2
2021-02-03|113.3|115.9|107.9|108.3
2021-02-04|104.7|105|101.1|101.2
2021-02-05|100.3|103.9|100.297|100.5
2021-02-08|100|102.2|99.7|99.8
2021-02-09|101.4|102.5|98.2|100.1
2021-02-10|99.1|106.9|98.8|102.5
2021-02-11|100.6|106|98.9|99.1
2021-02-12|100.4|100.9|93.7|94.2
2021-02-16|94.7|97.1|92.7|95.6
2021-02-17|97.8|100.197|92.2|92.4
2021-02-18|96.5|98.2|91.9|93.5
2021-02-19|91.8|92.4|86.6|88.1
2021-02-22|92.6|93.8|88.6|93.6
2021-02-23|94.5|101.5|87.7|87.9
2021-02-24|91.4|92.8|82.4|82.8
2021-02-25|85.3|105.95|83.3|102.3
2021-02-26|96|108|92.1|95.4
2021-03-01|87|87|83.3|85.2
2021-03-02|85.1|86.7|83.4|86.1
2021-03-03|85.1|91.7|84|91.6
2021-03-04|89.9|103.5|86.9|97.5
2021-03-05|91.8|101.6|86.6|87.2
2021-03-08|87.3|90.4|84.5|89.2
2021-03-09|85.6|86.25|82.5|84
2021-03-10|80.6|83.3|80.6|82.5
2021-03-11|80.5|80.7|78.5|79
2021-03-12|81.5|81.9|77.1|77.4
2021-03-15|76.7|77.6|70.1|70.6
2021-03-16|70.3|70.7|67.4|70.6
2021-03-17|71.6|72.2|65.7|65.8
2021-03-18|68|72.3|65.9|71.4
2021-03-19|70.6|73.5|66.7|67.2
2021-03-22|66|66.587|59.9|60.5
2021-03-23|61.2|66.6|60.9|65
2021-03-24|62.8|65.9|60.9|65.6
2021-03-25|66.3|71.2|62.2|62.8
2021-03-26|61|64.699|57.9|58.9
2021-03-29|61.1|63.7|60.1|61.1
2021-03-30|61.1|62.1|57|57.1
2021-03-31|56.2|58.2|54.801|56.5
2021-04-01|55.3|55.8|53.2|53.9
2021-04-05|51.3|52.65|51|51.4
2021-04-06|51.6|52.3|50.4|52
2021-04-07|51.8|52|49.5|49.9
2021-04-08|48.7|49.4|47.9|48.6
2021-04-09|49.3|49.7|47.3|48.5
2021-04-12|49|50.5|47.4|47.7
2021-04-13|47.5|48.2|46.3|46.9
2021-04-14|47.2|48.7|46.6|48.4
2021-04-15|46.7|47|45.7|46.1
2021-04-16|46|46.5|44.4|44.8
2021-04-19|45.5|49.3|45.2|47.4
2021-04-20|48.3|51.4|47.7|48.8
2021-04-21|49.4|50.3|44.7|45.1
2021-04-22|44.8|50.5|44.5|49.3
2021-04-23|48.5|48.9|44.9|46.4
2021-04-26|45.7|46.8|45.4|45.7
2021-04-27|45.5|46.5|44.1|44.5
2021-04-28|44.2|45|43.5|44.2
2021-04-29|42.8|46.4|42.7|43.7
2021-04-30|45|47|44.2|46.3
2021-05-03|44.7|45.4|43.6|43.9
2021-05-04|45.6|50|45.1|46.4
2021-05-05|45.2|46.8|43.4|44.7
2021-05-06|44.8|47.5|44|44.2
2021-05-07|44.2|44.4|40.2|40.6
2021-05-10|40.3|43.2|39.3|43.2
2021-05-11|46.9|49.5|44.7|47.8
2021-05-12|50.7|63.1|50.4|60.6
2021-05-13|55.4|55.4|49.9|51.8
2021-05-14|47.8|47.8|42.1|42.5
2021-05-17|43.8|47.3|42.7|44.7
2021-05-18|43.8|45.9|42.3|45.5
2021-05-19|50.3|55.6|48.3|48.9
2021-05-20|46.8|47.9|44.1|44.9
2021-05-21|43.7|44.9|42.9|43.8
2021-05-24|42.7|42.7|40.3|40.9
2021-05-25|40.7|42|40.4|40.9
2021-05-26|40.05|40.25|37.78|38.12
2021-05-27|37.4|37.44|34.92|35.27
2021-05-28|34.75|36.22|34.48|36.16
2021-06-01|34.7|37.44|34.48|37.21
2021-06-02|36.68|37.26|35.16|35.98
2021-06-03|37.56|38.41|36.13|36.84
2021-06-04|35.2|35.2|33.81|34.14
2021-06-07|33.91|34.48|33|33.07
2021-06-08|32.81|34.74|32.65|33.68
2021-06-09|33.12|34.82|33.06|34.57
2021-06-10|33.13|33.37|31.33|31.51
2021-06-11|30.6|30.64|29.74|30.04
2021-06-14|29.97|31.36|29.82|30.48
2021-06-15|30.72|31.87|30.53|31.5
2021-06-16|30.9|33.17|30.05|31.94
2021-06-17|32.04|32.69|30|31.72
2021-06-18|33.86|36.12|32.56|35.89
2021-06-21|33.96|35.5|31.67|32.46
2021-06-22|32.83|33.01|30|30
2021-06-23|29.41|29.61|28.68|29.16
2021-06-24|28|28.51|27.87|28.21
2021-06-25|28.1|28.5602|27.51|27.54
2021-06-28|27.22|28.17|27.0577|27.51
2021-06-29|27.22|28.48|27.135|28.34
2021-06-30|28.68|28.95|27.59|27.98
2021-07-01|27.45|27.86|27.15|27.28
2021-07-02|26.28|27.41|25.95|27.13
2021-07-06|26.78|29.29|26.75|28.04
2021-07-07|27.64|29.56|27.54|28.16
2021-07-08|31.84|32.24|30.16|30.89
2021-07-09|29.49|29.79|27.57|27.96
2021-07-12|27.9|28.0987|27.22|27.56
2021-07-13|27.55|28.18|26.63|28.03
2021-07-14|27.01|28.54|26.7|27.07
2021-07-15|28.09|28.61|27.3913|27.69
2021-07-16|26.77|29.45|26.5|29.36
2021-07-19|31.88|38.74|31.48|35.65
2021-07-20|35.17|36.07|30.41|31.1
2021-07-21|30.04|30.2|28.03|28.16
2021-07-22|28.39|29.56|27.8106|28.84
2021-07-23|27.94|28.82|27.835|28.68
2021-07-26|29.17|29.69|28.02|28.04
2021-07-27|28.92|31.6|28.9|29.38
2021-07-28|28.95|30.22|27.5575|28.29
2021-07-29|27.99|27.99|27.2|27.5
2021-07-30|28.93|29|27.52|28.54
2021-08-02|28|30.37|27.839|30.15
2021-08-03|29.47|30.65|27.87|27.91
2021-08-04|28.66|28.79|27.41|27.83
2021-08-05|27.44|27.49|26.78|26.82
2021-08-06|26.5|26.655|25.75|25.79
2021-08-09|25.73|26.1|25.055|25.4
2021-08-10|24.96|25.245|24.31|24.75
2021-08-11|24.36|24.73|23.58|23.74
2021-08-12|23.89|24.08|22.61|22.95
2021-08-13|22.55|23.21|22.3597|23.02
2021-08-16|23.91|24.65|23.1|23.14
2021-08-17|24.17|26.05|23.6849|24.22
2021-08-18|24.74|27.06|24.21|26.7
2021-08-19|28.65|29.24|26.54|28.03
2021-08-20|27.39|27.62|24.55|24.9
2021-08-23|23.85|23.86|23|23.6
2021-08-24|23.44|23.75|23.24|23.5
2021-08-25|23.41|23.54|22.6|22.7
2021-08-26|23.19|24.61|22.8823|24.14
2021-08-27|23.52|23.63|22.05|22.31
2021-08-30|21.96|22.375|21.75|21.96
2021-08-31|22.18|22.46|21.8|21.81
2021-09-01|21.61|21.94|20.77|21.09
2021-09-02|20.64|21.55|20.601|20.93
2021-09-03|21.49|21.77|20.87|21.24
2021-09-07|21.39|22.21|21.31|21.87
2021-09-08|22.5|23.07|21.79|21.88
2021-09-09|22.13|22.7|21.15|22.61
2021-09-10|21.41|24.06|21.11|23.86
2021-09-13|22.33|24.18|22.1402|22.57
2021-09-14|22.04|23.64|21.82|23.1
2021-09-15|22.44|23.16|21.47|21.7
2021-09-16|21.91|22.66|21.04|21.38
2021-09-17|21.56|23.5816|21.33|23.48
2021-09-20|26.26|30.81|25.361|27.31
2021-09-21|26.03|28.18|25.2|25.86
2021-09-22|24.88|25.37|22.88|23.68
2021-09-23|22.52|22.63|21.32|21.48
2021-09-24|22.22|22.27|20.38|20.49
2021-09-27|20.62|21.04|20.18|20.74
2021-09-28|22.08|24.6999|21.75|23.93
2021-09-29|23.79|24.82|23.33|24.53
2021-09-30|23.56|25.19|22.71|24.55
2021-10-01|23.78|25.03|22.34|23.21
2021-10-04|23.25|25.48|22.94|24.17
2021-10-05|23.86|24.17|22.18|22.99
2021-10-06|23.5|25.055|22.33|22.44
2021-10-07|21.8|21.83|21.08|21.25
2021-10-08|20.81|21.11|20.36|20.59
2021-10-11|20.89|21.04|19.81|21.01
2021-10-12|20.51|21.0899|20.03|20.37
2021-10-13|20.2|20.82|19.7|19.79
2021-10-14|18.85|18.97|18.13|18.16
2021-10-15|17.92|18.26|17.41|18.17
2021-10-18|18.55|18.63|17.58|17.58
2021-10-19|17.45|17.68|17.2239|17.37
2021-10-20|17.42|17.49|17.03|17.11
2021-10-21|17.3|17.42|16.21|16.34
2021-10-22|16.34|17.39|16.07|16.78
2021-10-25|16.59|17.0599|16.04|16.06
2021-10-26|15.79|17.08|15.77|16.49
2021-10-27|16.45|17.1801|15.9|17.07
2021-10-28|16.66|16.77|16.22|16.3
2021-10-29|16.93|16.97|16.34|16.44
2021-11-01|16.26|17|16.055|16.13
2021-11-02|16.07|16.07|15.45|15.5
2021-11-03|15.51|15.69|14.47|14.63
2021-11-04|14.41|15.28|14.26|14.94
2021-11-05|14.72|15.8799|14.645|15.75
2021-11-08|15.4|16.26|15.325|15.77
2021-11-09|15.98|16.79|15.92|16.19
2021-11-10|16.71|17.25|15.77|16.62
2021-11-11|16.08|16.37|15.59|16.12
2021-11-12|15.71|15.92|15.16|15.24
2021-11-15|14.98|15.73|14.95|14.95
2021-11-16|15.15|15.1697|14.68|15.02
2021-11-17|14.98|15.46|14.85|15.39
2021-11-18|15.18|15.93|15.07|15.63
2021-11-19|15.71|16.175|15.4|15.93
2021-11-22|15.41|16.42|15.24|16.31
2021-11-23|16.32|16.81|15.65|15.76
2021-11-24|16.36|16.78|15.29|15.41
2021-11-26|18.2|22|17.77|21.18
2021-11-29|18.01|18.24|16.095|16.84
2021-11-30|18.3|20.5793|17.7401|20.52
2021-12-01|18.32|22.821|17.27|22.76
2021-12-02|21.7|22.31|20.09|20.8
2021-12-03|20.5|26.22|20.26|23.5
2021-12-06|22.26|23.465|20.57|20.73
2021-12-07|18.95|18.97|16.92|17.28
2021-12-08|17.07|17.41|15.75|15.79
2021-12-09|15.82|16.94|15.4|16.42
2021-12-10|15.28|16.06|14.84|14.92
2021-12-13|15.09|16.025|15.05|15.74
2021-12-14|16.57|17.32|15.91|16.17
2021-12-15|16.35|17.3|14.45|14.48
2021-12-16|14.08|16.09|14|15.35
2021-12-17|16.25|16.82|15.2|16.1
2021-12-20|18.33|19.29|16.79|16.95
2021-12-21|16.14|16.75|15.48|15.75
2021-12-22|15.7|15.7|14.37|14.37
2021-12-23|14.18|14.25|13.89|14.15
2021-12-27|13.97|14.25|13.52|13.61
2021-12-28|13.52|13.73|13.11|13.11
2021-12-29|13.09|13.31|12.45|12.64
2021-12-30|12.5|12.77|12.175|12.6
2021-12-31|12.54|12.76|12.25|12.43
2022-01-03|12.17|12.54|11.78|11.81
2022-01-04|11.67|12.31|11.62|11.77
2022-01-05|11.9|13.18|11.51|13.18
2022-01-06|13.23|13.6|12.67|13.25
2022-01-07|13.23|13.74|12.58|12.665
2022-01-10|13.42|14.48|12.27|12.35
2022-01-11|12.59|12.98|11.63|11.67
2022-01-12|11.44|11.84|11.16|11.51
2022-01-13|11.45|12.715|11.27|12.55
2022-01-14|13.2|13.31|12.125|12.28
2022-01-18|13.08|13.88|13.04|13.68
2022-01-19|13.28|14.38|13.17|14.2
2022-01-20|13.67|15.2622|12.8601|15.11
2022-01-21|15.52|17.25|15.049|17.2
2022-01-24|19.24|22.39|17.3|17.68
2022-01-25|19.63|20.66|17.16|17.95
2022-01-26|16.76|19.1|15.6|18.43
2022-01-27|17.09|19.4|16.57|18.65
2022-01-28|18.1|19.3|16.8|16.95
2022-01-31|17.2|17.419|15.21|15.22
2022-02-01|14.78|15.43|13.5|13.57
2022-02-02|13.41|13.94|13.01|13.11
2022-02-03|14.36|15.69|13.8|15.47
2022-02-04|15.21|15.8899|13.91|14.64
2022-02-07|14.15|14.39|13.58|14.03
2022-02-08|13.85|14.2199|13.01|13.09
2022-02-09|12.52|12.745|12.31|12.34
2022-02-10|13.28|14.52|12.37|14.06
2022-02-11|14.01|17.54|13.85|16.66
2022-02-14|16.96|18.58|16.64|16.93
2022-02-15|15.18|15.7786|14.82|14.89
2022-02-16|15.19|15.66|13.9|14.03
2022-02-17|15.18|16.55|15.09|16.42
2022-02-18|16.66|17.64|16.27|17.005
2022-02-22|17.34|18.2398|16.35|16.82
2022-02-23|16.19|18.4|16.11|18.28
2022-02-24|21.34|21.3883|17.28|17.44
2022-02-25|17.23|17.76|16.03|16.37
2022-02-28|18.23|18.55|17.03|17.54
2022-03-01|18.21|20.76|17.86|20.34
2022-03-02|20.01|20.23|18.17|18.44
2022-03-03|18.16|19.365|17.79|18.64
2022-03-04|20.2|21.1|19.66|19.85
2022-03-07|19.98|22.5|19.93|22.4
2022-03-08|22.19|23.4701|20.31|22.01
2022-03-09|20.34|20.98|19.83|20.75
2022-03-10|21.15|21.31|19.34|19.37
2022-03-11|18.48|20.04|18.42|19.92
2022-03-14|19.83|21.8|18.92|20.88
2022-03-15|20.58|21.35|18.95|19.97
2022-03-16|18.84|19.33|16.86|17.05
2022-03-17|17.06|17.2698|16.21|16.62
2022-03-18|17|17.19|15.19|15.33
2022-03-21|15.34|15.94|14.51|15.09
2022-03-22|14.7|14.94|14.48|14.72
2022-03-23|15.33|15.5|14.57|14.65
2022-03-24|14.63|14.9|13.99|14.14
2022-03-25|14|14.55|13.53|13.59
2022-03-28|13.77|14.6|13.23|13.25
2022-03-29|12.7|12.81|12.2|12.33
2022-03-30|12.46|13.12|12.16|12.55
2022-03-31|12.64|13.57|12.58|13.46
2022-04-01|13.13|13.57|12.7|12.75
2022-04-04|12.6|12.747|11.735|11.78
2022-04-05|12|13.28|11.84|13.22
2022-04-06|13.89|14.8|13.52|13.64
2022-04-07|13.82|14.21|12.94|13.13
2022-04-08|13.35|13.57|12.57|13.1
2022-04-11|13.52|14.2|13.27|14.16
2022-04-12|13.68|14.465|13.19|14.4
2022-04-13|14.47|14.5199|12.83|12.94
2022-04-14|12.62|13.43|12.3|13.34
2022-04-18|13.56|13.595|12.89|13.12
2022-04-19|13.06|13.165|11.92|12.13
2022-04-20|11.81|12.16|11.56|11.7
2022-04-21|11.38|13.33|11.34|13.02
2022-04-22|13.07|15.57|12.92|15.39
2022-04-25|15.73|16.79|14.75|14.85
2022-04-26|15.27|17.34|15.25|17.23
2022-04-27|17.27|17.8|16.21|17.75
2022-04-28|16.4|17.11|15.25|16.36
2022-04-29|16.73|18.42|15.98|18.27
2022-05-02|18.38|19.76|17.7|17.84
2022-05-03|17.49|17.75|16.2|16.31
2022-05-04|15.96|16.32|13.86|14.06
2022-05-05|14.57|18.31|14.41|17.76
2022-05-06|18.14|19.65|17.3|17.38
2022-05-09|18.55|19.75|18.25|19.49
2022-05-10|18.04|19.63|17.915|18.5
2022-05-11|18.61|18.895|17.1|18.3
2022-05-12|18.75|19.345|17.635|17.82
2022-05-13|16.78|17.09|16.05|16.11
2022-05-16|15.96|16.12|15.035|15.09
2022-05-17|14.42|14.96|14.21|14.52
2022-05-18|14.97|17.82|14.85|17.65
2022-05-19|18.13|18.31|15.88|15.98
2022-05-20|15.22|17.84|15.11|16.01
2022-05-23|15.61|16.415|15.3|15.74
2022-05-24|16.13|16.9|15.64|15.75
2022-05-25|16.21|16.2267|15.04|15.28
2022-05-26|15.07|15.16|14.76|15.09
2022-05-27|14.53|14.71|14.15|14.21
2022-05-31|14.62|15.1|13.71|13.84
2022-06-01|13.57|14.77|13.36|13.69
2022-06-02|13.77|13.8999|12.93|13.26
2022-06-03|13.63|13.9|13.33|13.46
2022-06-06|13.06|13.52|12.96|13.18
2022-06-07|13.7|13.74|12.63|12.69
2022-06-08|12.89|13.1|12.55|12.65
2022-06-09|12.98|13.645|12.6701|13.55
2022-06-10|14.38|15.26|14.17|14.79
2022-06-13|16.61|18.1|15.85|17.8
2022-06-14|17.58|17.96|16.7|16.98
2022-06-15|16.38|16.45|14.7|15.55
2022-06-16|16.67|17.63|16.49|16.95
2022-06-17|16.89|17.29|15.9448|16.19
2022-06-21|15.3|15.78|14.87|15.78
2022-06-22|16.14|16.23|14.75|14.85
2022-06-23|14.66|15.375|14.59|14.79
2022-06-24|14.4|14.44|14.05|14.39
2022-06-27|14.2|14.45|13.63|13.71
2022-06-28|13.47|14.47|13.275|14.27
2022-06-29|14.4|14.83|14.1|14.37
2022-06-30|14.8|15.3962|14.37|14.53
2022-07-01|14.75|15.15|13.9|13.99
2022-07-05|14.74|15.18|13.91|14.01
2022-07-06|14.04|14.34|13.53|13.65
2022-07-07|13.51|13.55|13.11|13.44
2022-07-08|13.47|13.47|12.83|12.99
2022-07-11|13.32|13.68|13.16|13.53
2022-07-12|13.55|13.95|13.12|13.74
2022-07-13|14.23|14.32|13.21|13.39
2022-07-14|14.04|14.36|13.39|13.45
2022-07-15|13.03|13.17|12.4|12.44
2022-07-18|12.32|13.12|12.17|12.94
2022-07-19|12.57|12.72|12.31|12.69
2022-07-20|12.55|12.67|12.15|12.25
2022-07-21|12.22|12.485|11.79|11.83
2022-07-22|11.79|12.22|11.61|11.69
2022-07-25|11.68|11.8|11.34|11.5
2022-07-26|11.69|12.17|11.62|11.91
2022-07-27|11.49|11.53|10.98|11.33
2022-07-28|11.13|11.34|10.44|10.49
2022-07-29|10.42|10.57|10.21|10.32
2022-08-01|10.6|10.8988|10.34|10.82
2022-08-02|11.04|11.3599|10.47|11.03
2022-08-03|10.69|10.74|10.11|10.21
2022-08-04|10.33|10.59|10.21|10.22
2022-08-05|10.58|10.58|9.84|9.88
2022-08-08|9.88|10.19|9.5|9.91
2022-08-09|10.12|10.27|9.9|10.03
2022-08-10|9.5|9.5981|9.11|9.17
2022-08-11|9.12|9.555|9.0341|9.26
2022-08-12|9.17|9.255|8.8|9.11
2022-08-15|9.3|9.3|8.81|8.91
2022-08-16|8.94|9.14|8.83|8.98
2022-08-17|9.13|9.29|8.77|8.94
2022-08-18|8.95|9.06|8.71|8.75
2022-08-19|9|9.619|8.95|9.37
2022-08-22|9.98|10.36|9.82|10.28
2022-08-23|10.21|10.3|9.77|10.05
2022-08-24|9.92|9.99|9.43|9.52
2022-08-25|9.39|9.535|9.02|9.09
2022-08-26|9.14|10.48|9.02|10.41
2022-08-29|10.63|10.71|10.1302|10.31
2022-08-30|10.19|10.82|10.13|10.57
2022-08-31|10.25|10.4772|10|10.23
2022-09-01|10.52|10.92|10.072|10.13
2022-09-02|9.615|10.5|9.4|10.28
2022-09-06|9.95|10.665|9.89|10.6
2022-09-07|10.64|10.66|9.685|9.73
2022-09-08|10.01|10.1|9.46|9.5
2022-09-09|9.28|9.355|9.11|9.35
2022-09-12|9.1|9.455|8.98|9.27
2022-09-13|9.89|10.73|9.7|10.52
2022-09-14|10.48|10.76|10.28|10.46
2022-09-15|10.51|10.57|10.05|10.41
2022-09-16|10.82|11.21|10.32|10.4
2022-09-19|10.69|10.71|9.82|9.94
2022-09-20|10.25|10.6299|10.1201|10.46
2022-09-21|10.22|10.9282|9.89|10.92
2022-09-22|10.79|11.17|10.55|10.87
2022-09-23|11.23|12.59|11.19|11.83
2022-09-26|12.24|12.61|11.51|12.48
2022-09-27|12|13.21|11.865|12.73
2022-09-28|12.6|12.92|11.72|11.95
2022-09-29|12.43|13.24|12.4|12.49
2022-09-30|12.6|12.92|11.9|12.85
2022-10-03|12.31|12.4799|11.65|12
2022-10-04|11.28|11.57|11.17|11.31
2022-10-05|11.63|12|11.3106|11.45
2022-10-06|11.35|12.045|11.23|11.95
2022-10-07|12.2|12.85|12.13|12.71
2022-10-10|12.8|13.625|12.77|13.17
2022-10-11|13.28|13.735|12.82|13.49
2022-10-12|13.35|13.5|13.035|13.25
2022-10-13|13.59|13.62|12.52|12.69
2022-10-14|12.33|13.4758|12.21|13.14
2022-10-17|12.52|12.65|12.2|12.61
2022-10-18|12.21|12.72|12.1301|12.21
2022-10-19|12.36|12.67|12.12|12.37
2022-10-20|12.24|12.41|11.76|12.15
2022-10-21|12.03|12.13|11.68|12.07
2022-10-24|11.85|12.32|11.72|11.77
2022-10-25|11.81|11.85|11.04|11.08
2022-10-26|11.22|11.2399|10.62|10.71
2022-10-27|10.6|10.7|10.2901|10.39
2022-10-28|10.39|10.41|9.89|10.03
2022-10-31|10.14|10.14|9.76|9.81
2022-11-01|9.63|9.865|9.6|9.64
2022-11-02|9.752|10.08|9.49|10.01
2022-11-03|10.2|10.39|9.5701|9.71
2022-11-04|9.37|9.83|9.1|9.51
2022-11-07|9.44|9.56|9.21|9.34
2022-11-08|9.23|9.9|9.21|9.76
2022-11-09|9.79|10.31|9.7702|10.19
2022-11-10|9.3|9.48|9.03|9.37
2022-11-11|9.48|9.58|9.18|9.2
2022-11-14|9.24|9.25|8.82|9.19
2022-11-15|8.86|9.76|8.83|9.35
2022-11-16|9.2|9.2671|8.97|9
2022-11-17|9.34|9.34|8.83|8.88
2022-11-18|8.74|9.01|8.7|8.73
2022-11-21|8.75|8.77|8.34|8.38
2022-11-22|8.25|8.27|7.91|7.94
2022-11-23|7.94|8.005|7.66|7.68
2022-11-25|7.78|7.83|7.68|7.74
2022-11-28|7.98|8.25|7.82|8.16
2022-11-29|8.08|8.23|7.93|7.99
2022-11-30|7.97|8.19|7.43|7.52
2022-12-01|7.49|7.73|7.3|7.32
2022-12-02|7.57|7.57|7.1|7.12
2022-12-05|7.27|7.51|7.09|7.32
2022-12-06|7.24|7.72|7.14|7.62
2022-12-07|7.7|7.89|7.6|7.81
2022-12-08|7.76|7.9|7.48|7.54
2022-12-09|7.6|7.84|7.5201|7.83
2022-12-12|7.78|7.86|7.62|7.77
2022-12-13|7.09|7.68|7.05|7.24
2022-12-14|7.22|7.365|6.82|6.88
2022-12-15|7.09|7.76|7|7.55
2022-12-16|7.77|7.91|7.42|7.58
2022-12-19|7.49|7.52|7.1|7.3
2022-12-20|7.32|7.51|7.075|7.21
2022-12-21|6.95|7|6.74|6.81
2022-12-22|6.87|7.83|6.82|7.35
2022-12-23|7.32|7.43|6.96|7.06
2022-12-27|7.06|7.25|6.96|7.02
2022-12-28|6.94|7.07|6.755|7.04
2022-12-29|6.85|6.91|6.75|6.89
2022-12-30|7|7.11|6.86|6.86
2023-01-03|6.78|7.15|6.702|6.79
2023-01-04|6.71|6.79|6.48|6.51
2023-01-05|6.61|6.74|6.53|6.59
2023-01-06|6.39|6.51|6.2|6.33
2023-01-09|6.29|6.5|6.2|6.4
2023-01-10|6.44|6.44|5.97|6
2023-01-11|5.95|6.08|5.93|6.05
2023-01-12|5.85|5.99|5.58|5.585
2023-01-13|5.64|5.64|5.3|5.39
2023-01-17|5.5|5.58|5.37|5.45
2023-01-18|5.35|5.79|5.31|5.74
2023-01-19|5.95|6.06|5.65|5.76
2023-01-20|5.7|5.8099|5.43|5.49
2023-01-23|5.46|5.52|5.35|5.41
2023-01-24|5.46|5.4699|5.06|5.1
2023-01-25|5.33|5.57|5.07|5.1
2023-01-26|5|5.17|4.95|5
2023-01-27|5.02|5.02|4.73|4.86
2023-01-30|5.05|5.1999|4.99|5.05
2023-01-31|5.07|5.11|4.83|4.91
2023-02-01|4.88|5.06|4.58|4.67
2023-02-02|4.51|5.02|4.45|4.81
2023-02-03|5.02|5.14|4.8|4.89
2023-02-06|4.98|5.1|4.9101|5.09
2023-02-07|5.12|5.14|4.76|4.84
2023-02-08|4.92|5.24|4.81|5.12
2023-02-09|4.98|5.37|4.89|5.34
2023-02-10|5.47|5.65|5.37|5.45
2023-02-13|5.31|5.3499|5.11|5.15
2023-02-14|5.02|5.1399|4.76|4.84
2023-02-15|4.9|4.9|4.7|4.71
2023-02-16|4.91|5.09|4.75|5.08
2023-02-17|5.21|5.4|5.08|5.12
2023-02-21|5.461|5.74|5.35|5.67
2023-02-22|5.7|5.81|5.3801|5.44
2023-02-23|5.25|5.52|5.1|5.17
2023-02-24|5.43|5.65|5.39|5.44
2023-02-27|5.24|5.249|5.07|5.165
2023-02-28|5.13|5.14|4.9|4.99
2023-03-01|5.02|5.22|4.9|5.07
2023-03-02|5.18|5.2|4.77|4.79
2023-03-03|4.699|4.7363|4.54|4.56
2023-03-06|4.52|4.54|4.42|4.45
2023-03-07|4.46|4.65|4.35|4.6
2023-03-08|4.63|4.66|4.45|4.49
2023-03-09|4.42|5.22|4.37|5.18
2023-03-10|5.25|6.83|5.2201|6.01
2023-03-13|6.97|7.2|6.11|6.32
2023-03-14|5.65|6.1|5.28|5.77
2023-03-15|6.53|7.29|6.25|6.43
2023-03-16|6.75|6.81|5.56|5.59
2023-03-17|5.86|6.62|5.7|6.42
2023-03-20|6.5|6.64|5.99|6.02
2023-03-21|5.58|5.605|5.23|5.26
2023-03-22|5.2|5.54|4.95|5.47
2023-03-23|5.25|5.89|4.99|5.74
2023-03-24|6|6.36|5.4|5.42
2023-03-27|5.24|5.36|5.05|5.09
2023-03-28|5.12|5.1699|4.9|4.92
2023-03-29|4.71|4.7999|4.62|4.65
2023-03-30|4.62|4.9|4.6|4.64
2023-03-31|4.62|4.67|4.53|4.65
2023-04-03|4.65|4.76|4.45|4.46
2023-04-04|4.51|4.78|4.48|4.58
2023-04-05|4.63|4.76|4.51|4.52
2023-04-06|4.58|4.64|4.35|4.4
2023-04-10|4.49|4.51|4.3|4.34
2023-04-11|4.27|4.32|4.18|4.28
2023-04-12|4.16|4.36|4.12|4.31
2023-04-13|4.2|4.2|4.05|4.08
2023-04-14|4.12|4.16|3.97|3.98
2023-04-17|3.95|3.96|3.78|3.81
2023-04-18|3.78|3.86|3.71|3.77
2023-04-19|3.82|3.83|3.69|3.76
2023-04-20|3.87|3.92|3.72|3.88
2023-04-21|3.83|3.93|3.74|3.77
2023-04-24|3.77|3.84|3.72|3.75
2023-04-25|3.81|4.23|3.7689|4.19
2023-04-26|4.09|4.16|3.86|4.03
2023-04-27|3.84|3.85|3.7|3.77
2023-04-28|3.73|3.75|3.55|3.56
2023-05-01|3.509|3.515|3.34|3.46
2023-05-02|3.55|4.05|3.55|3.69
2023-05-03|3.74|3.88|3.57|3.85
2023-05-04|4|4.31|3.935|4.13
2023-05-05|3.89|3.91|3.63|3.67
2023-05-08|3.63|3.71|3.57|3.57
2023-05-09|3.67|3.72|3.62|3.67
2023-05-10|3.51|3.77|3.45|3.54
2023-05-11|3.6|3.71|3.46|3.48
2023-05-12|3.43|3.6|3.39|3.48
2023-05-15|3.43|3.5|3.33|3.35
2023-05-16|3.4|3.49|3.34|3.49
2023-05-17|3.36|3.4299|3.29|3.32
2023-05-18|3.29|3.32|3.11|3.12
2023-05-19|3.08|3.34|3.05|3.23
2023-05-22|3.24|3.35|3.15|3.24
2023-05-23|3.31|3.4|3.18|3.32
2023-05-24|3.46|3.58|3.44|3.53
2023-05-25|3.37|3.5|3.34|3.4
2023-05-26|3.3|3.3|3.08|3.19
2023-05-30|3.02|3.23|3|3.07
2023-05-31|3.12|3.18|3|3.05
2023-06-01|2.98|3|2.78|2.79
2023-06-02|2.68|2.71|2.57|2.61
2023-06-05|2.61|2.64|2.53|2.53
2023-06-06|2.52|2.53|2.3|2.31
2023-06-07|2.32|2.39|2.31|2.33
2023-06-08|2.35|2.36|2.2|2.24
2023-06-09|2.23|2.31|2.21|2.25
2023-06-12|2.27|2.32|2.25|2.28
2023-06-13|2.24|2.29|2.21|2.26
2023-06-14|2.26|2.26|2.16|2.17
2023-06-15|2.15|2.25|2.13|2.25
2023-06-16|2.25|2.27|2.12|2.12
2023-06-20|2.17|2.21|2.13|2.14
2023-06-21|2.11|2.12|2.06|2.065
2023-06-22|2.1|2.11|1.97|1.98
2023-06-23|20.66|21.05|19.91|20.35
2023-06-26|20.38|20.38|19.6101|20.25
2023-06-27|20|20.0099|18.89|19.5
2023-06-28|19.24|19.32|18.4|18.4
2023-06-29|18.56|19.15|18.5|19.04
2023-06-30|18.63|18.81|18.24|18.49
2023-07-03|18.4|18.7|18.26|18.35
2023-07-05|18.81|18.88|18.4|18.8
2023-07-06|20.09|22.95|20.015|20.26
2023-07-07|20.56|20.7|19.1209|19.66
2023-07-10|19.62|20.01|19.25|19.38
2023-07-11|18.8|19.5701|18.63|19.16
2023-07-12|18.12|18.19|17.44|17.52
2023-07-13|17.05|17.7|16.81|17.67
2023-07-14|17.67|18.01|17.16|17.35
2023-07-17|17.41|17.43|16.8|17.27
2023-07-18|17.19|17.3|16.76|16.93
2023-07-19|16.63|17.57|16.59|17.43
2023-07-20|17.58|17.87|17.07|17.43
2023-07-21|17.08|17.25|16.6|17.08
2023-07-24|17.03|17.05|16.42|16.64
2023-07-25|16.68|16.7399|16.13|16.62
2023-07-26|16.9|16.9|15.9|15.97
2023-07-27|15.52|17.69|15.49|17.15
2023-07-28|16.25|16.83|15.89|16.15
2023-07-31|16.05|16.3893|15.85|15.92
2023-08-01|16.5|16.715|16.19|16.21
2023-08-02|17.75|19.1|17.66|18.46
2023-08-03|19.36|19.84|17.94|18.38
2023-08-04|17.41|19.5164|16.88|19.27
2023-08-07|18.63|18.92|17.74|17.82
2023-08-08|18.96|20.77|18.24|18.28
2023-08-09|18.11|19.19|17.46|18.07
2023-08-10|17.18|18.96|16.58|18.15
2023-08-11|18.67|18.83|17.01|17.08
2023-08-14|17.43|17.885|16.58|16.6
2023-08-15|17.1|18.34|17.02|18.04
2023-08-16|18.05|18.58|17.29|18.55
2023-08-17|18.16|19.86|17.97|19.83
2023-08-18|20.76|20.9|18.84|19.11
2023-08-21|18.86|19.29|18.21|18.33
2023-08-22|17.76|18.93|17.76|18.42
2023-08-23|18.11|18.1694|17.44|17.52
2023-08-24|17.13|18.6762|17.01|18.61
2023-08-25|18.25|18.905|17.11|17.4
2023-08-28|16.85|16.97|16.31|16.34
2023-08-29|16.29|16.31|15.5|15.72
2023-08-30|15.48|15.67|14.89|14.93
2023-08-31|14.95|14.98|14.39|14.49
2023-09-01|14.16|14.4|13.99|14.19
2023-09-05|14.31|14.64|14.02|14.29
2023-09-06|14.47|15.22|14.35|14.77
2023-09-07|15.45|15.69|14.58|14.72
2023-09-08|14.62|14.65|13.93|14.24
2023-09-11|13.88|14.19|13.66|13.77
2023-09-12|14|14.07|13.52|13.87
2023-09-13|13.72|13.78|13.35|13.49
2023-09-14|13.22|13.28|12.85|12.87
2023-09-15|13.01|13.7|12.8|13.62
2023-09-18|13.88|14.03|13.16|13.475
2023-09-19|13.48|13.9688|13.24|13.36
2023-09-20|13|14.17|12.9|14.11
2023-09-21|15.1|15.81|14.64|15.79
2023-09-22|15.62|15.92|14.9694|15.82
2023-09-25|16.46|16.7376|15.695|15.84
2023-09-26|16.38|18.19|16.09|18.04
2023-09-27|17.27|18.4897|16.89|16.92
2023-09-28|16.94|17.23|15.55|15.72
2023-09-29|14.85|16.25|14.71|16.21
2023-10-02|16.26|16.785|15.6099|16.26
2023-10-03|16.94|18.95|16.52|18.53
2023-10-04|18.07|18.4404|17.03|17.12
2023-10-05|17.12|18.29|16.78|16.8
2023-10-06|17.6|18.18|15.93|16.46
2023-10-09|17.35|17.635|16.11|16.11
2023-10-10|15.84|15.88|15|15.32
2023-10-11|15.02|16.08|14.7589|14.92
2023-10-12|14.65|16.2888|14.1799|15.4
2023-10-13|15.29|18.71|15.1501|18.11
2023-10-16|17.04|17.16|15.5|15.53
2023-10-17|16.42|16.6573|15.1701|16.11
2023-10-18|16.7|18.03|16.53|17.725
2023-10-19|17.31|19.13|16.93|19.04
2023-10-20|19.02|19.73|18.38|19.22
2023-10-23|19.73|20.18|17.29|18.25
2023-10-24|17.52|18.23|16.9|17.01
2023-10-25|17.12|19.25|17.1|18.63
2023-10-26|18.65|19.71|18.2|18.89
2023-10-27|18.27|19.97|17.9601|19.81
2023-10-30|18.69|18.73|17.57|17.61
2023-10-31|17.41|17.71|15.91|15.98
2023-11-01|15.68|15.7298|14.76|14.88
2023-11-02|14.38|14.73|14.1|14.12
2023-11-03|13.74|13.89|13.48|13.64
2023-11-06|13.35|13.53|12.92|12.96
2023-11-07|12.89|13.1|12.7128|12.85
2023-11-08|12.62|13.07|12.41|12.47
2023-11-09|12.26|13.39|12.2311|13.23
2023-11-10|12.87|12.8895|12.22|12.39
2023-11-13|12.51|12.62|12|12.2
2023-11-14|11.54|12.08|11.49|12.06
2023-11-15|11.76|11.89|11.58|11.65
2023-11-16|11.66|11.745|11.36|11.4
2023-11-17|11.31|11.466|11.07|11.15
2023-11-20|11.02|11.06|10.82|11
2023-11-21|11.07|11.08|10.6097|10.67
2023-11-22|10.44|10.9569|10.42|10.8
2023-11-24|10.68|10.7499|10.04|10.09
2023-11-27|10.23|10.24|10.1|10.2
2023-11-28|10.14|10.26|9.91|10
2023-11-29|9.86|10.2797|9.83|10.23
2023-11-30|10.12|10.32|9.95|10
2023-12-01|9.91|9.98|9.7323|9.91
2023-12-04|10.15|10.42|9.93|9.98
2023-12-05|10.02|10.0538|9.83|9.85
2023-12-06|9.67|10.02|9.61|9.93
2023-12-07|9.88|10.02|9.83|9.94
2023-12-08|9.82|9.82|9.48|9.51
2023-12-11|9.47|9.49|9.15|9.16
2023-12-12|9|9.065|8.7|8.79
2023-12-13|8.72|8.91|8.55|8.62
2023-12-14|8.45|8.9461|8.45|8.57
2023-12-15|8.62|9.02|8.54|8.98
2023-12-18|8.95|9.06|8.92|9.01
2023-12-19|9.09|9.24|9.02|9.22
2023-12-20|9.14|10.22|9.06|10.03
2023-12-21|9.81|10.1699|9.58|9.72
2023-12-22|9.62|9.95|9.34|9.35
2023-12-26|9.29|9.3899|8.95|8.98
2023-12-27|8.88|8.88|8.42|8.44
2023-12-28|8.37|8.56|8.33|8.41
2023-12-29|8.37|8.7299|8.3|8.44
2024-01-02|8.75|8.975|8.33|8.43
2024-01-03|8.64|9.07|8.45|8.87
2024-01-04|8.89|8.9264|8.6|8.85
2024-01-05|8.74|8.75|8.3|8.42
2024-01-08|8.42|8.47|7.97|8.14