2018-08-01|15.5|15.7075|15.31|15.5675
2018-08-02|15.225|16.25|15.21|16.1875
2018-08-03|16.2725|16.3475|16.075|16.3325
2018-08-06|16.3125|16.6415|16.2475|16.6325
2018-08-07|16.7625|16.9|16.6625|16.795
2018-08-08|16.74|16.9625|16.6002|16.84
2018-08-09|16.825|17.025|16.7553|16.825
2018-08-10|16.49|16.6375|16.255|16.4325
2018-08-13|16.5225|16.8425|16.3625|16.385
2018-08-14|16.565|16.7475|16.3075|16.6875
2018-08-15|16.31|16.45|15.77|16.08
2018-08-16|16.435|16.5375|16.1325|16.2275
2018-08-17|16.0975|16.355|15.8025|16.225
2018-08-20|16.3425|16.3575|16|16.1925
2018-08-21|16.335|16.655|16.3025|16.36
2018-08-22|16.25|16.605|16.1978|16.55
2018-08-23|16.4675|16.815|16.3928|16.4675
2018-08-24|16.6425|16.9675|16.625|16.925
2018-08-27|17.1975|17.4375|17.105|17.435
2018-08-28|17.58|17.6425|17.41|17.5125
2018-08-29|17.6025|18.15|17.5875|18.125
2018-08-30|18.015|18.3388|17.8364|18.0225
2018-08-31|17.955|18.2375|17.892|18.075
2018-09-04|17.9175|18.0075|17.5578|17.86
2018-09-05|17.75|17.7575|16.98|17.15
2018-09-06|17.18|17.2325|16.345|16.6825
2018-09-07|16.34|16.9225|16.305|16.5175
2018-09-10|16.7719|16.805|16.3825|16.6625
2018-09-11|16.4425|17.12|16.325|17.0325
2018-09-12|16.9625|16.9975|16.4475|16.885
2018-09-13|17.175|17.505|17.1675|17.385
2018-09-14|17.4475|17.535|17.0525|17.2525
2018-09-17|17.155|17.2075|16.465|16.525
2018-09-18|16.56|17.1614|16.535|16.9175
2018-09-19|16.925|17.045|16.5475|16.88
2018-09-20|17.205|17.495|17.0903|17.41
2018-09-21|17.565|17.645|17.0775|17.1325
2018-09-24|16.7775|17.2975|16.56|17.28
2018-09-25|17.2475|17.3825|17.0775|17.35
2018-09-26|17.365|17.8675|17.2775|17.3325
2018-09-27|17.59|17.995|17.5575|17.8125
2018-09-28|17.66|17.9375|17.57|17.785
2018-10-01|18.125|18.2932|17.77|17.8875
2018-10-02|17.84|18.19|17.66|17.785
2018-10-03|18.0025|18.125|17.7567|17.8375
2018-10-04|17.625|17.645|16.425|16.82
2018-10-05|16.8|16.9575|15.705|16.1875
2018-10-08|15.96|16.3125|15.31|15.8975
2018-10-09|15.9175|16.4|15.7975|16.02
2018-10-10|15.7475|15.765|13.86|13.9425
2018-10-11|13.7525|14.3125|12.9575|13.3775
2018-10-12|14.445|14.63|13.7|14.5075
2018-10-15|14.365|14.4275|13.8137|13.96
2018-10-16|14.41|15.2925|14.3375|15.1625
2018-10-17|15.42|15.445|14.7375|15.2125
2018-10-18|15.015|15.0325|13.9525|14.1575
2018-10-19|14.4475|14.8475|13.9475|14.1
2018-10-22|14.3525|14.645|13.9925|14.3125
2018-10-23|13.5475|14.3689|13.0575|14.155
2018-10-24|14.1025|14.175|12.17|12.23
2018-10-25|12.7725|13.6925|12.6075|13.485
2018-10-26|12.1|13.2075|11.87|12.4375
2018-10-29|12.995|13.15|10.96|11.7725
2018-10-30|11.56|12.2625|11.3925|12.2275
2018-10-31|12.8125|13.415|12.8125|13.0525
2018-11-01|13.1675|13.655|12.8603|13.6225
2018-11-02|13.4875|13.7325|12.7|13.0125
2018-11-05|13.02|13.035|12.44|12.885
2018-11-06|12.8525|13.3825|12.8175|13.1575
2018-11-07|13.6275|14.39|13.5425|14.3675
2018-11-08|14.1975|14.33|13.915|14.1225
2018-11-09|13.73|13.82|13.0725|13.405
2018-11-12|13.125|13.1974|12.1487|12.2275
2018-11-13|12.3675|12.875|12.1108|12.2225
2018-11-14|12.57|12.705|11.72|11.9125
2018-11-15|11.8475|12.6525|11.5525|12.55
2018-11-16|12.19|12.6|12.03|12.4125
2018-11-19|12.23|12.2875|11.1|11.2225
2018-11-20|10.43|11.06|10.175|10.6
2018-11-21|11.0075|11.155|10.78|10.8375
2018-11-23|10.57|10.93|10.5625|10.5975
2018-11-26|11.045|11.345|10.905|11.325
2018-11-27|11.155|11.53|10.9725|11.4425
2018-11-28|11.7|12.54|11.5|12.5275
2018-11-29|12.38|12.6675|12.12|12.4125
2018-11-30|12.46|12.71|12.2825|12.6725
2018-12-03|13.52|13.575|13.0628|13.3225
2018-12-04|13.1375|13.2475|11.7675|11.8575
2018-12-06|11.1025|12.055|10.9575|12.03
2018-12-07|11.9|12.105|10.75|10.8525
2018-12-10|10.79|11.3387|10.455|11.1925
2018-12-11|11.7325|11.75|11.0225|11.3125
2018-12-12|11.805|12.1325|11.5925|11.5975
2018-12-13|11.825|11.9725|11.38|11.6
2018-12-14|11.2225|11.3325|10.6775|10.725
2018-12-17|10.6175|10.8725|9.7725|10.0325
2018-12-18|10.27|10.5022|9.9426|10.2
2018-12-19|10.1775|10.6475|9.22|9.4625
2018-12-20|9.3675|9.6957|8.6825|9.0825
2018-12-21|9.1625|9.3525|8.0524|8.205
2018-12-24|8|8.3225|7.58|7.5975
2018-12-26|7.825|8.985|7.66|8.965
2018-12-27|8.65|9.1|8.03|9.0925
2018-12-28|9.25|9.5275|8.8417|9.055
2018-12-31|9.34|9.42|9.0125|9.26
2019-01-02|8.695|9.5575|8.6825|9.3925
2019-01-03|8.995|9.1035|8.4075|8.4825
2019-01-04|8.8875|9.69|8.7917|9.5675
2019-01-07|9.6175|10.0375|9.5325|9.8725
2019-01-08|10.1725|10.2775|9.725|10.1575
2019-01-09|10.28|10.5425|10.15|10.3975
2019-01-10|10.16|10.5075|9.99|10.4975
2019-01-11|10.31|10.4075|10.2025|10.3725
2019-01-14|10.1075|10.235|9.965|10.1025
2019-01-15|10.235|10.73|10.215|10.6625
2019-01-16|10.7425|10.965|10.67|10.6775
2019-01-17|10.575|11.0675|10.515|10.9275
2019-01-18|11.18|11.4025|10.9625|11.2275
2019-01-22|11.0025|11.02|10.33|10.6075
2019-01-23|10.7375|10.875|10.2541|10.6175
2019-01-24|10.705|10.855|10.585|10.805
2019-01-25|11.065|11.2925|10.955|11.19
2019-01-28|10.7525|10.7775|10.5025|10.7775
2019-01-29|10.7975|10.8025|10.3575|10.4725
2019-01-30|10.825|11.38|10.7225|11.2575
2019-01-31|11.455|11.93|11.42|11.7525
2019-02-01|11.585|11.855|11.515|11.6025
2019-02-04|11.6175|12.04|11.585|12.0275
2019-02-05|12.0925|12.4|12.0762|12.345
2019-02-06|12.37|12.4325|12.0804|12.2475
2019-02-07|11.9175|12.0075|11.4725|11.7475
2019-02-08|11.4275|11.8125|11.4|11.8075
2019-02-11|11.9425|12.0279|11.69|11.78
2019-02-12|12.0325|12.3475|11.9735|12.29
2019-02-13|12.465|12.5704|12.28|12.315
2019-02-14|12.175|12.4875|12.0552|12.36
2019-02-15|12.6275|12.63|12.34|12.5075
2019-02-19|12.39|12.6975|12.39|12.5825
2019-02-20|12.6125|12.7575|12.3734|12.5725
2019-02-21|12.4675|12.5715|12.2325|12.43
2019-02-22|12.515|12.73|12.4925|12.7
2019-02-25|13.0025|13.095|12.815|12.84
2019-02-26|12.74|13|12.68|12.88
2019-02-27|12.7075|12.895|12.4475|12.84
2019-02-28|12.7275|12.8938|12.6509|12.76
2019-03-01|13.03|13.0725|12.755|13.015
2019-03-04|13.2425|13.3325|12.5875|13.0175
2019-03-05|13.045|13.17|12.855|13.05
2019-03-06|13.0825|13.095|12.765|12.825
2019-03-07|12.72|12.735|12.2075|12.3575
2019-03-08|11.935|12.305|11.89|12.2875
2019-03-11|12.4325|13.0775|12.4325|13.055
2019-03-12|13.1575|13.3675|13.062|13.2675
2019-03-13|13.4675|13.7725|13.415|13.555
2019-03-14|13.58|13.63|13.475|13.495
2019-03-15|13.6525|13.985|13.615|13.83
2019-03-18|13.8425|14.085|13.76|13.955
2019-03-19|14.135|14.32|13.9225|14.095
2019-03-20|14.0875|14.5125|13.8975|14.2525
2019-03-21|14.12|14.9745|14.1125|14.9125
2019-03-22|14.7175|14.8375|13.8851|13.9375
2019-03-25|13.765|13.9925|13.545|13.85
2019-03-26|14.1725|14.4209|13.8275|14.04
2019-03-27|14.0975|14.195|13.4625|13.765
2019-03-28|13.8675|14.0075|13.6075|13.8525
2019-03-29|14.1575|14.2049|13.92|14.165
2019-04-01|14.575|14.775|14.425|14.7225
2019-04-02|14.7725|14.9295|14.6575|14.885
2019-04-03|15.135|15.4225|15.0025|15.1425
2019-04-04|15.145|15.3198|14.8575|15.12
2019-04-05|15.265|15.375|15.195|15.3475
2019-04-08|15.27|15.4975|15.0903|15.4675
2019-04-09|15.31|15.4575|15.2|15.2975
2019-04-10|15.365|15.555|15.3063|15.545
2019-04-11|15.6025|15.6075|15.34|15.4275
2019-04-12|15.625|15.65|15.4325|15.6175
2019-04-15|15.6175|15.6788|15.315|15.63
2019-04-16|15.7875|15.8875|15.6475|15.7825
2019-04-17|16.09|16.1398|15.8025|15.94
2019-04-18|16.02|16.0275|15.7175|15.99
2019-04-22|15.7875|16.1475|15.75|16.125
2019-04-23|16.2525|16.8|16.1825|16.7375
2019-04-24|16.775|16.845|16.5675|16.575
2019-04-25|16.9425|16.9636|16.5078|16.76
2019-04-26|16.7025|16.825|16.275|16.82
2019-04-29|16.815|16.9925|16.735|16.91
2019-04-30|16.5|16.6025|16.1675|16.5225
2019-05-01|16.83|16.9772|16.315|16.3325
2019-05-02|16.3375|16.5825|15.812|16.1325
2019-05-03|16.535|16.9375|16.4475|16.8925
2019-05-06|15.8275|16.655|15.74|16.59
2019-05-07|16.0525|16.255|15.161|15.625
2019-05-08|15.4675|15.8475|15.2975|15.4875
2019-05-09|14.99|15.3975|14.5675|15.2425
2019-05-10|15.06|15.5075|14.31|15.285
2019-05-13|14.12|14.3575|13.5675|13.705
2019-05-14|13.905|14.395|13.7575|14.135
2019-05-15|13.865|14.8475|13.8475|14.7225
2019-05-16|14.75|15.455|14.7015|15.1825
2019-05-17|14.7225|15.3351|14.6675|14.71
2019-05-20|14.095|14.2575|13.8117|13.9725
2019-05-21|14.3175|14.51|14.1835|14.3925
2019-05-22|14.145|14.445|14.14|14.205
2019-05-23|13.7138|13.72|13.2763|13.535
2019-05-24|13.7675|13.9|13.47|13.515
2019-05-28|13.635|13.8525|13.3575|13.37
2019-05-29|13.1225|13.25|12.815|13.035
2019-05-30|13.1325|13.295|12.96|13.19
2019-05-31|12.7175|12.8525|12.535|12.555
2019-06-03|12.455|12.55|11.5325|11.7525
2019-06-04|12.1|12.72|11.9778|12.705
2019-06-05|13.0725|13.08|12.592|12.985
2019-06-06|13.05|13.3872|12.8775|13.285
2019-06-07|13.5|14.2298|13.455|14.0425
2019-06-10|14.34|14.955|14.34|14.555
2019-06-11|15.015|15.0925|14.4633|14.61
2019-06-12|14.4825|14.575|14.2751|14.3625
2019-06-13|14.5325|14.7075|14.445|14.5975
2019-06-14|14.3675|14.525|14.2475|14.4075
2019-06-17|14.4975|14.7925|14.4601|14.67
2019-06-18|15.1875|15.6225|15.0775|15.305
2019-06-19|15.3825|15.59|15.1|15.485
2019-06-20|16.1225|16.1325|15.5575|15.91
2019-06-21|15.8275|16.135|15.7372|15.8375
2019-06-24|15.9225|15.9725|15.803|15.8325
2019-06-25|15.795|15.82|14.945|15.0225
2019-06-26|15.305|15.595|15.1503|15.2125
2019-06-27|15.3775|15.4963|15.2627|15.3775
2019-06-28|15.495|15.5475|15.2775|15.4425
2019-07-01|16.325|16.3875|15.8475|16.0575
2019-07-02|16.04|16.2525|15.91|16.2525
2019-07-03|16.355|16.6125|16.315|16.6125
2019-07-05|16.2725|16.5975|16.0775|16.505
2019-07-08|16.1975|16.2|15.955|16.1575
2019-07-09|15.9175|16.455|15.8825|16.4
2019-07-10|16.7|17.0225|16.6|16.885
2019-07-11|16.9675|17.0754|16.6775|16.84
2019-07-12|16.8875|17.1275|16.8438|17.1225
2019-07-15|17.24|17.2975|17.1025|17.2675
2019-07-16|17.2125|17.27|16.86|17.0225
2019-07-17|17.03|17.1075|16.76|16.77
2019-07-18|16.5225|16.9145|16.3577|16.8425
2019-07-19|17.175|17.176|16.3925|16.435
2019-07-22|16.56|16.9325|16.555|16.8225
2019-07-23|17.1025|17.155|16.7602|17.1475
2019-07-24|16.96|17.5125|16.95|17.5125
2019-07-25|17.335|17.3375|16.91|17.0125
2019-07-26|17.325|17.5975|17.305|17.5175
2019-07-29|17.49|17.49|17.0175|17.355
2019-07-30|16.955|17.32|16.915|17.1225
2019-07-31|17.2575|17.2875|15.925|16.4
2019-08-01|16.49|17.4|15.91|16.17
2019-08-02|15.8|15.8575|15.1501|15.43
2019-08-05|14.485|14.485|13.42|13.81
2019-08-06|14.18|14.495|13.875|14.3775
2019-08-07|13.9025|14.6575|13.575|14.5875
2019-08-08|14.81|15.5575|14.6725|15.5525
2019-08-09|15.315|15.48|14.7425|15.0925
2019-08-12|14.82|14.9575|14.38|14.5875
2019-08-13|14.56|15.8475|14.4993|15.545
2019-08-14|14.7875|14.935|14.0651|14.1525
2019-08-15|14.225|14.3288|13.7675|14.0925
2019-08-16|14.445|14.872|14.445|14.7425
2019-08-19|15.3675|15.56|15.2425|15.4325
2019-08-20|15.3525|15.5125|15.1025|15.115
2019-08-21|15.5075|15.6481|15.3432|15.5
2019-08-22|15.59|15.6978|14.9825|15.35
2019-08-23|15.0325|15.45|13.77|13.945
2019-08-26|14.3725|14.515|14.115|14.51
2019-08-27|14.8125|14.89|14.25|14.4225
2019-08-28|14.2775|14.6425|14.0634|14.5675
2019-08-29|15.105|15.3578|14.935|15.23
2019-08-30|15.4798|15.4835|14.8651|15.1225
2019-09-03|14.8225|15.045|14.5278|14.6825
2019-09-04|15.095|15.3425|14.98|15.3
2019-09-05|15.805|16.2775|15.781|16.145
2019-09-06|16.2125|16.24|15.99|16.1
2019-09-09|16.2425|16.2675|15.7425|15.9975
2019-09-10|15.735|15.87|15.42|15.865
2019-09-11|15.9375|16.3225|15.8325|16.2925
2019-09-12|16.595|16.87|16.4225|16.495
2019-09-13|16.425|16.535|16.25|16.32
2019-09-16|15.9975|16.1939|15.95|16.095
2019-09-17|16.09|16.3225|15.995|16.3075
2019-09-18|16.215|16.3175|15.6875|16.2975
2019-09-19|16.3813|16.6734|16.275|16.37
2019-09-20|16.44|16.4875|15.685|15.855
2019-09-23|15.82|16.01|15.675|15.87
2019-09-24|16.0875|16.185|15.035|15.2425
2019-09-25|15.19|15.86|14.8075|15.73
2019-09-26|15.6825|15.715|15.215|15.5725
2019-09-27|15.6375|15.6631|14.6663|15.0075
2019-09-30|15.15|15.48|15.07|15.4075
2019-10-01|15.58|15.8375|14.955|15.035
2019-10-02|14.7325|14.7325|14.005|14.265
2019-10-03|14.255|14.7415|13.7275|14.735
2019-10-04|14.9275|15.42|14.8976|15.355
2019-10-07|15.215|15.5825|15.1341|15.2125
2019-10-08|14.91|15.12|14.5|14.52
2019-10-09|14.9|15.1525|14.765|14.96
2019-10-10|14.9625|15.4675|14.92|15.2875
2019-10-11|15.805|16.25|15.785|15.86
2019-10-14|15.8125|16.0275|15.765|15.8775
2019-10-15|16.02|16.5875|15.9925|16.48
2019-10-16|16.3053|16.4775|16.1975|16.3575
2019-10-17|16.64|16.715|16.285|16.47
2019-10-18|16.405|16.5075|15.7475|15.9975
2019-10-21|16.2573|16.455|16.1075|16.42
2019-10-22|16.59|16.6825|16.0189|16.04
2019-10-23|15.9275|16.1271|15.85|16.115
2019-10-24|16.4675|16.6088|16.2413|16.5775
2019-10-25|16.3225|16.9975|16.3125|16.955
2019-10-28|17.215|17.5425|17.215|17.4725
2019-10-29|17.3875|17.4625|17.0575|17.07
2019-10-30|17.16|17.395|16.8675|17.31
2019-10-31|17.4425|17.48|17.0275|17.3225
2019-11-01|17.5525|17.7975|17.4713|17.7925
2019-11-04|18.1525|18.2425|18.03|18.11
2019-11-05|18.1925|18.245|17.9725|18.1325
2019-11-06|18.0875|18.0957|17.7625|18.0175
2019-11-07|18.3025|18.55|18.0425|18.2
2019-11-08|18.0925|18.4225|17.9575|18.415
2019-11-11|18.1425|18.365|18.062|18.3375
2019-11-12|18.38|18.68|18.3|18.4875
2019-11-13|18.3075|18.5575|18.265|18.46
2019-11-14|18.2975|18.4925|18.1275|18.455
2019-11-15|18.7775|18.835|18.615|18.8025
2019-11-18|18.7775|18.995|18.545|18.9
2019-11-19|19.1175|19.1175|18.7725|18.9775
2019-11-20|18.8375|19.0075|18.205|18.645
2019-11-21|18.58|18.6125|18.3375|18.5
2019-11-22|18.64|18.6775|18.2425|18.55
2019-11-25|18.78|19.205|18.775|19.1925
2019-11-26|19.2275|19.3787|19.15|19.3075
2019-11-27|19.445|19.705|19.38|19.6975
2019-11-29|19.5525|19.6425|19.4|19.435
2019-12-02|19.435|19.4475|18.5075|18.81
2019-12-03|18.075|18.4075|17.7775|18.3875
2019-12-04|18.6725|18.7937|18.585|18.66
2019-12-05|18.855|18.8575|18.4938|18.7575
2019-12-06|19.17|19.405|19.135|19.3375
2019-12-09|19.2725|19.5325|19.0788|19.1
2019-12-10|19.1125|19.32|18.92|19.0575
2019-12-11|19.17|19.4075|19.09|19.345
2019-12-12|19.2825|20|19.205|19.7875
2019-12-13|19.74|20.18|19.615|19.965
2019-12-16|20.355|20.6425|20.34|20.5375
2019-12-17|20.6425|20.6975|20.5|20.565
2019-12-18|20.6613|20.82|20.585|20.6125
2019-12-19|20.665|21.045|20.665|21.0325
2019-12-20|21.3075|21.38|21.15|21.2825
2019-12-23|21.505|21.5453|21.3925|21.44
2019-12-24|21.4875|21.5175|21.3125|21.46
2019-12-26|21.5575|22.0275|21.5563|22.0175
2019-12-27|22.2525|22.265|21.7875|21.9525
2019-12-30|21.9325|21.965|21.2|21.515
2019-12-31|21.325|21.69|21.2151|21.6375
2020-01-02|22.1775|22.71|22.055|22.71
2020-01-03|21.8225|22.5|21.81|22.0925
2020-01-06|21.5675|22.52|21.4877|22.5125
2020-01-07|22.535|22.695|22.29|22.485
2020-01-08|22.49|23.32|22.3825|23.0025
2020-01-09|23.5575|23.715|23.18|23.5825
2020-01-10|23.8475|23.8675|23.2825|23.39
2020-01-13|23.6825|24.22|23.5775|24.2075
2020-01-14|24.145|24.2875|23.805|23.925
2020-01-15|23.945|24.2825|23.705|23.94
2020-01-16|24.2775|24.6225|24.1325|24.6075
2020-01-17|24.9275|25.0344|24.565|24.975
2020-01-21|24.7575|25.1275|24.74|24.9625
2020-01-22|25.3075|25.5725|25.045|25.1325
2020-01-23|25.0825|25.3975|24.7425|25.365
2020-01-24|25.725|25.8025|24.3775|24.7075
2020-01-27|23.0625|23.5863|22.545|23.18
2020-01-28|23.6625|24.4175|23.495|24.2575
2020-01-29|24.6563|24.74|24.0451|24.345
2020-01-30|23.9|24.65|23.6625|24.62
2020-01-31|24.92|24.9375|23.1863|23.41
2020-02-03|23.7775|24.665|23.7325|24.485
2020-02-04|25.5|26.3125|25.255|26.1575
2020-02-05|27.14|27.145|25.9725|26.46
2020-02-06|26.6275|27.135|26.3525|27.105
2020-02-07|26.745|27.2025|26.53|26.755
2020-02-10|26.495|27.7275|26.475|27.72
2020-02-11|28.175|28.4675|27.52|27.74
2020-02-12|28.2225|28.5875|28.025|28.5525
2020-02-13|27.9475|28.775|27.845|28.4425
2020-02-14|28.555|28.7475|28.27|28.635
2020-02-18|28.23|28.858|28.1475|28.685
2020-02-19|29.2025|29.7|29.0988|29.515
2020-02-20|29.325|29.495|27.5975|28.675
2020-02-21|28.265|28.395|26.6825|27.035
2020-02-24|24.07|24.895|23.4075|23.92
2020-02-25|24.4825|24.7275|21.735|21.985
2020-02-26|22.32|23.4325|21.7875|22.2875
2020-02-27|20.575|21.6025|18.895|18.955
2020-02-28|17.1025|19.3575|16.875|19.25
2020-03-02|19.8175|21.935|18.9925|21.8775
2020-03-03|22.0925|22.875|19.22|19.8175
2020-03-04|20.885|22.2875|20.325|22.2225
2020-03-05|20.56|21.69|19.7725|20.2725
2020-03-06|18.1825|19.52|17.75|19.21
2020-03-09|15.3825|17.2875|15.25|15.3075
2020-03-10|16.995|17.7325|15.25|17.69
2020-03-11|16.445|16.8075|14.75|15.415
2020-03-12|12.375|14.375|11.1|11.19
2020-03-13|13.06|14.3281|11.265|14.21
2020-03-16|10.115|12.15|9.2475|9.3125
2020-03-17|9.845|11.285|8.9375|10.83
2020-03-18|9.075|10.375|8.1825|9.8275
2020-03-19|9.7125|11.02|9|10.055
2020-03-20|10.7475|10.95|8.775|8.8775
2020-03-23|8.9825|9.5|8.0675|8.905
2020-03-24|10.3075|10.935|10.0325|10.89
2020-03-25|11.05|11.9588|10.27|10.6375
2020-03-26|10.9575|12.5|10.9169|12.37
2020-03-27|11.4075|12.0825|10.9473|11.085
2020-03-30|11.395|12.345|11.25|12.25
2020-03-31|12.1525|12.8825|11.7146|11.91
2020-04-01|10.9|11.43|10.155|10.4325
2020-04-02|10.3|11.085|10.1925|11.05
2020-04-03|10.965|11.2456|10.2151|10.605
2020-04-06|11.7775|13.0475|11.591|12.825
2020-04-07|13.975|14.0725|12.75|12.8
2020-04-08|13.1713|13.75|12.82|13.6175
2020-04-09|13.9825|14.18|13.3175|13.6675
2020-04-13|13.5|14.22|13.2685|14.1425
2020-04-14|15.0125|16.1|14.8475|15.9775
2020-04-15|15.2275|15.8475|14.9153|15.4475
2020-04-16|15.9525|16.5175|15.4875|16.275
2020-04-17|16.9175|17.025|16.0075|16.6825
2020-04-20|16.2975|16.8775|16.115|16.1425
2020-04-21|15.665|15.7825|14.0775|14.3575
2020-04-22|15.2575|15.915|15.0775|15.6275
2020-04-23|15.8075|16.3975|15.43|15.525
2020-04-24|15.635|16.35|15.3025|16.275
2020-04-27|16.795|16.8975|16.41|16.5925
2020-04-28|17.055|17.0575|15.6525|15.695
2020-04-29|16.7625|17.5925|16.5225|17.3275
2020-04-30|17.6025|17.6172|16.9876|17.4425
2020-05-01|16.33|16.8275|15.625|15.8775
2020-05-04|15.6338|16.4825|15.5175|16.4375
2020-05-05|16.9325|17.5563|16.8025|16.9625
2020-05-06|17.385|17.7813|17.0975|17.2975
2020-05-07|17.9575|18.1875|17.6413|17.9725
2020-05-08|18.3875|18.7375|18.13|18.6975
2020-05-11|18.3675|19.475|18.3125|19.1625
2020-05-12|19.3675|19.5325|18.0075|18.0225
2020-05-13|18.1475|18.6125|16.69|17.34
2020-05-14|17.01|17.9225|16.5275|17.915
2020-05-15|17.1775|18.275|17.0725|18.2225
2020-05-18|19|19.55|18.805|19.2775
2020-05-19|19.345|19.8925|19.1|19.13
2020-05-20|19.8025|20.3775|19.8025|20.25
2020-05-21|20.31|20.48|19.4825|19.6275
2020-05-22|19.5225|19.8725|19.2625|19.805
2020-05-26|20.7625|20.83|19.595|19.7225
2020-05-27|19.5275|20.01|18.345|20
2020-05-28|19.65|20.8015|19.6375|19.8725
2020-05-29|20.01|20.83|19.58|20.6925
2020-06-01|20.5138|21.06|20.4075|20.9475
2020-06-02|21.06|21.3875|20.41|21.365
2020-06-03|21.5375|21.8725|21.3025|21.655
2020-06-04|21.5575|21.97|20.8393|21.215
2020-06-05|21.475|22.6327|21.375|22.4725
2020-06-08|22.3975|23.02|21.9754|22.9725
2020-06-09|22.7225|23.745|22.6848|23.485
2020-06-10|23.99|24.805|23.845|24.3325
2020-06-11|23.145|23.5525|20.705|20.75
2020-06-12|22.0724|22.4117|20.1075|21.2
2020-06-15|20.27|22.17|20.015|21.9475
2020-06-16|23.3475|23.53|22.0775|23.1075
2020-06-17|23.5425|23.865|23.1|23.3325
2020-06-18|23.235|23.59|23.01|23.5125
2020-06-19|24.2425|24.3075|22.99|23.48
2020-06-22|23.4775|24.3875|23.3775|24.315
2020-06-23|24.8425|25.655|24.665|24.95
2020-06-24|24.725|25.1175|22.9625|23.48
2020-06-25|23.4775|24.18|22.685|24.1025
2020-06-26|24.005|24.075|22.225|22.37
2020-06-29|22.3025|23.1075|21.57|23.085
2020-06-30|23.08|24.62|23.0325|24.4125
2020-07-01|24.465|25.6175|24.31|25.285
2020-07-02|26.0725|26.4675|25.685|25.8225
2020-07-06|26.825|27.895|26.8225|27.72
2020-07-07|27.6375|28.54|27.06|27.175
2020-07-08|27.6075|28.235|27.1225|28.22
2020-07-09|28.8525|29.1675|27.465|28.925
2020-07-10|28.855|29.6125|27.9725|29.5375
2020-07-13|30.5125|31.4875|27.4225|27.7125
2020-07-14|26.8975|28.43|25.8475|28.3
2020-07-15|28.715|29.055|27.3475|28.44
2020-07-16|27.51|28.09|26.7475|27.83
2020-07-17|28.04|28.26|27.25|27.96
2020-07-20|28.2|30.5575|27.7725|30.34
2020-07-21|30.8975|30.9175|29.1|29.37
2020-07-22|29.5425|30.0325|28.9125|29.71
2020-07-23|29.5775|29.81|26.8925|27.3825
2020-07-24|26.1275|27.04|25.2525|26.5725
2020-07-27|27.1475|28.1375|26.87|28
2020-07-28|27.77|27.9275|26.8425|26.9475
2020-07-29|27.4225|28.1525|27.2875|27.865
2020-07-30|27.225|28.4925|26.84|28.3175
2020-07-31|29.83|29.875|28.2201|29.845
2020-08-03|30.5625|31.2825|30.515|30.9575
2020-08-04|30.83|31.405|30.585|31.36
2020-08-05|31.5375|31.7675|31.2275|31.61
2020-08-06|31.5275|32.9825|31.305|32.82
2020-08-07|32.655|32.955|30.9225|31.7475
2020-08-10|31.8175|31.9025|30.042|31.32
2020-08-11|30.89|31.3625|29.3475|29.5425
2020-08-12|30.275|32.09|30.275|31.7525
2020-08-13|32.02|32.795|31.6325|31.975
2020-08-14|32.165|32.2975|31.3525|31.8825
2020-08-17|32.4675|33.09|32.415|32.935
2020-08-18|33.3575|34.1001|32.8225|33.9025
2020-08-19|33.8969|34.3025|33.0725|33.24
2020-08-20|32.9375|34.7975|32.7925|34.6075
2020-08-21|34.665|35.5025|34.4487|35.33
2020-08-24|36.5525|36.8898|35.11|35.985
2020-08-25|35.7075|36.8625|35.5175|36.825
2020-08-26|37.3175|39.2625|37.27|39.1825
2020-08-27|39.645|39.9675|37.895|38.8275
2020-08-28|39.3225|39.6825|38.7875|39.4275
2020-08-31|39.635|41.135|39.455|40.34
2020-09-01|41.48|42.4925|40.7375|42.435
2020-09-02|43.87|43.9175|41.1684|43.6325
2020-09-03|41.6825|41.85|35.705|36.9325
2020-09-04|36.345|37.575|30.965|35.41
2020-09-08|31.2375|33.4925|30.265|30.405
2020-09-09|32.2575|33.8|31.4175|33.0175
2020-09-10|34.1299|34.5975|30.435|31.1075
2020-09-11|31.75|32.0475|29.2025|30.4275
2020-09-14|31.75|32.7025|31.27|31.995
2020-09-15|33.3325|33.8551|32.74|33.355
2020-09-16|33.6325|33.83|31.6475|31.7525
2020-09-17|29.3025|30.99|29.0125|30.29
2020-09-18|30.715|30.8625|27.6905|29.12
2020-09-21|27.8075|29.4875|27.025|29.465
2020-09-22|30.3|31.2825|29.115|31.075
2020-09-23|30.9625|31.0375|27.9275|28.1975
2020-09-24|27.4225|29.6775|27.2925|28.61
2020-09-25|28.7675|30.89|28.2625|30.615
2020-09-28|32.3225|32.5|31.3925|32.43
2020-09-29|32.37|32.7098|31.8825|32.09
2020-09-30|32.1475|33.88|32.0625|32.725
2020-10-01|34.1425|34.5175|33.445|34.2575
2020-10-02|32.03|33.4075|31.0825|31.4325
2020-10-05|32.1175|33.525|32.0625|33.415
2020-10-06|33.0975|33.78|31.2875|31.62
2020-10-07|32.5425|33.5275|32.345|33.2825
2020-10-08|34.1125|34.1517|33.385|33.7725
2020-10-09|34.385|35.3463|34.24|35.275
2020-10-12|37.1|39.6825|36.715|38.565
2020-10-13|39.3|39.5825|38.0375|38.57
2020-10-14|38.915|39.3|36.9125|37.6175
2020-10-15|35.755|37.0975|35.485|36.84
2020-10-16|37.5175|38.0673|36.125|36.275
2020-10-19|37.01|37.3775|34.09|34.4725
2020-10-20|34.745|35.85|34.1469|34.695
2020-10-21|34.7725|35.7525|34.43|34.605
2020-10-22|34.925|35.2509|33.3675|34.6225
2020-10-23|34.8525|34.8575|33.7225|34.825
2020-10-26|33.9425|34.995|31.8725|33.2375
2020-10-27|33.5675|34.3|33.13|34.0225
2020-10-28|32.355|32.56|29.9501|30.03
2020-10-29|30.485|32.615|30.31|31.5575
2020-10-30|30.8875|31.1825|28.3875|29.3625
2020-11-02|29.9475|30.5225|28.4025|29.3725
2020-11-03|29.995|31.6024|29.65|30.85
2020-11-04|33.8975|35.66|33.33|35.02
2020-11-05|37.415|38.1375|36.8975|37.7225
2020-11-06|37.4675|38.1425|36.015|37.85
2020-11-09|38.92|39.595|35.37|35.54
2020-11-10|34.285|34.8125|32.5875|33.6225
2020-11-11|34.5175|36.0475|34.37|35.8825
2020-11-12|36.2125|36.73|34.93|35.3575
2020-11-13|35.945|36.52|35.165|36.285
2020-11-16|36.1875|37.2525|35.936|37.12
2020-11-17|37.2|37.34|36.5325|36.7775
2020-11-18|36.565|37.1875|35.925|35.925
2020-11-19|35.7275|36.9225|35.49|36.815
2020-11-20|36.7625|37.0675|36.03|36.0675
2020-11-23|36.455|36.935|35.19|36.075
2020-11-24|36.455|37.7575|35.7675|37.55
2020-11-25|37.93|38.5025|37.6125|38.2575
2020-11-27|39.01|39.7675|38.8825|39.3025
2020-11-30|39.43|39.6951|37.645|39.505
2020-12-01|40.4475|41.7375|40.0251|41.0575
2020-12-02|40.5525|41.3603|39.795|41.2225
2020-12-03|41.3225|42.0475|41.0878|41.39
2020-12-04|41.4|41.96|41.1275|41.8975
2020-12-07|41.975|42.755|41.9|42.6075
2020-12-08|42.4125|43.17|41.6525|42.9975
2020-12-09|42.96|43.065|39.655|40.1175
2020-12-10|39.26|41.0667|38.815|40.61
2020-12-11|39.9125|40.3825|38.975|40.325
2020-12-14|40.8075|42.0125|40.7925|41.185
2020-12-15|42.145|42.5025|41.23|42.465
2020-12-16|42.6925|43.5625|42.245|43.1775
2020-12-17|43.9125|44.1688|43.3975|44.0625
2020-12-18|44.39|44.4775|42.6325|43.5825
2020-12-21|42.3925|43.655|41.17|43.42
2020-12-22|43.825|44.1775|42.5438|43.7625
2020-12-23|43.76|43.94|43.045|43.1025
2020-12-24|43.2275|43.86|43.18|43.6625
2020-12-28|44.79|45.1888|44.0075|44.9725
2020-12-29|45.5875|45.85|44.7025|45.105
2020-12-30|45.6125|45.75|44.8175|45.0975
2020-12-31|45.0675|45.62|44.5825|45.45
2021-01-04|46.02|46.097|41.7075|43.4625
2021-01-05|43.07|44.6388|43.07|44.5525
2021-01-06|42.475|44.585|42.055|42.71
2021-01-07|43.8425|46.1625|43.8375|45.795
2021-01-08|46.8275|47.72|45.85|47.57
2021-01-11|46.2025|46.735|45.2025|45.4675
2021-01-12|45.53|46.0025|44.1|45.27
2021-01-13|45.3925|46.5475|45.1261|46.15
2021-01-14|46.375|46.835|45.24|45.4475
2021-01-15|45.3525|45.7825|43.77|44.3425
2021-01-19|45.3625|46.5175|44.9|46.265
2021-01-20|47.9275|49.9425|47.765|49.49
2021-01-21|50.125|51.07|49.5|50.72
2021-01-22|50.205|50.76|49.9401|50.26
2021-01-25|51.88|52.5341|48.4|51.655
2021-01-26|51.86|52.29|51.0875|51.71
2021-01-27|50.63|50.65|46.5|47.54
2021-01-28|47.945|50.5|47.675|48.24
2021-01-29|47.45|47.96|44.375|45.235
2021-02-01|46.775|49.015|45.87|48.56
2021-02-02|49.945|51.48|49.88|50.91
2021-02-03|51.965|52.115|50.325|50.325
2021-02-04|51.02|52.15|50.375|52.105
2021-02-05|52.6|53.145|51.785|52.65
2021-02-08|53.48|53.7751|52.6743|53.68
2021-02-09|53.24|54.285|53.24|53.655
2021-02-10|54.39|54.6|51.73|53.275
2021-02-11|54.08|54.37|52.98|54.135
2021-02-12|53.79|55.15|53.22|55.055
2021-02-16|55.48|55.93|54.04|54.595
2021-02-17|53.115|53.97|52.005|53.835
2021-02-18|52.03|53.48|51.14|53.11
2021-02-19|53.82|53.84|51.93|52.41
2021-02-22|50.27|50.9|48.25|48.35
2021-02-23|45.89|48.68|43.21|47.92
2021-02-24|46.62|49.235|45.45|49.075
2021-02-25|47.81|49.035|43.225|43.95
2021-02-26|45.1925|46.58|43.125|44.61
2021-03-01|46.68|48.6539|46.095|48.5
2021-03-02|48.77|48.8425|46.05|46.175
2021-03-03|45.685|46.1|42.1225|42.17
2021-03-04|41.985|43.32|38.44|40.085
2021-03-05|41.145|42.235|37.515|41.88
2021-03-08|41.64|42.425|38.135|38.3
2021-03-09|41.2333|43.575|40.965|42.81
2021-03-10|44.63|44.75|42.155|42.445
2021-03-11|44.51|46.13|44.07|45.39
2021-03-12|43.585|44.335|42.535|44.26
2021-03-15|44.405|45.755|43.69|45.675
2021-03-16|46.67|47.995|45.8|46.425
2021-03-17|45.06|47.865|44.305|47.01
2021-03-18|44.805|45.25|42.475|42.695
2021-03-19|42.625|43.775|41.7|43.24
2021-03-22|44.145|46.435|44.145|45.545
2021-03-23|46.025|46.615|44.585|44.95
2021-03-24|45.545|45.56|42.625|42.68
2021-03-25|41.91|43.09|40.825|42.45
2021-03-26|42.36|44.485|41.765|44.325
2021-03-29|44.12|44.77|42.86|44.3
2021-03-30|43.475|43.895|42.48|43.67
2021-03-31|44.395|46.3|44.255|45.63
2021-04-01|47.3175|48.015|47.21|47.95
2021-04-05|49.105|51.19|48.9857|50.83
2021-04-06|50.68|51.64|50.355|50.71
2021-04-07|50.5148|51.49|50.05|51.085
2021-04-08|52.46|52.77|52.05|52.68
2021-04-09|52.01|53.73|51.66|53.635
2021-04-12|53.15|53.62|52.49|53.425
2021-04-13|54.19|55.5|54.06|55.255
2021-04-14|55.395|55.465|52.88|53.315
2021-04-15|54.685|55.885|54.62|55.67
2021-04-16|55.955|55.995|54.95|55.905
2021-04-19|55.075|55.685|53.375|54.38
2021-04-20|54.025|54.66|52.195|53.19
2021-04-21|52.5|54.615|52.01|54.535
2021-04-22|54.335|54.815|51.97|52.55
2021-04-23|52.86|55.16|52.86|54.53
2021-04-26|54.655|55.735|54.275|55.61
2021-04-27|55.735|55.835|54.385|54.88
2021-04-28|54.695|55.2|53.9851|54.315
2021-04-29|55.93|56.115|53.29|54.86
2021-04-30|53.645|54.9|53.345|53.83
2021-05-03|54.38|54.745|52.715|52.95
2021-05-04|51.725|51.845|48.225|50.16
2021-05-05|51.02|51.425|49.2|49.575
2021-05-06|49.435|50.74|48.395|50.66
2021-05-07|51.985|53.0375|51.3855|51.9
2021-05-10|51.245|51.33|47.88|48
2021-05-11|45.295|48.12|45|47.76
2021-05-12|45.51|46.575|43.66|44.125
2021-05-13|45.3|46.3351|44.0352|45.055
2021-05-14|46.44|48.445|46.21|47.985
2021-05-17|47.255|47.5799|45.865|47.175
2021-05-18|47.605|48.14|46.095|46.185
2021-05-19|43.825|46.495|43.665|46.355
2021-05-20|47.035|49.43|46.915|49.035
2021-05-21|49.77|49.966|48.055|48.225
2021-05-24|49.275|51.17|49.11|50.64
2021-05-25|51.374|51.72|50.315|50.885
2021-05-26|51.18|51.6193|50.86|51.4
2021-05-27|51.185|51.58|50.72|50.8
2021-05-28|51.39|52.0475|51.15|51.295
2021-06-01|51.925|52.15|50.1425|50.795
2021-06-02|50.975|51.485|50.265|51.06
2021-06-03|49.745|50.335|48.6875|49.455
2021-06-04|50.315|52.195|50.265|51.99
2021-06-07|51.715|52.4825|51.4071|52.45
2021-06-08|53.29|53.71|51.7125|52.51
2021-06-09|53.18|53.56|52.465|52.57
2021-06-10|52.715|54.25|52.5|54.18
2021-06-11|54.21|54.62|53.88|54.61
2021-06-14|54.82|56.185|54.25|56.14
2021-06-15|56.01|56.17|54.73|55.1
2021-06-16|55.31|55.8351|52.76|54.51
2021-06-17|53.98|57.04|53.965|56.545
2021-06-18|55.705|56.289|54.84|55.195
2021-06-21|55.315|56.4|54.195|56.205
2021-06-22|56.155|58.025|55.985|57.775
2021-06-23|57.785|58.48|57.4625|57.875
2021-06-24|58.87|59.745|58.595|58.94
2021-06-25|59.245|59.375|58.425|58.755
2021-06-28|59.385|60.94|59.37|60.835
2021-06-29|60.78|61.538|60.335|61.52
2021-06-30|61.445|61.65|60.925|61.25
2021-07-01|61.04|61.57|60.325|61.28
2021-07-02|62.32|63.575|62.19|63.36
2021-07-06|63.725|64.38|62.25|64.21
2021-07-07|65.45|65.61|63.55|64.62
2021-07-08|61.8425|63.93|61.12|63.5
2021-07-09|63.14|64.9|62.815|64.575
2021-07-12|65.4|65.6445|64.5292|65.385
2021-07-13|65.19|67.0338|64.905|65.35
2021-07-14|66.68|67.04|65.275|65.705
2021-07-15|65.705|65.79|63.23|64.345
2021-07-16|64.8275|65.355|62.585|62.765
2021-07-19|60.905|61.5|59.835|61.26
2021-07-20|61.72|64.15|60.775|63.28
2021-07-21|63.155|64.795|63|64.725
2021-07-22|64.925|66.1|64.9176|66.085
2021-07-23|66.85|68.555|66.1475|68.28
2021-07-26|68.01|68.785|67.52|68.565
2021-07-27|68.415|68.415|63.915|66.325
2021-07-28|66.93|67.93|65.635|67.05
2021-07-29|66.74|68.06|66.7325|67.38
2021-07-30|65.175|66.675|65.135|66.37
2021-08-02|67.27|67.595|66.01|66.35
2021-08-03|66.72|67.6|64.925|67.505
2021-08-04|67.545|68.38|66.9|67.84
2021-08-05|68.28|69.24|67.9|69.115
2021-08-06|68.395|68.965|67.5775|68.215
2021-08-09|68.455|68.89|67.84|68.58
2021-08-10|68.885|69.055|66.8575|67.555
2021-08-11|68.25|68.525|66.42|67.19
2021-08-12|66.905|68.1|66.12|67.89
2021-08-13|68.09|68.805|67.815|68.57
2021-08-16|67.97|68.715|65.7476|68.69
2021-08-17|67.105|67.675|65.485|66.885
2021-08-18|66.55|67.36|64.755|64.94
2021-08-19|63.87|66.8|63.725|65.865
2021-08-20|66.475|68.135|66.29|67.9
2021-08-23|68.515|71.35|68.5|70.925
2021-08-24|71.305|71.97|71.035|71.625
2021-08-25|71.745|72.2|71.315|71.705
2021-08-26|71.335|71.755|70.22|70.49
2021-08-27|70.845|72.8|70.57|72.55
2021-08-30|73|75.26|72.975|74.955
2021-08-31|75.11|75.15|73.845|74.745
2021-09-01|75.415|76.41|75.035|75.155
2021-09-02|75.975|76.17|74.3|75.05
2021-09-03|74.35|75.97|74.33|75.725
2021-09-07|75.775|76.44|75.08|76.035
2021-09-08|75.905|75.925|73.855|75.255
2021-09-09|75.365|76.05|74.295|74.45
2021-09-10|75.5|75.925|72.555|72.775
2021-09-13|74.145|74.39|71.38|72.61
2021-09-14|73.475|73.93|71.41|71.985
2021-09-15|72.245|73.78|70.8825|73.58
2021-09-16|72.775|74.065|71.62|73.725
2021-09-17|73.45|73.465|70.48|71.12
2021-09-20|67.71|68.73|64|66.745
2021-09-21|67.69|68.375|66.295|66.83
2021-09-22|67.43|69.615|66.805|68.785
2021-09-23|69.455|71.285|69.085|70.695
2021-09-24|69.36|71.125|69.15|70.895
2021-09-27|69.105|69.7|67.7|69.185
2021-09-28|66.57|66.945|63.035|63.415
2021-09-29|63.98|65.145|62.65|62.995
2021-09-30|63.89|64.77|62.04|62.285
2021-10-01|62.625|64.0049|60.42|63.42
2021-10-04|62.55|62.7435|58.235|59.52
2021-10-05|59.985|63|59.8605|61.81
2021-10-06|60.13|63.16|59.63|63.03
2021-10-07|64.6625|66.17|64.365|64.735
2021-10-08|65.335|65.461|63.485|63.74
2021-10-11|62.93|64.845|62.2675|62.325
2021-10-12|63.085|63.31|61.305|61.69
2021-10-13|62.89|63.475|61.8|63.135
2021-10-14|65.055|66.725|64.7|66.62
2021-10-15|67.3|67.925|66.71|67.855
2021-10-18|67.125|70.01|66.79|69.89
2021-10-19|70.52|71.515|70.14|71.425
2021-10-20|71.745|72.11|70.34|71.2
2021-10-21|70.7175|72.605|70.565|72.475
2021-10-22|71.735|72.33|69.68|70.64
2021-10-25|71.494|73.365|70.36|72.76
2021-10-26|74.16|75.5975|72.825|73.44
2021-10-27|73.78|75.86|73.63|74.02
2021-10-28|75.155|76.625|74.7|76.45
2021-10-29|74.595|77.7|74.39|77.58
2021-11-01|77.9|78.465|76.59|78.345
2021-11-02|78.0125|79.685|77.98|79.39
2021-11-03|79.67|82.16|79.035|81.91
2021-11-04|82.715|85.6739|82.365|84.965
2021-11-05|86.23|86.83|84.365|85.28
2021-11-08|85.25|85.95|84.53|84.93
2021-11-09|85.625|85.8974|82.285|83.18
2021-11-10|81.36|83.2|78.25|79.535
2021-11-11|81.375|81.495|79.95|80.18
2021-11-12|80.905|83.035|79.875|82.725
2021-11-15|83.455|83.655|81.045|82.7
2021-11-16|82.145|84.7042|82.03|84.41
2021-11-17|84.605|85.8425|83.895|84.51
2021-11-18|85.84|87.45|84.385|87.095
2021-11-19|88.215|89.4351|87.66|88.57
2021-11-22|89.645|91.68|85.43|85.5
2021-11-23|84.725|86.085|81.395|84.335
2021-11-24|82.655|85.28|81.165|85.115
2021-11-26|83.39|84.32|79.36|80.42
2021-11-29|83.1|86.08|82.665|85.415
2021-11-30|84.84|86.395|80.355|81.745
2021-12-01|84.43|85.81|77.235|77.55
2021-12-02|76.71|80.2595|75.825|79.01
2021-12-03|80|80.64|72.465|75.04
2021-12-06|75.295|77.64|72.765|76.795
2021-12-07|80.885|84.14|80.87|83.72
2021-12-08|83.945|85|82.735|84.885
2021-12-09|84.075|85.255|81|81.22
2021-12-10|82.885|83.915|80.89|83.735
2021-12-13|83.735|83.945|79.89|80.135
2021-12-14|77.06|78.78|74.915|77.75
2021-12-15|77.48|83.1345|75.015|82.895
2021-12-16|83.505|83.81|75.475|76.57
2021-12-17|74.415|77.895|73.5|75.4
2021-12-20|72.51|73.625|71.2501|73.145
2021-12-21|75.08|78.2245|72.855|78.035
2021-12-22|77.79|81|77.4117|80.82
2021-12-23|81.085|83.645|80.985|82.74
2021-12-27|83.545|86.765|83.5|86.695
2021-12-28|87.38|87.49|85.015|85.675
2021-12-29|85.655|86.495|83.9755|85.54
2021-12-30|85.385|86.8275|84.385|84.74
2021-12-31|84.315|85.2|82.855|83.165
2022-01-03|83.915|85.72|82.56|85.565
2022-01-04|85.915|85.945|80.195|82.24
2022-01-05|81.19|81.86|74.5013|74.675
2022-01-06|73.515|76.405|72.21|74.47
2022-01-07|74.45|75.47|71|72.035
2022-01-10|69.175|72.47|66.05|72.3
2022-01-11|71.715|75.515|70.52|75.48
2022-01-12|76.985|77.965|74.94|76.34
2022-01-13|77.13|77.55|70.02|70.8
2022-01-14|69.09|72.065|69|71.87
2022-01-18|68.485|69.72|66.06|66.69
2022-01-19|67.36|68.71|64.16|64.37
2022-01-20|66.02|68.18|61.5|61.88
2022-01-21|60.62|62.025|56.5|56.67
2022-01-24|53.845|57.75|48.17|57.49
2022-01-25|54.15|56.31|51.75|53.25
2022-01-26|56.99|58.85|51.37|53.15
2022-01-27|55.4|56.24|51.04|51.56
2022-01-28|52.4|56.46|50.1|56.37
2022-01-31|57.045|62.0599|56.22|61.83
2022-02-01|62.42|63.35|59.73|63.01
2022-02-02|65.22|65.3697|62.35|64.5
2022-02-03|59.32|61.07|56.12|56.74
2022-02-04|56.87|60.41|55.89|58.7
2022-02-07|59.07|60.27|56.72|57.37
2022-02-08|56.8|59.8255|56.23|59.32
2022-02-09|61.56|63.08|60.76|63
2022-02-10|59.31|62.91|57.8|58.82
2022-02-11|58.78|59.55|52.555|53.28
2022-02-14|52.9|54.97|51.7|53.43
2022-02-15|55.83|57.44|55.35|57.3
2022-02-16|56.27|57.7999|54.7|57.29
2022-02-17|55.64|56.05|51.97|52.21
2022-02-18|52.59|52.7891|49.31|50.44
2022-02-22|49.04|51.5|47.205|48.88
2022-02-23|50.24|50.63|44.97|45.14
2022-02-24|40.76|49.85|40.61|49.56
2022-02-25|49.995|52.005|48.25|51.91
2022-02-28|50.455|53.185|49.9206|52.46
2022-03-01|51.92|52.97|48.85|50.04
2022-03-02|50.67|53.05|49.42|52.43
2022-03-03|53.75|53.78|49.37|50.24
2022-03-04|49.165|49.8|47|48.09
2022-03-07|48.045|48.5401|42.63|42.72
2022-03-08|42.39|46|40.77|42.13
2022-03-09|45.4|47.2|44.35|46.64
2022-03-10|44.9|45.62|43.1904|45.14
2022-03-11|46.34|46.47|42.09|42.34
2022-03-14|41.81|43.13|39.56|39.86
2022-03-15|40.87|43.8899|40.235|43.55
2022-03-16|45.16|48.48|43.69|48.44
2022-03-17|47.59|50.19|47.0399|50.06
2022-03-18|49.46|53.41|48.9305|53.17
2022-03-21|52.86|53.925|50.77|52.79
2022-03-22|53.07|56.34|52.87|55.91
2022-03-23|54.56|56.2693|53.5|53.55
2022-03-24|54.43|57.09|53.41|57.02
2022-03-25|57.04|57.5612|54.85|56.93
2022-03-28|56.92|59.61|56.33|59.52
2022-03-29|61.52|62.96|60.14|62.57
2022-03-30|61.68|62.54|59.8|60.69
2022-03-31|60.64|60.83|57.9|58.18
2022-04-01|58.43|58.815|56.4|57.93
2022-04-04|58.38|61.55|58.23|61.55
2022-04-05|60.82|61.16|56.86|57.48
2022-04-06|54.82|55.3688|52.4|53.7
2022-04-07|53.23|55.0889|51.58|54.05
2022-04-08|53.22|53.59|51.5|51.84
2022-04-11|49.83|50.27|47.95|48.16
2022-04-12|50.16|50.975|46.89|47.54
2022-04-13|47.66|50.835|47.33|50.39
2022-04-14|50.42|50.65|46.8305|47
2022-04-18|46.47|48.01|45.82|47.13
2022-04-19|46.73|50.4199|46.31|50.16
2022-04-20|50.57|50.74|47.44|47.9
2022-04-21|49.64|50.77|44.59|45.09
2022-04-22|45.05|45.57|41.28|41.51
2022-04-25|40.81|43.16|40.31|43.05
2022-04-26|42.22|42.29|38.1|38.21
2022-04-27|38.17|40.22|37.37|38.04
2022-04-28|39.825|42.73|38.28|42.06
2022-04-29|40.39|41.769|36.2|36.53
2022-05-02|36.25|38.28|35.13|38.25
2022-05-03|38.19|39.1694|37.3|38.34
2022-05-04|38.49|42.45|36.53|42.14
2022-05-05|40.5|40.51|34.52|35.86
2022-05-06|35.09|36.53|33.1|34.61
2022-05-09|32.56|33.42|30.01|30.52
2022-05-10|32.715|33.08|30.28|31.57
2022-05-11|30.85|32.6|28.47|28.76
2022-05-12|27.43|29.89|26.69|28.53
2022-05-13|29.85|32|29.38|31.63
2022-05-16|31.13|31.78|30.18|30.65
2022-05-17|32.43|33.08|31.2395|32.96
2022-05-18|31.46|31.69|27.69|28.15
2022-05-19|27.54|29.02|27.04|27.58
2022-05-20|28.65|28.8399|24.93|27.34
2022-05-23|27.65|28.83|26.96|28.69
2022-05-24|27.145|27.36|25.425|26.9
2022-05-25|26.44|28.6|26.385|27.98
2022-05-26|27.76|30.78|27.68|30.32
2022-05-27|31.295|33.3392|31.27|33.29
2022-05-31|33.3|34|31.7312|33.05
2022-06-01|33.71|34.43|31.55|32.28
2022-06-02|31.92|34.98|31.45|34.9
2022-06-03|33.14|33.63|31.76|32.14
2022-06-06|33.615|34.13|32|32.54
2022-06-07|31.42|33.595|31.05|33.33
2022-06-08|33.075|33.94|32.33|32.65
2022-06-09|32.07|33.06|29.932|29.99
2022-06-10|28.255|28.62|26.67|26.79
2022-06-13|24.27|24.98|22.82|23.08
2022-06-14|23.64|23.87|22.52|23.23
2022-06-15|24.06|25.92|23.34|24.9
2022-06-16|22.99|23.12|21.32|21.86
2022-06-17|22.07|23.28|21.65|22.67
2022-06-21|23.815|24.98|23.78|24.38
2022-06-22|23.71|25.45|23.55|24.29
2022-06-23|24.94|25.57|24.17|25.33
2022-06-24|26.112|28.04|26.0501|27.98
2022-06-27|28.35|28.5|27|27.32
2022-06-28|27.46|28.21|24.76|24.83
2022-06-29|24.78|25.2899|24.1|24.88
2022-06-30|24.06|24.89|22.75|24
2022-07-01|23.6|24.5|23.1|24.39
2022-07-05|23.41|25.68|23|25.65
2022-07-06|25.77|26.72|25.28|26.14
2022-07-07|26.38|28|26.37|27.76
2022-07-08|26.99|28.31|26.71|27.89
2022-07-11|27.2|27.27|25.86|26.11
2022-07-12|26.44|26.98|24.9099|25.35
2022-07-13|23.84|25.83|23.69|25.19
2022-07-14|24.465|25.68|23.62|25.45
2022-07-15|26.27|26.85|25.81|26.79
2022-07-18|27.61|28|25.82|26.17
2022-07-19|27.15|28.62|26.6907|28.46
2022-07-20|28.66|30.25|28.44|29.89
2022-07-21|30.01|31.175|29.22|31.16
2022-07-22|30.88|31.53|28.95|29.53
2022-07-25|29.53|29.67|28.41|29.09
2022-07-26|28.49|28.57|27.05|27.33
2022-07-27|28.6|31.25|28.43|30.74
2022-07-28|30.675|31.82|29.52|31.62
2022-07-29|32.13|33.65|31.6702|33.36
2022-08-01|32.78|34.42|32.4399|33.31
2022-08-02|32.54|34.3499|32.21|33
2022-08-03|33.55|35.95|33.31|35.64
2022-08-04|35.69|36.265|34.96|36.15
2022-08-05|34.43|35.98|34.15|35.29
2022-08-08|35.6|36.83|34.435|34.93
2022-08-09|34.28|34.37|33.19|33.73
2022-08-10|36.135|36.64|35.31|36.5
2022-08-11|37.33|38.02|35.67|35.95
2022-08-12|36.6|38.05|36.235|37.98
2022-08-15|37.65|39.08|37.64|38.89
2022-08-16|38.56|39.38|37.53|38.64
2022-08-17|37.51|38.3278|36.55|37.3
2022-08-18|37.26|37.96|36.69|37.55
2022-08-19|36.48|36.7002|35.065|35.35
2022-08-22|33.89|33.97|32.26|32.57
2022-08-23|32.431|33.35|32.2|32.46
2022-08-24|32.3|33.3|32.105|32.71
2022-08-25|33.28|34.44|32.94|34.43
2022-08-26|34.345|34.74|30.2|30.24
2022-08-29|29.35|30.12|28.9588|29.31
2022-08-30|29.79|29.95|27.56|28.33
2022-08-31|29.155|29.4|27.7729|27.81
2022-09-01|27.08|27.93|26.02|27.84
2022-09-02|28.64|29.04|26.17|26.68
2022-09-06|26.76|27.0199|25.46|26.07
2022-09-07|26.18|27.9|26.11|27.61
2022-09-08|27.03|28.415|26.64|28.06
2022-09-09|28.68|30.02|28.66|29.84
2022-09-12|30.3|31.03|30.19|30.93
2022-09-13|28.24|28.61|25.56|25.84
2022-09-14|26.125|26.67|25.64|26.42
2022-09-15|25.88|26.55|24.65|25.09
2022-09-16|24.21|24.73|23.67|24.6
2022-09-19|23.94|25.23|23.92|25.19
2022-09-20|24.53|25.19|23.98|24.59
2022-09-21|24.81|25.92|23.23|23.24
2022-09-22|22.85|23.11|22.07|22.38
2022-09-23|21.795|21.86|20.45|21.31
2022-09-26|21.16|22.21|20.83|21.02
2022-09-27|21.815|22.35|20.5|21.04
2022-09-28|21.03|22.59|20.68|22.27
2022-09-29|21.305|21.39|19.62|20.39
2022-09-30|20.155|21.09|19.28|19.32
2022-10-03|19.705|21.01|19.36|20.66
2022-10-04|21.895|22.765|21.89|22.58
2022-10-05|21.665|23|21.01|22.58
2022-10-06|22.3|23.06|21.92|22.01
2022-10-07|20.88|20.91|19.16|19.5
2022-10-10|19.515|19.61|18.3|18.89
2022-10-11|18.52|19.14|17.74|18.14
2022-10-12|18.23|18.64|17.93|18.1
2022-10-13|16.515|19.62|16.32|19.31
2022-10-14|19.85|19.98|17.46|17.57
2022-10-17|18.805|19.5|18.8|19.3
2022-10-18|20.865|21|19.17|19.78
2022-10-19|19.41|20.24|19.01|19.54
2022-10-20|19.33|20.4667|18.96|19.21
2022-10-21|18.98|20.69|18.725|20.57
2022-10-24|20.63|21.47|19.8|21.27
2022-10-25|21.475|22.64|21.47|22.55
2022-10-26|21.18|22.5|20.93|21.06
2022-10-27|20.79|21.12|19.77|19.9
2022-10-28|19.75|21.81|19.71|21.7
2022-10-31|21.175|21.365|20.49|20.95
2022-11-01|21.74|21.8699|20.21|20.3
2022-11-02|20.28|20.98|18.181|18.2
2022-11-03|17.645|17.95|17.04|17.15
2022-11-04|18.13|18.35|16.85|17.95
2022-11-07|18.16|18.64|17.71|18.52
2022-11-08|18.85|19.62|18.09|18.92
2022-11-09|18.53|18.7|17.53|17.6
2022-11-10|20.15|21.54|19.7|21.45
2022-11-11|21.43|22.83|21.12|22.67
2022-11-14|22.17|22.96|21.82|22.07
2022-11-15|23.645|23.95|22.18|22.96
2022-11-16|22.5|22.58|21.82|22.03
2022-11-17|20.95|22.2097|20.91|21.86
2022-11-18|22.56|22.58|21.28|21.84
2022-11-21|21.52|21.8|20.97|21.18
2022-11-22|21.33|22.1|20.83|22.07
2022-11-23|22.05|22.87|22.01|22.73
2022-11-25|22.34|22.5|22.15|22.26
2022-11-28|21.8|22.27|21.06|21.28
2022-11-29|21.32|21.42|20.47|20.77
2022-11-30|20.85|23.65|20.65|23.56
2022-12-01|23.7|24.17|23.01|23.69
2022-12-02|22.445|23.63|22.39|23.41
2022-12-05|22.88|23.2|21.86|22.23
2022-12-06|22.18|22.21|20.5|20.82
2022-12-07|20.56|21.03|20.18|20.57
2022-12-08|20.87|21.5|20.39|21.3
2022-12-09|21.05|21.69|20.77|20.89
2022-12-12|20.91|21.66|20.67|21.65
2022-12-13|24.175|24.23|21.72|22.33
2022-12-14|22.21|22.99|21.08|21.8
2022-12-15|20.86|21.0298|19.35|19.64
2022-12-16|19.48|19.8091|18.71|19.06
2022-12-19|19.1|19.1299|17.98|18.27
2022-12-20|18|18.56|17.67|18.19
2022-12-21|18.41|19.25|18.2301|18.98
2022-12-22|18.23|18.245|16.58|17.54
2022-12-23|17.21|17.72|16.83|17.59
2022-12-27|17.46|17.48|16.72|16.84
2022-12-28|16.75|17.1955|16.1|16.16
2022-12-29|16.67|17.5|16.5301|17.3
2022-12-30|16.76|17.3|16.5|17.3
2023-01-03|17.74|18.0395|16.47|16.91
2023-01-04|17.325|17.49|16.54|17.17
2023-01-05|16.81|16.85|16.28|16.36
2023-01-06|16.65|17.9|16.1|17.64
2023-01-09|18.08|18.96|17.8901|18.01
2023-01-10|17.815|18.49|17.7|18.49
2023-01-11|18.685|19.435|18.52|19.41
2023-01-12|19.515|19.92|18.59|19.71
2023-01-13|19.17|20.17|19.1|20.1
2023-01-17|20.06|20.51|19.81|20.21
2023-01-18|20.575|20.905|19.39|19.46
2023-01-19|19.07|19.31|18.58|18.85
2023-01-20|19.175|20.45|18.9601|20.39
2023-01-23|20.55|22|20.38|21.73
2023-01-24|21.36|21.8671|21.24|21.6
2023-01-25|20.56|21.59|19.98|21.44
2023-01-26|22.22|22.7199|21.6|22.68
2023-01-27|22.36|23.82|22.33|23.33
2023-01-30|22.55|22.9|21.85|21.93
2023-01-31|21.94|22.92|21.9|22.91
2023-02-01|22.86|24.95|22.36|24.39
2023-02-02|25.955|27.45|25.75|26.91
2023-02-03|25.21|27.14|25.11|25.52
2023-02-06|24.845|25.45|24.52|24.87
2023-02-07|24.83|26.69|24.5412|26.41
2023-02-08|26.05|26.3|24.81|24.99
2023-02-09|26.05|26.09|23.93|24.32
2023-02-10|23.76|24.26|23.22|23.82
2023-02-13|24.14|25.1|23.85|24.95
2023-02-14|24.535|25.74|24.05|25.49
2023-02-15|25.02|26.1|24.85|26.06
2023-02-16|24.83|25.87|24.53|24.57
2023-02-17|24.03|24.23|23.3|24.04
2023-02-21|23.1|23.45|22.29|22.35
2023-02-22|22.45|22.85|21.98|22.37
2023-02-23|23.185|23.23|21.95|22.93
2023-02-24|21.75|22.03|21.35|21.77
2023-02-27|22.48|22.8|22.1|22.24
2023-02-28|22.08|22.72|22|22.13
2023-03-01|22.06|22.21|21.37|21.59
2023-03-02|21.01|22.3|20.95|22.11
2023-03-03|22.5|23.53|22.3847|23.46
2023-03-06|23.76|24.48|23.5|23.56
2023-03-07|23.555|23.78|22.5213|22.68
2023-03-08|22.75|23.14|22.33|22.99
2023-03-09|23.11|23.71|21.59|21.78
2023-03-10|21.82|22.16|20.62|20.88
2023-03-13|20.47|22.15|20.13|21.33
2023-03-14|22.12|22.91|21.92|22.78
2023-03-15|22.17|23.22|21.83|23.11
2023-03-16|22.88|25.03|22.72|24.94
2023-03-17|24.93|25.51|24.1|24.57
2023-03-20|24.43|24.9157|23.89|24.83
2023-03-21|25.31|26|24.93|25.88
2023-03-22|25.71|26.96|24.6499|24.68
2023-03-23|25.595|26.6099|24.88|25.56
2023-03-24|25.44|25.84|24.84|25.82
2023-03-27|25.985|26.26|25.06|25.29
2023-03-28|25.135|25.14|24.29|24.87
2023-03-29|25.76|26.37|25.57|26.23
2023-03-30|26.82|27.09|26.49|26.94
2023-03-31|27|28.32|26.91|28.26
2023-04-03|27.68|28.12|27.33|28.06
2023-04-04|28.16|28.43|27.42|27.78
2023-04-05|27.47|27.52|26.41|26.89
2023-04-06|26.46|27.56|26.11|27.43
2023-04-10|26.64|27.38|26.17|27.37
2023-04-11|27.36|27.37|26.7|26.84
2023-04-12|27.34|27.49|26|26.13
2023-04-13|26.53|27.74|26.49|27.63
2023-04-14|27.205|27.93|26.695|27.47
2023-04-17|27.35|27.6199|26.81|27.5
2023-04-18|28.07|28.18|27.2|27.52
2023-04-19|26.87|27.74|26.84|27.46
2023-04-20|26.67|27.58|26.47|26.82
2023-04-21|26.7|27.09|26.25|26.87
2023-04-24|26.81|27.17|26.14|26.71
2023-04-25|26.28|26.45|25.17|25.2
2023-04-26|26.02|26.39|25.51|25.62
2023-04-27|26.56|27.83|26.39|27.69
2023-04-28|27.64|28.28|27.33|28.25
2023-05-01|28.14|28.53|27.87|28.17
2023-05-02|28.14|28.22|26.96|27.42
2023-05-03|27.5|28.2|26.83|26.88
2023-05-04|26.78|27.08|26.284|26.58
2023-05-05|27.12|28.46|27.0337|28.21
2023-05-08|28.1|28.54|27.82|28.44
2023-05-09|27.985|28.22|27.805|27.89
2023-05-10|28.52|29.02|27.87|28.79
2023-05-11|28.905|29.1899|28.49|29.03
2023-05-12|29.18|29.3|28.17|28.73
2023-05-15|28.85|29.25|28.43|29.17
2023-05-16|28.98|29.74|28.96|29.28
2023-05-17|29.55|30.48|29.23|30.33
2023-05-18|30.4|32.04|30.395|31.96
2023-05-19|32.03|32.24|31.45|31.74
2023-05-22|31.68|32.36|31.67|32.07
2023-05-23|31.56|31.895|30.73|30.83
2023-05-24|30.27|30.7|29.77|30.33
2023-05-25|32.36|32.87|31.68|32.52
2023-05-26|32.81|35.25|32.79|34.98
2023-05-30|36.31|36.67|35.04|35.47
2023-05-31|34.97|35.585|34.4|34.75
2023-06-01|34.74|36.43|34.41|36.01
2023-06-02|36.56|37.19|36.01|36.82
2023-06-05|36.76|37.7|36.56|36.9
2023-06-06|36.69|37.16|36.26|36.86
2023-06-07|36.94|37.56|34.77|34.98
2023-06-08|35.02|36.38|34.95|36.18
2023-06-09|36.68|37.615|36.195|36.62
2023-06-12|37.15|38.51|36.8401|38.49
2023-06-13|39.37|39.63|38.32|39.35
2023-06-14|39.35|40.3|38.4205|40.19
2023-06-15|39.74|42.09|39.51|41.6
2023-06-16|42.41|42.44|40.65|40.8
2023-06-20|40.29|41.08|39.6|40.6
2023-06-21|40.08|40.22|38.5|38.85
2023-06-22|38.37|40.19|38.2392|40.14
2023-06-23|38.83|39.71|38.38|38.95
2023-06-26|38.76|39.67|37.34|37.41
2023-06-27|37.845|39.5|37.6|39.26
2023-06-28|38.67|40.14|38.6325|39.5
2023-06-29|39.36|39.56|38.67|39.23
2023-06-30|40.4|41.35|40.29|41
2023-07-03|41.2|41.49|40.84|41.28
2023-07-05|40.72|41.84|40.71|41.25
2023-07-06|39.97|40.42|39.29|40.28
2023-07-07|40.19|41.255|39.78|39.87
2023-07-10|39.76|40.1099|38.93|39.9
2023-07-11|40.02|40.615|39.3|40.47
2023-07-12|41.83|42.44|41.1501|41.97
2023-07-13|43.02|44.36|42.83|44.06
2023-07-14|44.22|45.36|43.7201|44.02
2023-07-17|44.28|45.5655|44.11|45.24
2023-07-18|45.015|46.8409|44.31|46.32
2023-07-19|46.73|47.14|45.82|46.32
2023-07-20|45.16|45.7|42.69|43.07
2023-07-21|43.88|44.18|42.51|42.69
2023-07-24|42.98|43.31|42.2032|42.86
2023-07-25|43.08|44.28|43.08|43.72
2023-07-26|43.32|43.85|42.44|43.27
2023-07-27|45.11|45.69|42.45|42.9
2023-07-28|44.3|45.59|44.13|45.22
2023-07-31|45.33|45.71|44.82|45.31
2023-08-01|44.79|45.23|44.2107|44.96
2023-08-02|43.69|43.695|41.53|42.02
2023-08-03|41.11|42.46|41.05|41.72
2023-08-04|42.39|43.17|40.97|41.14
2023-08-07|41.73|42.2|40.94|42.16
2023-08-08|41.29|41.29|40|41.08
2023-08-09|41.155|41.21|39.45|39.71
2023-08-10|40.66|41.75|39.3728|39.89
2023-08-11|39.03|39.675|38.6|39.09
2023-08-14|38.83|40.44|38.6|40.39
2023-08-15|40.07|40.339|38.88|39.15
2023-08-16|38.92|39.4154|37.82|37.85
2023-08-17|38.25|38.36|36.43|36.57
2023-08-18|35.53|36.8094|35.37|36.4
2023-08-21|36.87|38.38|36.71|38.16
2023-08-22|38.97|38.98|37.77|37.99
2023-08-23|38.35|40.12|38.28|39.78
2023-08-24|40.88|40.905|37.1|37.16
2023-08-25|37.43|38.56|36.35|38.04
2023-08-28|38.95|39.1699|38.0801|38.89
2023-08-29|38.8|41.52|38.6908|41.37
2023-08-30|41.43|42.28|41.08|42.06
2023-08-31|42.04|42.98|42.02|42.44
2023-09-01|43.21|43.36|41.75|42.29
2023-09-05|41.97|42.82|41.66|42.4
2023-09-06|42.14|42.24|40.58|41.28
2023-09-07|39.74|40.6|39.38|40.38
2023-09-08|40.31|41.24|40.17|40.5
2023-09-11|41.49|42.09|40.8401|41.88
2023-09-12|41.34|41.8095|40.4|40.54
2023-09-13|40.58|41.4851|40.19|40.94
2023-09-14|41.5|42.24|40.8|41.9
2023-09-15|41.45|41.5878|39.43|39.75
2023-09-18|39.43|40.22|39.33|39.84
2023-09-19|39.41|39.825|38.6|39.6
2023-09-20|39.77|39.8999|37.7|37.75
2023-09-21|36.55|36.78|35.57|35.6
2023-09-22|36.13|36.78|35.5206|35.625
2023-09-25|35.31|36.14|35.01|36.1
2023-09-26|35.31|35.48|34.17|34.49
2023-09-27|34.809|35.2699|33.63|34.7
2023-09-28|34.39|36.1699|34.131|35.54
2023-09-29|36.58|37|35.23|35.62
2023-10-02|35.67|36.9|35.48|36.47
2023-10-03|35.71|36.39|34.04|34.54
2023-10-04|34.78|36.19|34.64|35.94
2023-10-05|35.89|36|34.5|35.56
2023-10-06|34.65|37.69|34.41|37.35
2023-10-09|36.61|38.09|36.14|37.9
2023-10-10|38.005|39.3699|37.85|38.52
2023-10-11|38.94|39.4119|38.4|39.34
2023-10-12|39.47|40.05|38.12|38.88
2023-10-13|39.09|39.2795|36.9741|37.41
2023-10-16|37.82|39|37.77|38.67
2023-10-17|37.52|38.82|36.85|38.3
2023-10-18|37.47|38.1799|36.3308|36.68
2023-10-19|37.15|37.51|35.4401|35.7
2023-10-20|35.52|35.7|34.02|34.09
2023-10-23|33.675|35.41|33.06|34.39
2023-10-24|34.9|35.59|34.4|35.36
2023-10-25|34.63|34.68|32.58|32.77
2023-10-26|32.38|32.6399|30.47|30.86
2023-10-27|31.575|32.23|30.95|31.3
2023-10-30|31.95|32.69|31.575|32.31
2023-10-31|32.32|32.885|31.5992|32.78
2023-11-01|33|34.63|32.97|34.47
2023-11-02|35.76|36.38|35.4|36.3
2023-11-03|36.7|37.98|36.63|37.58
2023-11-06|37.81|38.21|37.32|38.01
2023-11-07|38.35|39.37|37.97|39.08
2023-11-08|39.2|39.43|38.43|39.15
2023-11-09|39.34|39.71|38.0604|38.22
2023-11-10|38.75|40.83|38.58|40.77
2023-11-13|40.25|40.7299|39.75|40.4
2023-11-14|42.47|43.28|42.29|42.94
2023-11-15|43.62|43.78|42.6|43.06
2023-11-16|42.76|43.21|42.3305|43.13
2023-11-17|42.88|43.5|42.565|43.16
2023-11-20|43.15|44.95|43.14|44.7
2023-11-21|44.09|44.16|43.2916|43.89
2023-11-22|44.57|45.42|44.054|44.4
2023-11-24|44.25|44.45|43.85|44.18
2023-11-27|44.005|44.74|43.765|44.05
2023-11-28|43.8|44.6|43.67|44.4
2023-11-29|45.24|45.73|44.13|44.24
2023-11-30|44.3|44.455|42.8417|43.87
2023-12-01|43.49|44.4412|42.924|44.24
2023-12-04|42.91|43.0745|41.73|42.98
2023-12-05|42.31|43.7|42.261|43.29
2023-12-06|44.28|44.32|42.41|42.52
2023-12-07|43.48|44.54|43.11|44.3
2023-12-08|43.65|45|43.585|44.83
2023-12-11|44.67|46.08|44.6|45.97
2023-12-12|45.98|47.1|45.57|47.08
2023-12-13|47.38|49.0694|47.1|48.74
2023-12-14|49.25|49.73|47.5501|48.66
2023-12-15|48.94|49.79|48.7|49.24
2023-12-18|49.49|50.6|49.3667|50.27
2023-12-19|50.42|51.06|50.355|51.02
2023-12-20|50.48|51.27|48.46|48.54
2023-12-21|49.89|50.27|48.94|50.145
2023-12-22|50.6|50.94|49.64|50.35
2023-12-26|50.64|51.51|50.62|51.27
2023-12-27|51.35|51.66|51.02|51.54
2023-12-28|51.92|52.01|51.27|51.41
2023-12-29|51.38|51.5236|50|50.7
2024-01-02|49.35|49.43|47.265|48.13
2024-01-03|47.17|47.54|46.4301|46.59
2024-01-04|45.87|46.97|45.73|45.81
2024-01-05|45.86|46.92|45.47|45.98
2024-01-08|46.39|48.9|46.33|48.75