2018-08-01|258.64|259.1932|257.351|258.08
2018-08-02|256.73|259.6|256.48|259.39
2018-08-03|259.6|260.66|259.39|260.66
2018-08-06|260.56|261.83|260.2|261.64
2018-08-07|262.2|262.78|262.08|262.37
2018-08-08|262.23|262.67|261.79|262.23
2018-08-09|262.33|262.74|261.76|261.9
2018-08-10|260.36|260.964|259.43|260.12
2018-08-13|260.41|261.07|258.9|259.14
2018-08-14|259.94|261.07|259.55|260.81
2018-08-15|259.43|259.55|257.39|258.89
2018-08-16|260.36|261.889|260.35|260.99
2018-08-17|260.71|262.38|260.35|261.86
2018-08-20|262.4|262.74|261.9|262.44
2018-08-21|263.01|263.9732|262.86|263.01
2018-08-22|262.64|263.45|262.39|262.93
2018-08-23|262.68|263.63|262.21|262.55
2018-08-24|263.16|264.29|263.11|264.2
2018-08-27|265.38|266.35|265.26|266.19
2018-08-28|266.76|266.83|265.89|266.34
2018-08-29|266.59|268.05|266.34|267.8
2018-08-30|267.31|267.71|266.12|266.71
2018-08-31|266.33|267.2163|265.83|266.72
2018-09-04|266.35|266.66|265.26|266.35
2018-09-05|265.91|266.13|264.52|265.6
2018-09-06|265.69|265.99|263.7|264.82
2018-09-07|263.63|265.26|263.45|264.18
2018-09-10|265.28|265.57|264.51|264.68
2018-09-11|264.03|266.0499|263.68|265.68
2018-09-12|265.61|266.26|264.83|265.71
2018-09-13|266.78|267.418|266.47|267.22
2018-09-14|267.47|267.6246|266.47|267.36
2018-09-17|267.22|267.2638|265.59|265.85
2018-09-18|266.1|267.92|266.09|267.3
2018-09-19|267.35|268.03|267.23|267.6
2018-09-20|268.89|270.1|268.79|269.75
2018-09-21|270.55|270.67|269.37|269.56
2018-09-24|268.93|269.068|268.02|268.66
2018-09-25|269.1|269.1725|268.15|268.33
2018-09-26|267.32|268.54|265.95|266.34
2018-09-27|266.8764|268.24|266.6|267.08
2018-09-28|266.5|267.65|266.43|267.05
2018-10-01|268.46|269.175|267.39|268.04
2018-10-02|267.97|268.67|267.55|268.01
2018-10-03|269.02|269.47|267.72|268.24
2018-10-04|267.57|267.66|264.37|266.04
2018-10-05|266.19|266.77|263.02|264.54
2018-10-08|263.77|264.85|262.38|264.47
2018-10-09|264.1|265.45|263.5492|264.13
2018-10-10|263.62|263.62|255.37|255.6
2018-10-11|254.81|256.2901|248.45|250.22
2018-10-12|254.39|254.64|250.2998|253.6
2018-10-15|253.19|254.56|252.04|252.21
2018-10-16|254.14|258.1|253.7|257.58
2018-10-17|257.75|258.34|255.07|257.67
2018-10-18|256.754|257.35|252.69|254.05
2018-10-19|254.665|256.62|253.15|253.85
2018-10-22|254.55|254.86|252.17|252.8
2018-10-23|249|252.58|246.84|251.28
2018-10-24|251.19|251.55|243.25|243.78
2018-10-25|245.71|249.7864|244.6721|248.15
2018-10-26|244.34|246.98|241.035|243.76
2018-10-29|247.03|248.3499|238.79|242.5
2018-10-30|242.31|246.38|241.8|246.21
2018-10-31|248.72|251.08|248.27|248.79
2018-11-01|249.63|251.54|248.4605|251.37
2018-11-02|252.44|252.9|247.75|249.81
2018-11-05|250.32|251.792|249.39|251.23
2018-11-06|251.18|252.975|251.1172|252.82
2018-11-07|255.07|258.32|254.65|258.16
2018-11-08|257.49|258.4368|256.65|257.72
2018-11-09|256.5|256.64|253.81|255.34
2018-11-12|254.69|254.96|249.95|250.41
2018-11-13|250.96|253.01|249.28|249.99
2018-11-14|251.96|252.34|246.66|248.28
2018-11-15|247.02|251.39|245.4311|250.85
2018-11-16|249.77|252.47|249.26|251.49
2018-11-19|250.94|251.205|246.35|247.32
2018-11-20|243.84|245.32|241.83|242.77
2018-11-21|244.24|245.44|243.52|243.58
2018-11-23|241.8|243.3459|241.73|242.01
2018-11-26|244.23|245.84|243.85|245.8
2018-11-27|244.73|246.6|244.12|246.57
2018-11-28|247.72|252.33|246.75|252.33
2018-11-29|251.54|253.25|250.36|251.81
2018-11-30|251.64|253.94|251.35|253.48
2018-12-03|257.65|257.74|255.06|256.61
2018-12-04|255.85|256.27|248.06|248.65
2018-12-06|244.42|248.09|241.1301|248.02
2018-12-07|247.63|249.24|241.37|242.26
2018-12-10|242|243.62|237.62|242.55
2018-12-11|245.95|246.12|241.19|242.62
2018-12-12|245.8|247.16|243.85|243.96
2018-12-13|244.86|245.76|242.7|243.88
2018-12-14|241.65|242.63|238.77|239.38
2018-12-17|237.06|238.22|231.68|233.23
2018-12-18|235|235.68|231.479|233.14
2018-12-19|233.21|237|227.78|229.42
2018-12-20|228.35|229.9|223.54|225.65
2018-12-21|226.74|229.46|220.57|221.16
2018-12-24|219.74|220.8|215.07|215.07
2018-12-26|216.88|226.1|214.83|225.95
2018-12-27|222.9606|228.12|219.6|228.05
2018-12-28|229.32|231.07|226.5171|227.76
2018-12-31|229.31|229.97|227.45|229.81
2019-01-02|226.18|230.85|226.02|229.99
2019-01-03|228.1|228.42|223.97|224.5
2019-01-04|227.54|232.62|227.15|231.91
2019-01-07|232.29|235.23|231.32|233.65
2019-01-08|236.05|236.46|233.43|235.92
2019-01-09|236.71|237.94|235.46|237.01
2019-01-10|235.65|238.17|234.8497|238
2019-01-11|236.85|238.0022|236.24|237.89
2019-01-14|236.1|237.39|235.69|236.58
2019-01-15|236.97|239.585|236.97|239.35
2019-01-16|239.72|240.765|239.52|239.88
2019-01-17|239|242.55|238.95|241.67
2019-01-18|243.56|245.37|242.76|244.92
2019-01-22|243.39|243.58|239.97|241.66
2019-01-23|242.68|243.34|239.579|242.02
2019-01-24|241.9|242.82|240.91|242.26
2019-01-25|244.11|245.11|243.67|244.32
2019-01-28|242.09|242.49|240.63|242.43
2019-01-29|242.55|243.12|241.27|242.13
2019-01-30|243.66|246.78|242.88|245.96
2019-01-31|245.86|248.53|245.68|248.01
2019-02-01|248.31|249.29|247.455|248.22
2019-02-04|248.3|250.02|247.5891|249.99
2019-02-05|250.44|251.33|249.92|251.1
2019-02-06|250.75|251.22|249.95|250.79
2019-02-07|249.04|249.5762|246.62|248.33
2019-02-08|247.01|248.71|246.2|248.65
2019-02-11|249.28|249.513|248.22|248.78
2019-02-12|250.38|252.36|250.34|252
2019-02-13|252.82|253.6571|252.39|252.76
2019-02-14|251.65|253.36|250.83|252.2
2019-02-15|254.026|255|253.81|254.98
2019-02-19|254.15|256.09|254.15|255.42
2019-02-20|255.41|256.38|254.89|256.01
2019-02-21|255.33|255.64|254.04|255.08
2019-02-22|255.69|256.81|255.4514|256.61
2019-02-25|258.09|258.61|256.88|256.99
2019-02-26|256.55|257.643|256.41|256.8
2019-02-27|256.06|257.02|255.1|256.67
2019-02-28|256.42|256.88|255.85|256.07
2019-03-01|257.81|258.21|256.33|257.83
2019-03-04|258.87|259.1|254.49|256.84
2019-03-05|256.99|257.17|255.96|256.54
2019-03-06|256.62|256.62|254.6|254.9
2019-03-07|254.48|254.6|251.95|252.85
2019-03-08|250.88|252.45|250.34|252.34
2019-03-11|253.04|256.12|253.02|256.02
2019-03-12|256.52|257.4614|256.37|256.93
2019-03-13|257.84|259.59|257.6931|258.68
2019-03-14|258.68|259.12|258.04|258.59
2019-03-15|259.02|260.57|258.87|259.85
2019-03-18|260|260.99|259.77|260.78
2019-03-19|261.81|262.59|259.88|260.86
2019-03-20|260.54|261.77|258.84|259.93
2019-03-21|257.68|261.86|257.68|261.43
2019-03-22|260.07|260.6099|256.37|256.46
2019-03-25|256.09|257.28|254.95|256.23
2019-03-26|258.01|259.12|256.73|258.08
2019-03-27|258.15|258.73|255.23|256.88
2019-03-28|257.45|258.22|256.27|257.88
2019-03-29|259.34|259.72|258.18|259.54
2019-04-01|261.46|262.7761|261.19|262.53
2019-04-02|262.67|262.848|261.81|262.62
2019-04-03|263.87|264.25|262.4|263.11
2019-04-04|263.37|263.96|262.67|263.74
2019-04-05|264.42|265.06|264.124|265.01
2019-04-08|264.57|265.31|263.91|265.24
2019-04-09|264.22|264.54|263.291|263.83
2019-04-10|264.25|264.84|263.85|264.74
2019-04-11|265.24|265.24|264.09|264.69
2019-04-12|266.33|266.77|265.63|266.48
2019-04-15|266.57|266.64|265.4676|266.3
2019-04-16|267.2|267.24|265.86|266.49
2019-04-17|267.59|267.61|265.4|265.84
2019-04-18|266.44|266.6|265.0817|266.34
2019-04-22|265.56|266.71|265.47|266.6
2019-04-23|266.96|269.19|266.71|268.9
2019-04-24|268.89|269.2099|268.23|268.37
2019-04-25|268.28|268.88|266.98|268.27
2019-04-26|268.28|269.54|267.46|269.5
2019-04-29|269.56|270.41|269.4616|269.84
2019-04-30|269.56|270.31|268.11|270.01
2019-05-01|270.68|270.865|268|268.04
2019-05-02|267.88|268.8|265.93|267.51
2019-05-03|268.92|270.32|268.7|270.05
2019-05-06|265.65|269.36|265.31|268.98
2019-05-07|266.48|267.08|262.48|264.62
2019-05-08|264.14|265.82|263.47|264.1
2019-05-09|261.94|263.84|260.2|263.29
2019-05-10|262.37|265.38|259.2732|264.52
2019-05-13|259.37|260.34|257.07|258.03
2019-05-14|258.99|261.82|258.84|260.27
2019-05-15|258.63|262.45|258.4|261.81
2019-05-16|262.47|265.6|262.45|264.21
2019-05-17|261.89|265.02|261.86|262.61
2019-05-20|260.9|262.1106|260.02|260.82
2019-05-21|262.5|263.51|262.25|263.03
2019-05-22|262.12|263.29|261.87|262.31
2019-05-23|260.08|260.1|257.68|259.24
2019-05-24|260.595|260.99|259.06|259.69
2019-05-28|259.96|260.96|257.29|257.36
2019-05-29|256.13|256.525|254.1003|255.59
2019-05-30|256.28|257.18|255.14|256.3
2019-05-31|253.63|254.49|252.77|252.87
2019-06-03|252.83|253.9597|250.77|252.12
2019-06-04|254.48|257.76|254.03|257.67
2019-06-05|259.24|259.88|257.42|259.85
2019-06-06|260.17|262.255|259.5101|261.54
2019-06-07|262.62|265.29|262.45|264.15
2019-06-10|265.76|267.1|265.3|265.39
2019-06-11|267.25|267.65|264.69|265.34
2019-06-12|265.12|265.7|264.355|264.84
2019-06-13|265.82|266.36|265.11|266.02
2019-06-14|265.71|266.29|264.91|265.62
2019-06-17|265.94|266.56|265.62|265.86
2019-06-18|267.65|269.66|267.3|268.51
2019-06-19|268.74|269.72|267.76|269.22
2019-06-20|271.94|272.19|269.73|271.73
2019-06-21|271.53|272.79|271.17|271.41
2019-06-24|271.59|271.9207|270.9|271.06
2019-06-25|271.1|271.13|268.27|268.38
2019-06-26|269.3|269.82|268.02|268.12
2019-06-27|267.49|268.19|267.1702|267.67
2019-06-28|268.7|269.55|268.18|269.15
2019-07-01|272.46|272.6501|270.3|271.44
2019-07-02|271.47|272.25|270.62|272.23
2019-07-03|272.91|274.37|272.76|274.32
2019-07-05|273.14|274.25|271.86|273.97
2019-07-08|272.79|273.06|272.03|272.6
2019-07-09|271.4|273.22|271.34|272.94
2019-07-10|274.02|275.19|273.46|274.21
2019-07-11|274.87|275.11|273.85|274.76
2019-07-12|275.39|276.19|275.06|276.11
2019-07-15|276.53|276.55|275.71|276.18
2019-07-16|276.12|276.265|274.99|275.28
2019-07-17|275.28|275.4|273.42|273.42
2019-07-18|272.91|274.79|272.47|274.42
2019-07-19|275.52|275.54|272.7|272.95
2019-07-22|273.32|274.11|272.79|273.61
2019-07-23|274.71|275.5|273.89|275.49
2019-07-24|274.78|276.79|274.67|276.76
2019-07-25|276.41|276.41|274.68|275.41
2019-07-26|276.2|277.55|276.1|277.38
2019-07-29|277.23|277.27|276.26|276.88
2019-07-30|275.45|276.56|275.04|276.21
2019-07-31|276.39|276.61|271.07|273.08
2019-08-01|273.28|276.28|269.94|270.79
2019-08-02|269.89|270.08|267.15|268.81
2019-08-05|264.57|264.68|258.7|260.88
2019-08-06|262.53|264.47|261.055|264.24
2019-08-07|261.16|265.2299|258.9901|264.42
2019-08-08|266|269.59|265.4|269.58
2019-08-09|268.72|269.29|266|267.7
2019-08-12|266.24|266.79|263.565|264.5
2019-08-13|264.22|270.1|263.91|268.66
2019-08-14|264.56|265.15|260.57|260.57
2019-08-15|261.62|262.27|259.34|261.39
2019-08-16|263.07|265.68|263.02|265.22
2019-08-19|268.36|269.14|267.6415|268.48
2019-08-20|267.98|268.49|266.29|266.4
2019-08-21|268.58|268.9289|267.92|268.56
2019-08-22|269.28|269.9104|266.7|268.46
2019-08-23|267.19|268.84|260.33|261.57
2019-08-26|263.81|264.47|262.27|264.47
2019-08-27|265.92|266.26|262.71|263.43
2019-08-28|262.73|265.45|262|265.26
2019-08-29|267.91|269.23|266.9|268.71
2019-08-30|270.15|270.215|267.6609|268.6
2019-09-03|266.83|267.8|265.68|267.11
2019-09-04|269.25|270.06|268.4812|269.97
2019-09-05|272.57|274.44|272.46|273.54
2019-09-06|273.93|274.39|273.19|273.74
2019-09-09|274.8|274.825|272.96|273.81
2019-09-10|273.11|273.88|271.87|273.87
2019-09-11|274.15|275.84|273.5|275.84
2019-09-12|276.71|277.8|275.94|276.65
2019-09-13|277.21|277.54|276.1542|276.58
2019-09-16|275.38|276.1|275.04|275.67
2019-09-17|275.46|276.48|275.34|276.42
2019-09-18|276|276.68|273.95|276.59
2019-09-19|277|277.98|276.23|276.53
2019-09-20|277.18|277.41|274.5|275.05
2019-09-23|274.59|275.8997|274.33|275.24
2019-09-24|276.31|276.675|272.06|272.96
2019-09-25|273.08|275.08|271.6|274.63
2019-09-26|273.34|273.55|271.35|272.79
2019-09-27|273.56|273.59|269.723|271.26
2019-09-30|271.82|273.265|271.7929|272.6
2019-10-01|273.44|274.08|269.09|269.32
2019-10-02|267.73|267.73|263.2501|264.57
2019-10-03|264.35|266.73|261.59|266.67
2019-10-04|267.45|270.56|267.355|270.37
2019-10-07|269.56|271.16|268.9|269.21
2019-10-08|267.28|268.0193|264.96|265.03
2019-10-09|267.04|268.437|266.39|267.5
2019-10-10|267.42|270.2|267.25|269.32
2019-10-11|272.1|274.35|271.94|272.13
2019-10-14|271.79|272.45|271.48|271.88
2019-10-15|272.87|275.25|272.77|274.51
2019-10-16|274.07|274.73|273.62|274.08
2019-10-17|275.24|275.72|274.185|274.82
2019-10-18|274.36|274.9671|272.81|273.69
2019-10-21|275.05|275.72|274.57|275.6
2019-10-22|276.09|276.33|274.52|274.63
2019-10-23|274.41|275.48|274.179|275.44
2019-10-24|276.38|276.505|275.05|275.89
2019-10-25|275.33|277.54|275.28|277.04
2019-10-28|278.22|279.07|278.22|278.65
2019-10-29|278.32|279.43|278.1844|278.47
2019-10-30|278.69|279.69|277.38|279.45
2019-10-31|279.35|279.35|277.15|278.55
2019-11-01|280.05|281.21|279.91|281.2
2019-11-04|282.79|282.9|281.96|282.32
2019-11-05|282.58|282.8198|281.71|281.96
2019-11-06|282.04|282.34|281.12|282.11
2019-11-07|283.46|284.23|282.58|283.11
2019-11-08|282.74|283.8|282|283.8
2019-11-11|282.43|283.371|282.24|283.25
2019-11-12|283.58|284.72|283.03|283.81
2019-11-13|282.83|284.3163|282.59|283.93
2019-11-14|283.64|284.4|282.99|284.31
2019-11-15|285.64|286.43|285|286.43
2019-11-18|286.18|286.85|285.71|286.61
2019-11-19|287.24|287.24|285.875|286.47
2019-11-20|285.91|286.4197|283.89|285.46
2019-11-21|285.52|285.64|284.165|285.02
2019-11-22|285.75|285.86|284.6|285.65
2019-11-25|286.6|287.84|286.57|287.82
2019-11-26|287.91|288.68|287.57|288.4
2019-11-27|289.06|289.78|288.7599|289.76
2019-11-29|289.25|289.48|288.48|288.65
2019-12-02|289.03|289.03|285.84|286.3
2019-12-03|283.52|284.43|282.1|284.29
2019-12-04|285.41|286.7|285.07|286.11
2019-12-05|286.83|286.83|285.29|286.64
2019-12-06|288.58|289.65|288.5456|289.19
2019-12-09|288.87|289.52|288.27|288.31
2019-12-10|288.31|288.938|287.35|288.04
2019-12-11|288.45|289.08|288.08|288.79
2019-12-12|288.85|292.1014|288.61|291.33
2019-12-13|291.09|292.76|290.3|291.44
2019-12-16|293.26|294.11|293.22|293.5
2019-12-17|293.99|294.19|293.5|293.56
2019-12-18|294.02|294.22|293.57|293.58
2019-12-19|293.78|294.88|293.75|294.8
2019-12-20|295.89|296.76|295.78|296.3
2019-12-23|295.49|295.53|294.99|295.16
2019-12-24|295.36|295.4|294.85|295.16
2019-12-26|295.56|296.69|295.52|296.67
2019-12-27|297.51|297.51|296.149|296.67
2019-12-30|296.75|296.84|294.5103|295.04
2019-12-31|294.53|295.99|294.17|295.8
2020-01-02|297.29|298.45|296.34|298.42
2020-01-03|295.22|297.36|295.04|296.24
2020-01-06|294.42|297.42|294.35|297.35
2020-01-07|296.82|297.27|296.0611|296.53
2020-01-08|296.71|299.31|296.47|298.06
2020-01-09|299.73|300.19|299.09|300.12
2020-01-10|300.74|300.86|298.79|299.26
2020-01-13|299.91|301.32|299.48|301.24
2020-01-14|300.89|301.91|300.32|300.84
2020-01-15|300.81|302.3|300.69|301.51
2020-01-16|302.94|304.04|302.71|304.03
2020-01-17|304.77|305.2|304.2|305.06
2020-01-21|304.08|305.22|304|304.43
2020-01-22|305.31|305.92|304.32|304.51
2020-01-23|303.84|304.97|302.664|304.81
2020-01-24|305.42|305.52|300.8086|302.03
2020-01-27|296.84|298.73|296.45|297.23
2020-01-28|298.7|301.22|298.2201|300.45
2020-01-29|301.78|301.935|299.922|300.15
2020-01-30|298.04|301.29|297.3|301.09
2020-01-31|300.44|300.6|294.72|295.69
2020-02-03|297.12|299.67|297.0348|297.84
2020-02-04|301.5|303.225|301.16|302.43
2020-02-05|305.4|306.08|303.87|305.85
2020-02-06|306.8|307.08|305.81|306.89
2020-02-07|305.83|306.59|304.74|305.33
2020-02-10|304.39|307.56|304.35|307.52
2020-02-11|308.93|309.69|307.605|308.08
2020-02-12|309.56|310.27|309.17|310.06
2020-02-13|308.6|310.72|308.36|309.76
2020-02-14|310.11|310.33|309|310.28
2020-02-18|309.24|309.82|308.0332|309.43
2020-02-19|310.42|311.59|310.12|310.92
2020-02-20|310.35|311.187|306.67|309.7
2020-02-21|308.3|308.58|305.62|306.49
2020-02-24|296.96|299.378|295.17|296.24
2020-02-25|297.73|298.23|286.36|287.34
2020-02-26|288.61|292.28|285.48|286.07
2020-02-27|280.57|284.4795|273.36|273.39
2020-02-28|265.32|272.92|262.25|271.74
2020-03-02|274|284.04|270.49|283.87
2020-03-03|284.34|288.3197|273.36|276.04
2020-03-04|281.23|287.645|278.7|287.48
2020-03-05|280.3|283.41|275.61|277.85
2020-03-06|269.32|274.46|266.6|273.19
2020-03-09|253.89|260.99|251.15|252.11
2020-03-10|260.48|263.81|250|263.81
2020-03-11|256.66|257.72|247.62|250.73
2020-03-12|234.94|243.675|225.81|226.48
2020-03-13|240.66|247.78|228.1|247.64
2020-03-16|222.85|234.77|218.1444|218.57
2020-03-17|223.75|233.95|216.6|232.88
2020-03-18|216.08|224.74|208.31|220.15
2020-03-19|218.43|226|212.11|220.34
2020-03-20|222.8|224.563|210.05|210.74
2020-03-23|209.63|210.7799|200.55|204.27
2020-03-24|216.39|224.3|214.83|223.75
2020-03-25|225|235.51|220.32|226.62
2020-03-26|229.272|241.44|228.85|240.24
2020-03-27|232.7|239.64|230.661|232.86
2020-03-30|234.92|241.1|232.97|240.39
2020-03-31|239.45|241.94|235.44|236.82
2020-04-01|227.92|231.05|224.13|226.15
2020-04-02|225.3345|232.18|224.72|231.44
2020-04-03|230.43|232.71|225.3412|228.02
2020-04-06|236.96|245.3|235.93|243.53
2020-04-07|251.92|252.8|243.455|243.66
2020-04-08|246.24|253.05|244.05|251.93
2020-04-09|255.12|258.3899|253.14|255.67
2020-04-13|254.64|254.9487|249.3766|253.19
2020-04-14|258.24|261.63|257.21|260.92
2020-04-15|255.08|256.9|253.11|255.24
2020-04-16|256.514|257.2999|253.4|256.53
2020-04-17|262.31|264|259.5|263.61
2020-04-20|259.65|263.1|258.58|258.86
2020-04-21|254.25|255.49|250|250.95
2020-04-22|255.83|258.23|254.475|256.47
2020-04-23|257.75|260.8999|256.2|256.42
2020-04-24|258|260.7|255.94|260.14
2020-04-27|262.01|264.91|261.57|263.9
2020-04-28|267.48|267.79|262.3|262.68
2020-04-29|267.98|271|266.91|269.45
2020-04-30|268.08|268.58|265.23|267.1
2020-05-01|262.14|262.85|258.74|259.82
2020-05-04|257.92|260.9|256.53|260.64
2020-05-05|263.45|265.81|262.6|263.04
2020-05-06|264.71|265.105|261.14|261.27
2020-05-07|264.45|266.3|263.9|264.36
2020-05-08|267.53|269.14|266.38|268.78
2020-05-11|266.78|270.2|266.43|268.82
2020-05-12|269.98|270.4|263.33|263.41
2020-05-13|262.87|263.9|256.36|258.74
2020-05-14|256.33|262|253.97|261.86
2020-05-15|259.54|263.11|258.56|263.04
2020-05-18|269.32|272.7|269.06|271.08
2020-05-19|270.61|272.25|268.34|268.52
2020-05-20|271.92|273.79|271.69|272.9
2020-05-21|272.8|273.59|269.95|270.94
2020-05-22|270.76|271.72|269.5|271.55
2020-05-26|277.53|277.735|274.55|275.04
2020-05-27|277.78|279.05|272.86|279.05
2020-05-28|280.03|282.04|277.81|278.5
2020-05-29|278.03|280.35|275.36|279.75
2020-06-01|279.07|281.49|278.57|280.97
2020-06-02|281.79|283.28|280.46|283.28
2020-06-03|285.2|287.93|284.93|287.02
2020-06-04|286|287.75|284.2|286.29
2020-06-05|291.63|295.38|291.61|293.61
2020-06-08|294.43|297.32|293.88|297.17
2020-06-09|294.49|296.387|293.6301|295.06
2020-06-10|295.53|296.3934|292.59|293.22
2020-06-11|286.36|294.5|275.8|276.32
2020-06-12|283.35|284.15|274.5|279.65
2020-06-15|273.91|283.35|272.77|282.2
2020-06-16|290.05|290.199|282.83|287.72
2020-06-17|288.73|289.02|285.88|286.4
2020-06-18|284.97|287.12|284.545|286.66
2020-06-19|290.04|290.27|283.67|284.97
2020-06-22|284.35|287.1907|283.26|286.86
2020-06-23|289.51|290.43|287.7601|288.16
2020-06-24|286.08|286.7|278.97|280.79
2020-06-25|280.26|284.1|278.2201|283.76
2020-06-26|282.72|282.92|276.52|277.11
2020-06-29|276.89|279.72|274.72|279.7
2020-06-30|279.29|284.95|279.15|283.43
2020-07-01|284.37|286.51|283.95|285.37
2020-07-02|288.76|290.05|286.18|286.81
2020-07-06|290.67|291.58|289.9|291.26
2020-07-07|289.67|291.68|287.8916|288.24
2020-07-08|289|290.55|287.29|290.38
2020-07-09|291.02|291.3|285.41|288.9
2020-07-10|288.72|292.01|287.34|291.8
2020-07-13|294.1|296.45|288.61|289.16
2020-07-14|287.79|293.32|286.63|293.03
2020-07-15|296.19|296.7512|293.35|295.63
2020-07-16|293.8|295.11|293.15|294.77
2020-07-17|295.72|296.35|293.745|295.55
2020-07-20|295.33|298.68|294.6|298.01
2020-07-21|299.86|300.35|297.66|298.63
2020-07-22|298.22|300.56|298.11|300.33
2020-07-23|299.93|300.62|295.38|296.74
2020-07-24|294.86|295.81|293.3|294.82
2020-07-27|295.48|297.12|294.74|296.97
2020-07-28|296.18|297.33|294.79|295.13
2020-07-29|296|299.26|295.9|298.7
2020-07-30|295.74|298.06|293.67|297.61
2020-07-31|299.45|300.1|295.24|300.1
2020-08-03|301.65|302.8222|301.13|301.99
2020-08-04|301.22|303.26|301.22|303.26
2020-08-05|304.61|305.4|304.31|305.15
2020-08-06|304.58|307.29|304.25|307.2
2020-08-07|306.23|307.6|305.3216|307.36
2020-08-10|307.88|308.5|305.92|308.34
2020-08-11|309.52|310.1156|305.07|305.85
2020-08-12|308.25|310.81|308.2|310.04
2020-08-13|309.3|310.78|308.56|309.51
2020-08-14|309.15|310.02|308.34|309.51
2020-08-17|310.44|310.87|310.09|310.51
2020-08-18|310.93|311.55|309.28|311.16
2020-08-19|311.55|312.28|309.31|309.84
2020-08-20|308.11|311.27|308.02|310.82
2020-08-21|310.4802|312.1|310.17|311.93
2020-08-24|314.355|315.17|313.37|315.1
2020-08-25|315.69|316.26|314.5|316.2
2020-08-26|316.75|319.63|316.25|319.43
2020-08-27|320.22|321.5031|318.4695|320.07
2020-08-28|321.14|322.28|319.95|322.15
2020-08-31|321.98|322.83|320.8|321.02
2020-09-01|321.81|324.1|320.94|324.02
2020-09-02|325.94|329.67|324.78|328.74
2020-09-03|327.01|327.51|314.81|317.36
2020-09-04|317.77|319.6|306.9|314.82
2020-09-08|309.35|310.59|305.85|306.17
2020-09-09|310.145|314.66|309.29|312.21
2020-09-10|314.05|314.71|305.82|306.75
2020-09-11|308.55|309.59|304.17|306.98
2020-09-14|310.08|312.75|309.61|310.97
2020-09-15|313.47|314.26|311.52|312.57
2020-09-16|313.81|315.18|311.04|311.31
2020-09-17|306.48|310.27|305.96|308.59
2020-09-18|309.44|309.48|302.55|305
2020-09-21|300.47|301.75|296.83|301.69
2020-09-22|303.11|305.24|300.67|304.74
2020-09-23|305.28|305.55|297.17|297.68
2020-09-24|296.31|301.46|295.04|298.5
2020-09-25|297.575|304.04|296.72|303.28
2020-09-28|307.42|309.02|306.43|308.36
2020-09-29|306.84|307.51|304.65|305.3
2020-09-30|306.04|310.7499|305.85|307.65
2020-10-01|310.16|311.11|307.76|309.6
2020-10-02|304.72|308.58|304.215|306.72
2020-10-05|308.69|312.29|308.69|312.08
2020-10-06|312.25|314.32|307.1806|307.72
2020-10-07|310.6072|313.81|310.6|313
2020-10-08|314.96|315.85|314.05|315.77
2020-10-09|317.47|319.0999|316.85|318.58
2020-10-12|321.14|325.222|320.66|323.72
2020-10-13|323.64|323.73|320.707|321.65
2020-10-14|322.22|323.3|318.93|319.64
2020-10-15|315.71|319.7|315.2252|319.26
2020-10-16|320.65|322.21|318.9|318.99
2020-10-19|320.3|320.89|313.33|314.17
2020-10-20|315.48|318.67|314.7792|315.41
2020-10-21|315.41|317.5224|314.59|314.84
2020-10-22|315.06|317.16|312.99|316.57
2020-10-23|317.84|317.84|315.24|317.65
2020-10-26|314.31|315.08|308.36|311.8
2020-10-27|312.18|312.47|310.5583|310.77
2020-10-28|305.13|305.74|299.615|300.07
2020-10-29|300.32|306.25|298.69|303.23
2020-10-30|301.56|302.86|296.37|299.82
2020-11-02|303.37|305.31|300.63|303.31
2020-11-03|306.57|310.74|306.09|308.66
2020-11-04|313.19|319.65|312|315.61
2020-11-05|320.94|323.55|320.52|321.79
2020-11-06|321.44|322.92|319.425|321.75
2020-11-09|334.36|335.2|325.28|325.76
2020-11-10|324.77|326.3|322.06|325.34
2020-11-11|327.42|328.5|326.17|327.63
2020-11-12|326.74|327.44|322.73|324.6
2020-11-13|326.45|329.73|325.89|329.01
2020-11-16|331.65|333.12|330.405|333
2020-11-17|330.73|332.5|329.25|331.34
2020-11-18|331.63|332.14|327.29|327.32
2020-11-19|326.76|329.09|325.41|328.69
2020-11-20|328.41|328.658|326.4|326.49
2020-11-23|328.28|329.6|326.06|328.42
2020-11-24|331.02|334.25|330.1|333.74
2020-11-25|333.67|333.67|332.15|333.19
2020-11-27|334.285|334.61|333.18|334.14
2020-11-30|333.4|333.63|330.04|332.64
2020-12-01|335.92|337.8|335.32|336.3
2020-12-02|335.22|337.11|334.65|337.01
2020-12-03|336.91|338.3|335.88|336.91
2020-12-04|337.5045|339.84|337.45|339.81
2020-12-07|339.07|339.63|337.91|339.18
2020-12-08|337.89|340.7|337.85|340.16
2020-12-09|340.79|340.9329|336.26|337.14
2020-12-10|335.74|337.9999|334.842|336.98
2020-12-11|335.31|336.8|333.77|336.55
2020-12-14|338.76|339.79|334.89|335.01
2020-12-15|337.64|339.64|336.24|339.64
2020-12-16|339.83|341.04|338.96|340.16
2020-12-17|341.77|342.25|340.96|342.01
2020-12-18|342.39|342.5|338.7|340.64
2020-12-21|336.83|340.38|334.11|339.59
2020-12-22|338.47|338.55|336.47|337.54
2020-12-23|338.54|339.75|337.69|337.81
2020-12-24|338.37|339.18|337.77|339.16
2020-12-28|341.74|342.46|341.09|342.11
2020-12-29|343.63|343.77|340.87|341.39
2020-12-30|342.28|342.91|341.565|341.85
2020-12-31|341.82|344.37|341.23|343.69
2021-01-04|345.02|345.09|335.37|339.03
2021-01-05|338.4|342.39|338.39|341.26
2021-01-06|339.79|346.5|339.3|343.33
2021-01-07|345.74|349.2|345.54|348.46
2021-01-08|349.88|350.619|346.64|350.42
2021-01-11|347.36|349.82|347.202|348.13
2021-01-12|348.3|349.15|345.97|348.16
2021-01-13|348.11|350.06|347.32|349.03
2021-01-14|349.85|350.3183|347.55|347.85
2021-01-15|346.27|347.06|343.53|345.37
2021-01-19|347.8|348.587|346.36|348.1
2021-01-20|350.32|353.71|349.97|352.83
2021-01-21|353.46|353.835|352.302|353.16
2021-01-22|351.38|353.04|350.99|351.9
2021-01-25|352.71|353.6814|347.97|353.33
2021-01-26|354.23|354.645|352.6|352.8
2021-01-27|349.54|349.56|341.99|344.24
2021-01-28|345.97|351.0707|345.58|347.13
2021-01-29|345.31|346.22|338.57|340.18
2021-02-01|343.63|346.85|341.4|345.77
2021-02-02|349.05|352.34|349|350.74
2021-02-03|351.7|352.8|349.88|351.09
2021-02-04|352.12|355.04|351.92|355.02
2021-02-05|356.9|357.1312|355.316|356.44
2021-02-08|357.92|359.07|357.06|359.07
2021-02-09|358.22|359.33|357.77|358.78
2021-02-10|360.53|360.61|356.3|358.64
2021-02-11|359.71|360.1|356.8376|359.22
2021-02-12|358.45|361.19|358.36|361.05
2021-02-16|362.15|362.37|359.98|360.71
2021-02-17|359.03|360.97|357.9222|360.79
2021-02-18|358.24|359.93|356.49|359.25
2021-02-19|360.47|360.71|358.14|358.59
2021-02-22|355.84|358.19|355.56|355.77
2021-02-23|353.69|357.56|349.53|356.22
2021-02-24|355.15|360.58|354.2|360.16
2021-02-25|359.03|360.27|350.08|351.52
2021-02-26|353.47|354.4678|347.71|349.59
2021-03-01|354.55|359.39|354.5|358.12
2021-03-02|358.38|358.63|355.16|355.35
2021-03-03|354.7|355.64|350.56|350.66
2021-03-04|350.49|353.02|341.915|346.34
2021-03-05|349.77|353.73|342.59|352.69
2021-03-08|353.63|356.4|350.66|350.96
2021-03-09|354.75|358.46|354.23|355.87
2021-03-10|358.3|359.84|356.88|358.07
2021-03-11|360.66|363.76|360.1605|361.85
2021-03-12|360.5|362.45|359.666|362.36
2021-03-15|362.67|364.75|360.45|364.46
2021-03-16|365.12|365.78|363.25|364.05
2021-03-17|362.83|366.05|361.62|365.24
2021-03-18|362.73|364.76|359.28|359.87
2021-03-19|359.65|361.17|357.14|359.23
2021-03-22|359.79|363.5|359.76|362.07
2021-03-23|361.53|362.94|358.51|359.41
2021-03-24|360.71|362.27|357.42|357.42
2021-03-25|356.08|360.24|354.14|359.43
2021-03-26|359.37|364.37|358.75|364.01
2021-03-29|362.57|364.68|361.1097|363.79
2021-03-30|362.56|363.47|361.27|362.86
2021-03-31|363.39|365.82|363.39|364.3
2021-04-01|366.2|368.29|366.03|368.16
2021-04-05|370.89|374.07|370.81|373.47
2021-04-06|373.04|374.33|372.67|373.26
2021-04-07|373.14|374.0797|372.72|373.73
2021-04-08|374.97|375.56|374.06|375.55
2021-04-09|375.42|378.4|375.33|378.25
2021-04-12|377.7|378.65|377.0799|378.42
2021-04-13|378.37|380.12|377.92|379.45
2021-04-14|379.46|380.51|377.7|378.23
2021-04-15|380.33|382.54|380.28|382.29
2021-04-16|383.558|384.15|382.19|383.63
2021-04-19|382.62|383.09|380.37|381.74
2021-04-20|380.49|381.16|377.465|378.94
2021-04-21|378.28|382.67|378.14|382.5
2021-04-22|382.32|383.115|377.96|378.99
2021-04-23|379.57|384.455|379.46|383.03
2021-04-26|383.73|384.45|383.32|383.86
2021-04-27|384.2|384.38|382.72|383.74
2021-04-28|384.1|385.1692|383.24|383.56
2021-04-29|386.4|386.74|382.81|386.12
2021-04-30|383.91|384.76|382.73|383.57
2021-05-03|385.56|385.94|383.96|384.44
2021-05-04|382.52|382.96|378.45|382.1
2021-05-05|383.72|383.91|381.44|382.17
2021-05-06|382.26|385.37|380.27|385.28
2021-05-07|386.02|388.68|385.33|388.03
2021-05-10|388.41|388.66|384.09|384.23
2021-05-11|379.75|381.74|376.95|380.86
2021-05-12|378.04|379.27|372.13|372.73
2021-05-13|374.21|379.05|374.17|377.16
2021-05-14|379.81|383.79|379.81|382.95
2021-05-17|381.9|382.75|380|382.03
2021-05-18|382.25|382.47|378.54|378.73
2021-05-19|374.06|377.84|372.62|377.73
2021-05-20|378.57|382.99|378.45|381.76
2021-05-21|383.23|384.45|381.01|381.47
2021-05-24|383.69|386.4|383.44|385.32
2021-05-25|386.4|386.76|383.94|384.51
2021-05-26|385.09|385.75|384.07|385.21
2021-05-27|386.2816|386.78|385.32|385.38
2021-05-28|387.03|387.27|385.94|386.13
2021-06-01|388.5|388.62|385.38|385.83
2021-06-02|386.45|387.24|385.47|386.48
2021-06-03|384.17|386.11|382.7|385.01
2021-06-04|386.81|388.8|386.76|388.5
2021-06-07|388.52|388.69|387.25|388.17
2021-06-08|389|389.08|386.44|388.23
2021-06-09|389.08|389.13|387.41|387.62
2021-06-10|388.86|390.3597|387.58|389.41
2021-06-11|390|390.2|388.73|390.09
2021-06-14|390.21|391.07|389|391.07
2021-06-15|391.15|391.2|389.4099|390.25
2021-06-16|390.4186|390.58|386.02|388.11
2021-06-17|387.62|388.91|385.5|387.97
2021-06-18|384.79|385.38|382.52|382.82
2021-06-21|384.5|388.38|383.65|388.18
2021-06-22|388.24|391.09|387.47|390.24
2021-06-23|390.35|391.14|389.7|389.82
2021-06-24|391.89|392.5185|391.67|392.05
2021-06-25|392.9|393.92|392.54|393.5
2021-06-28|394.03|394.45|392.83|394.32
2021-06-29|393.35|393.94|392.66|393.16
2021-06-30|392.72|394.131|392.72|393.52
2021-07-01|394.3|395.85|394.2062|395.74
2021-07-02|396.85|399.05|396.525|398.75
2021-07-06|398.77|398.99|395.3|398
2021-07-07|398.67|399.66|396.68|399.37
2021-07-08|394.2|396.88|393.02|396.19
2021-07-09|397.63|400.65|397.42|400.37
2021-07-12|400.3|402.03|399.87|401.82
2021-07-13|401.08|402.5|400.18|400.46
2021-07-14|402.06|402.57|399.82|401.01
2021-07-15|399.74|400.38|397.805|399.72
2021-07-16|400.84|400.88|396.14|396.61
2021-07-19|391.78|392.26|387.93|390.68
2021-07-20|391.345|397.5|390.01|396.2
2021-07-21|397.48|399.62|397.27|399.53
2021-07-22|399.71|400.56|398.7|400.38
2021-07-23|402.17|404.75|401.58|404.38
2021-07-26|403.92|405.42|403.82|405.41
2021-07-27|404.45|404.45|400.8|403.61
2021-07-28|404.17|404.76|402.04|403.39
2021-07-29|404.36|406.13|404.35|405.13
2021-07-30|402.59|404.53|402.4697|403.15
2021-08-02|404.78|405.36|401.94|402.33
2021-08-03|403.08|405.66|400.92|405.58
2021-08-04|404.31|404.86|403.34|403.64
2021-08-05|404.7|406.19|404.38|406.16
2021-08-06|406.44|407.18|406.17|406.86
2021-08-09|406.75|407.0492|405.69|406.47
2021-08-10|406.91|407.67|406.23|406.98
2021-08-11|408|408.07|406.91|407.96
2021-08-12|407.82|409.33|406.97|409.15
2021-08-13|409.64|409.96|409.18|409.96
2021-08-16|408.71|411.01|407.15|410.94
2021-08-17|408.41|409.05|405.31|408.23
2021-08-18|407.22|408.75|403.54|403.84
2021-08-19|401.09|405.55|400.931|404.41
2021-08-20|404.68|407.92|404.26|407.61
2021-08-23|409.25|412.08|409.23|411.22
2021-08-24|411.9|412.36|411.35|411.87
2021-08-25|412.06|413.21|411.67|412.63
2021-08-26|412.41|412.66|410.2|410.22
2021-08-27|411.09|414.33|411.02|413.86
2021-08-30|414.66|416.56|414.39|415.76
2021-08-31|415.66|416.02|414.58|415.05
2021-09-01|416.05|416.59|415.16|415.49
2021-09-02|416.8|417.44|415.495|416.73
2021-09-03|415.58|417.0593|415.16|416.57
2021-09-07|416.27|416.29|414.42|415.03
2021-09-08|414.53|415.26|412.6731|414.63
2021-09-09|414.34|416.07|412.57|412.77
2021-09-10|414.69|415.1|409.415|409.58
2021-09-13|412.52|412.71|408.31|410.54
2021-09-14|412.02|412.18|407.49|408.41
2021-09-15|408.79|412.2578|407.7|411.82
2021-09-16|411.27|412.19|408.23|411.11
2021-09-17|410.35|410.78|406.77|407.08
2021-09-20|401.11|402.64|395.57|400.43
2021-09-21|402.66|403.9|399.44|400.04
2021-09-22|402.17|405.85|401.26|403.9
2021-09-23|405.71|410.32|405.47|408.78
2021-09-24|407.17|410.13|406.95|409.46
2021-09-27|408.4208|409.57|407.59|408.3
2021-09-28|405.55|405.87|399.33|400.14
2021-09-29|400.1|401.79|398.86|399.46
2021-09-30|400.85|401.52|394.34|394.4
2021-10-01|396.2262|400.85|392.77|399.12
2021-10-04|398.12|398.94|391.96|394.21
2021-10-05|395.56|400.3526|394.79|398.04
2021-10-06|394.65|400.02|393.06|399.81
2021-10-07|403.07|406.05|402.85|403.25
2021-10-08|404.04|404.3881|401.94|402.49
2021-10-11|401.91|404.74|399.56|399.56
2021-10-12|400.55|400.92|397.87|398.76
2021-10-13|399.64|400.88|396.75|400.04
2021-10-14|403.7|406.95|403.22|406.76
2021-10-15|408.92|410.26|408.275|409.93
2021-10-18|408.2|411.46|407.53|411.18
2021-10-19|412.74|414.38|412.14|414.38
2021-10-20|414.74|416.22|414.65|415.99
2021-10-21|415.38|417.24|414.9449|417.01
2021-10-22|416.58|418|414.7|416.59
2021-10-25|417.64|419.14|415.93|418.75
2021-10-26|420.27|421.5294|418.86|419.15
2021-10-27|419.66|420.29|417.28|417.33
2021-10-28|418.78|421.44|418.75|421.41
2021-10-29|419.15|422.515|418.87|422.16
2021-11-01|423.19|423.57|421.28|423.05
2021-11-02|423.15|424.96|423.01|424.69
2021-11-03|424.14|427.66|423.69|427.25
2021-11-04|427.85|429.37|427.54|429.25
2021-11-05|431.55|432.76|429.3|430.71
2021-11-08|431.88|432.34|430.5|431.23
2021-11-09|431.56|431.75|428.34|429.72
2021-11-10|428.09|429.73|424.81|426.26
2021-11-11|427.7|427.82|426.39|426.4
2021-11-12|427.66|430.17|426.73|429.57
2021-11-15|430.95|431.005|428.65|429.77
2021-11-16|429.52|432.59|429.4721|431.41
2021-11-17|431.24|431.39|429.84|430.37
2021-11-18|431.44|432.17|428.8|431.86
2021-11-19|431.87|432.99|430.3798|431.05
2021-11-22|432.93|435.41|429.72|429.91
2021-11-23|429.57|431.29|427.04|430.47
2021-11-24|428.56|431.75|427.71|431.53
2021-11-26|425.19|426.52|420.9|422.14
2021-11-29|426.71|428.98|424.55|427.24
2021-11-30|424.8|426.63|418.63|419.06
2021-12-01|424.47|427.2212|413.97|414.24
2021-12-02|414.42|422.06|414.03|420.56
2021-12-03|422.12|423.19|412.77|416.84
2021-12-06|419.41|423.66|417|421.82
2021-12-07|426.98|431.1|426.94|430.49
2021-12-08|430.95|432.14|429.24|431.7
2021-12-09|430.46|431.32|428.61|428.76
2021-12-10|431.44|432.96|428.95|432.85
2021-12-13|432.36|432.66|428.75|429.01
2021-12-14|425.8|428.24|423.2|426.09
2021-12-15|426.11|432.98|423.67|432.75
2021-12-16|434.56|434.8|427.35|428.84
2021-12-17|425.85|428.79|422.67|424.39
2021-12-20|419.39|420.22|416.3|419.8
2021-12-21|421.65|425.85|419.52|425.69
2021-12-22|425.45|430.09|425.32|429.99
2021-12-23|430.91|434.0963|430.87|432.64
2021-12-27|433.98|438.82|433.95|438.81
2021-12-28|439.28|440.19|437.655|438.48
2021-12-29|438.5|439.95|437.54|439.01
2021-12-30|439.39|440.36|437.32|437.77
2021-12-31|437.23|438.38|436.39|436.57
2022-01-03|437.93|439.27|435.64|439.25
2022-01-04|440.58|441.26|437.22|439.07
2022-01-05|438.78|439.41|430.525|430.66
2022-01-06|430.2|432.83|427.9|430.08
2022-01-07|430.21|431.36|427.2|428.59
2022-01-10|425.38|428.19|419.77|428.03
2022-01-11|427.68|431.95|424.78|431.78
2022-01-12|433.56|435.04|431.14|433.07
2022-01-13|434.09|434.72|426.09|427.1
2022-01-14|423.945|427.5799|422.81|427.23
2022-01-18|422.62|424.98|417.33|419.74
2022-01-19|421.17|422.535|415.07|415.33
2022-01-20|417.17|421.75|410.29|410.76
2022-01-21|409.71|411.9265|402.66|402.69
2022-01-24|397.26|404.88|386.84|404.37
2022-01-25|398.17|404.26|392.7325|399.46
2022-01-26|405.66|408.1954|394.34|398.56
2022-01-27|402.93|405.97|394.82|396.54
2022-01-28|397.82|406.33|393.3|406.26
2022-01-31|405.67|413.97|404.35|413.69
2022-02-01|414.34|417.04|410.9|416.39
2022-02-02|418.98|421.18|416.54|420.36
2022-02-03|414.59|416.43|409.79|410.59
2022-02-04|410.34|416.24|408.06|412.52
2022-02-07|413.23|414.62|409.9|411.16
2022-02-08|410.72|415.46|409.35|414.49
2022-02-09|418.55|420.87|418.345|420.57
2022-02-10|414.93|420.8|411.14|413.18
2022-02-11|413.15|415.2|403.57|404.94
2022-02-14|404.43|405.99|400.24|403.62
2022-02-15|408.18|410.29|407.46|410.1
2022-02-16|408.2|411.89|406.32|410.59
2022-02-17|407.49|407.98|401.23|401.86
2022-02-18|402.15|403.31|397|399.29
2022-02-22|397.05|400.37|391.505|394.92
2022-02-23|397.74|398.32|387.38|387.81
2022-02-24|377.76|394.17|377.5|393.77
2022-02-25|394.95|402.52|393.3955|402.37
2022-02-28|397.18|402.85|396|401.36
2022-03-01|400.01|401.92|392.79|395.34
2022-03-02|397.72|404.1|396.78|402.6
2022-03-03|405.02|405.54|398.88|400.58
2022-03-04|396.93|398.4264|393.37|397.34
2022-03-07|396.73|397|385.56|385.61
2022-03-08|385.76|392.74|381.64|382.7
2022-03-09|390.88|394.85|388.72|392.9
2022-03-10|388.44|392.01|386.53|391.15
2022-03-11|393.62|394.1899|385.68|386.16
2022-03-14|387.07|390.268|382.25|383.34
2022-03-15|385.86|392.37|384.63|391.75
2022-03-16|395.5|400.55|390.55|400.51
2022-03-17|398.64|405.56|398.3|405.41
2022-03-18|403.98|410.28|403.24|409.89
2022-03-21|409.84|411.75|406.43|409.91
2022-03-22|411.2|415.52|411.2|414.67
2022-03-23|412.16|413.62|409.29|409.33
2022-03-24|409.89|414.1|408.81|414.02
2022-03-25|414.79|416.3581|412.205|416.12
2022-03-28|415.5|419.05|413.69|418.99
2022-03-29|422.96|424.72|420.25|424.29
2022-03-30|423.26|424.01|419.59|421.65
2022-03-31|420.97|421.67|415.05|415.17
2022-04-01|416.68|416.818|412.87|416.32
2022-04-04|416.45|419.96|415.72|419.85
2022-04-05|418.56|420.82|413.5|414.66
2022-04-06|410.76|412.66|407.64|410.46
2022-04-07|409.6|414.3|407.74|412.53
2022-04-08|411.85|414.22|409.98|411.53
2022-04-11|408.5|409.0592|403.925|404.4
2022-04-12|407.33|409.71|401.37|402.92
2022-04-13|402.57|408.2|402.48|407.47
2022-04-14|407.72|408.78|402.34|402.52
2022-04-18|401.55|404.22|400.44|402.59
2022-04-19|402.58|409.77|402.36|409.02
2022-04-20|410.82|411.39|407.67|408.71
2022-04-21|412.38|413.68|401.8|402.65
2022-04-22|401.67|401.885|391.1|391.66
2022-04-25|389.42|394.0584|385|393.8
2022-04-26|391.4|391.59|382.44|382.54
2022-04-27|383.5|388.75|381.5|383.53
2022-04-28|388.23|394.9|383.87|393.14
2022-04-29|389.42|391.45|378|378.7
2022-05-02|378.79|382.27|372.33|381.08
2022-05-03|381.62|385.0556|380|382.73
2022-05-04|383.35|394.925|380.28|394.34
2022-05-05|390.22|390.31|376.35|380.49
2022-05-06|378.01|381.28|372.95|378.1
2022-05-09|372.36|373.56|364.5|365.9
2022-05-10|371.9|373.22|362.91|366.84
2022-05-11|365.97|371.36|360.27|360.93
2022-05-12|357.835|363.75|354.02|360.65
2022-05-13|364.73|370.58|363.6416|369.16
2022-05-16|367.71|371.35|365.45|367.84
2022-05-17|373.66|375.56|370.08|375.2
2022-05-18|370.98|371.16|359|360.34
2022-05-19|357.17|362.23|355.85|357.93
2022-05-20|361.41|361.95|349.76|358.02
2022-05-23|361.09|365.57|358.85|364.81
2022-05-24|360.85|363.21|355.7|362.18
2022-05-25|360.54|367.16|360.27|365.2
2022-05-26|366.445|374.13|366.27|372.46
2022-05-27|374.94|381.86|374.8|381.8
2022-05-31|380.23|382.85|376.92|379.68
2022-06-01|381.61|382.64|374.1|376.5
2022-06-02|376.41|383.74|374.2|383.65
2022-06-03|379.11|380.6|376.48|377.44
2022-06-06|381.33|382.96|377.41|378.47
2022-06-07|375.16|382.61|374.71|382.17
2022-06-08|380.5|382.23|377.26|377.99
2022-06-09|376.24|378.44|369.02|369.1
2022-06-10|362.93|363.69|358.23|358.27
2022-06-13|349.11|350.8353|343.06|344.46
2022-06-14|346.37|347.32|340.57|343.6
2022-06-15|346.82|352.84|341.97|348.52
2022-06-16|340.48|340.84|334.57|337.07
2022-06-17|337.31|340.87|334.24|337.95
2022-06-21|343.19|347.5|343.11|346.23
2022-06-22|342.08|349.51|341.6348|345.5
2022-06-23|347.63|349.61|344.14|349.13
2022-06-24|352.03|360.02|351.97|360
2022-06-27|361|361.15|357.57|358.65
2022-06-28|360.08|362.835|350.9|350.9
2022-06-29|350.43|351.36|347.81|349.64
2022-06-30|345.88|349.84|342.45|346.88
2022-07-01|346.16|350.83|343.59|350.44
2022-07-05|345.48|351.1|342.78|351.06
2022-07-06|351.23|354.68|348.93|352.33
2022-07-07|354.01|358.3|354|357.5
2022-07-08|355.9058|359.05|354.471|357.29
2022-07-11|354.84|355.57|352.51|353.25
2022-07-12|352.6|354.9|348.38|349.99
2022-07-13|344.74|351|344.37|348.36
2022-07-14|343.41|347.95|341.045|347.44
2022-07-15|351.73|354.11|349.8|354.01
2022-07-18|356.97|357.62|349.92|351.08
2022-07-19|354.95|361.09|354.25|360.61
2022-07-20|360.7|364.2399|359.45|362.92
2022-07-21|362.36|366.62|360.01|366.59
2022-07-22|366.69|367.84|361.01|363.25
2022-07-25|363.84|364.44|361.45|363.61
2022-07-26|362.12|362.21|358.4501|359.25
2022-07-27|362.49|370.33|362.2205|368.66
2022-07-28|369.42|373.91|365.98|373.32
2022-07-29|374.73|379.66|373.93|378.79
2022-08-01|376.12|380.01|375.44|377.65
2022-08-02|376.11|379.627|373.95|375.21
2022-08-03|377.19|382.1|376.91|381.07
2022-08-04|380.88|381.53|379.19|380.77
2022-08-05|376.65|380.7|376.54|379.98
2022-08-08|381.78|383.9068|378.57|379.64
2022-08-09|379.02|379.41|377.1|378.14
2022-08-10|384.99|386.23|383.1|386.06
2022-08-11|388.87|390.65|385.4|386.06
2022-08-12|387.95|392.72|387.09|392.67
2022-08-15|390.49|394.76|390.46|394.35
2022-08-16|393.24|396.89|392.44|395.04
2022-08-17|391.56|394.85|390.2931|392.34
2022-08-18|392.42|394.02|391.17|393.55
2022-08-19|390.7|390.95|387.25|388.12
2022-08-22|383.43|383.54|379.09|379.94
2022-08-23|379.56|381.87|378.5233|379.04
2022-08-24|378.9|381.58|378.18|380.19
2022-08-25|381.76|385.73|380.7|385.73
2022-08-26|385.55|386.05|372.51|372.51
2022-08-29|369.77|373.05|368.78|370.05
2022-08-30|371.3|371.445|364.02|366.03
2022-08-31|367.61|368.79|363.11|363.15
2022-09-01|361.1|364.7|358.51|364.27
2022-09-02|367.95|369.13|358.78|360.45
2022-09-06|361.36|362.28|357|359.24
2022-09-07|358.86|366.375|358.6904|365.68
2022-09-08|363.375|368.48|362.27|368.07
2022-09-09|370.24|374.61|369.98|373.75
2022-09-12|375.82|378.51|375.51|377.86
2022-09-13|369.34|370.53|360.2801|361.38
2022-09-14|362.58|364.17|359.53|362.73
2022-09-15|361.16|363.97|357.4|358.68
2022-09-16|354.56|356.48|352.69|355.86
2022-09-19|352.8|358.59|352.75|358.59
2022-09-20|355.38|356.38|351.8332|354.55
2022-09-21|356.38|359.3|348.31|348.31
2022-09-22|347.55|348.54|344.67|345.37
2022-09-23|342.08|342.08|335.31|339.63
2022-09-26|338.23|341.66|335.07|336.34
2022-09-27|339.79|341.84|333.08|335.39
2022-09-28|334.8|342.1|333.18|340.48
2022-09-29|337.15|337.3|330.53|333.38
2022-09-30|332.57|336.19|328.12|328.3
2022-10-03|331.79|338.66|330.1|336.98
2022-10-04|342.14|347.33|342.13|347.21
2022-10-05|343.12|348.64|340.86|346.61
2022-10-06|345.18|347.98|342.49|342.96
2022-10-07|339.08|339.34|331.65|333.33
2022-10-10|334.47|334.67|328.66|330.84
2022-10-11|329.2|333.56|326.85|328.66
2022-10-12|329.15|330.58|327.44|327.64
2022-10-13|320.84|337.675|319.87|336.22
2022-10-14|338.62|340.19|328.025|328.65
2022-10-17|334.57|338.1|334.46|337
2022-10-18|344.68|345|337.765|340.97
2022-10-19|339.04|341.67|335.9|338.61
2022-10-20|338.17|342.42|335.05|335.83
2022-10-21|335.5|344.3905|334.13|343.9
2022-10-24|345.45|349.23|342.87|348.09
2022-10-25|348.05|354.03|348.03|353.75
2022-10-26|350.7|356.17|350.44|351.11
2022-10-27|352.05|353.79|348.595|349.23
2022-10-28|349.04|357.98|348.95|357.38
2022-10-31|355.16|356.92|354.05|354.95
2022-11-01|358.53|358.765|352.29|353.52
2022-11-02|352.78|357.125|344.41|344.5
2022-11-03|341.34|343.81|338.9|340.83
2022-11-04|346.41|348.02|340|345.82
2022-11-07|347.06|349.71|345.1|349.14
2022-11-08|350.21|353.87|347.08|351.04
2022-11-09|349.08|350.22|343.3581|343.87
2022-11-10|356.52|363.01|354.41|362.69
2022-11-11|363.69|367.02|361.74|366.16
2022-11-14|364.57|367.79|362.89|363.22
2022-11-15|368.65|369.742|362.59|366.22
2022-11-16|364.7|365.52|362.85|363.44
2022-11-17|358.8|362.99|358.565|362.39
2022-11-18|365.46|365.59|361.23|363.99
2022-11-21|362.77|363.7386|360.87|362.71
2022-11-22|364.51|367.68|363.21|367.54
2022-11-23|367.21|370.3599|367.0225|369.84
2022-11-25|369.39|370.34|369.06|369.8
2022-11-28|366.86|368.38|363.15|363.95
2022-11-29|363.93|365.18|361.48|363.31
2022-11-30|363.45|374.59|361.65|374.49
2022-12-01|375.87|377|372.05|374.54
2022-12-02|369.66|374.88|369.66|374
2022-12-05|371.28|372.19|365.99|367.34
2022-12-06|367.09|367.61|359.931|362.03
2022-12-07|361.05|363.61|360.31|361.33
2022-12-08|363.13|365.15|361.6|364.18
2022-12-09|363|365.4402|361.3403|361.52
2022-12-12|362.28|366.68|361.58|366.68
2022-12-13|377.11|377.19|366.801|369.39
2022-12-14|369.1|372.8|364.25|367.16
2022-12-15|362.47|363.24|356.46|358.13
2022-12-16|355.649|356.83|351.79|353.86
2022-12-19|354.13|354.34|349.25|350.81
2022-12-20|348.45|351.165|347.208|349.67
2022-12-21|352.2|355.9516|351.7|354.9
2022-12-22|351.98|352.25|344.34|349.91
2022-12-23|348.93|351.9479|347.35|351.87
2022-12-27|351.76|352.04|348.85|350.47
2022-12-28|350.42|352.2|345.9|346.17
2022-12-29|348.91|353.125|348.47|352.31
2022-12-30|349.79|351.49|347.7635|351.34
2023-01-03|353.181|355.0423|347.19|349.99
2023-01-04|352.1|354.5635|349.2|352.51
2023-01-05|350.73|350.8|348.06|348.66
2023-01-06|351.59|357.67|348.7399|356.59
2023-01-09|358.73|361.73|356.2214|356.33
2023-01-10|355.84|358.95|354.96|358.87
2023-01-11|360.41|363.51|359.66|363.45
2023-01-12|364.48|366.15|360.6|364.81
2023-01-13|361.6807|366.7297|361.47|366.23
2023-01-17|366.19|367.72|364.87|365.67
2023-01-18|366.67|367.66|359.58|359.73
2023-01-19|357.76|359.355|355.85|357.14
2023-01-20|358.45|363.91|356.88|363.71
2023-01-23|364.51|370|363.65|368.14
2023-01-24|366.57|368.61|365.42|367.75
2023-01-25|363.78|368.16|361.66|367.88
2023-01-26|370.46|372.06|367.61|371.81
2023-01-27|370.89|375.08|370.76|372.87
2023-01-30|370.15|372.29|367.86|368.21
2023-01-31|368.61|373.54|368.33|373.44
2023-02-01|372.44|380.16|369.76|377.53
2023-02-02|381.25|384.41|379.4|382.94
2023-02-03|378.23|383.2|377.79|378.85
2023-02-06|376.575|377.93|375.02|376.66
2023-02-07|375.79|382.7468|374.62|381.52
2023-02-08|379.69|380.93|376.73|377.34
2023-02-09|380.97|381|372.9486|374.11
2023-02-10|373|375.39|372.2|375.02
2023-02-13|375.649|379.44|375.2|379.35
2023-02-14|377.96|381.42|375.45|379.21
2023-02-15|377.15|380.53|376.33|380.48
2023-02-16|375.66|379.43|375.09|375.19
2023-02-17|373.179|374.45|371.32|374.22
2023-02-21|370.4|371.335|366.48|366.79
2023-02-22|367.18|368.6|364.84|366.33
2023-02-23|369.07|369.57|364.13|368.17
2023-02-24|363.31|365.03|361.73|364.23
2023-02-27|367.49|368.77|364.5936|365.49
2023-02-28|365.01|366.86|364.05|364.11
2023-03-01|363.34|364.51|361.45|362.78
2023-03-02|360.81|366.36|360.53|365.49
2023-03-03|367.29|371.67|366.7|371.28
2023-03-06|372.26|374.44|371.3|371.73
2023-03-07|371.63|371.89|365.385|365.98
2023-03-08|366.11|367.2987|364.44|366.55
2023-03-09|367.35|368.88|358.85|359.84
2023-03-10|359.33|361.24|353.14|354.68
2023-03-13|350.76|358.67|349.76|354.08
2023-03-14|358.88|361.51|355.63|359.96
2023-03-15|354.46|357.88|352.565|357.74
2023-03-16|355.54|364.26|354.99|363.86
2023-03-17|362.76|363.79|358.4201|359.88
2023-03-20|360.47|363.58|359.82|363.13
2023-03-21|366.42|368.41|364.88|367.88
2023-03-22|367.78|371.219|361.66|361.78
2023-03-23|364.48|368.286|360.12|362.64
2023-03-24|359.98|363.63|357.72|363.56
2023-03-27|365.725|366.43|363.4|364.16
2023-03-28|363.54|364.2|361.682|363.52
2023-03-29|367.4|368.94|366.29|368.69
2023-03-30|371.23|371.48|369.102|370.89
2023-03-31|371.78|376.34|371.65|376.07
2023-04-03|375.6|377.91|375.22|377.56
2023-04-04|378.19|378.4|374.13|375.43
2023-04-05|374.71|375.42|372.89|374.52
2023-04-06|373.67|376.185|372.72|375.95
2023-04-10|373.55|376.39|372.96|376.36
2023-04-11|376.9|377.76|375.69|376.41
2023-04-12|378.4|378.62|374.32|374.91
2023-04-13|375.91|380.17|375.4448|379.77
2023-04-14|379.27|381.33|376.72|378.99
2023-04-17|378.84|380.32|377.68|380.28
2023-04-18|381.84|381.915|379.24|380.54
2023-04-19|378.73|381.33|378.67|380.52
2023-04-20|377.78|380.07|376.94|378.37
2023-04-21|378.68|379.1|376.82|378.59
2023-04-24|378.48|379.47|377.23|379.09
2023-04-25|377.18|377.7|373.02|373.1
2023-04-26|373.66|374.68|370.98|371.44
2023-04-27|373.89|379.13|373.67|378.81
2023-04-28|378.04|382.12|378|382.05
2023-05-01|381.73|383.64|381.52|381.79
2023-05-02|381.06|381.11|374.67|377.51
2023-05-03|377.91|380.2|374.6|374.88
2023-05-04|373.84|374.11|370.92|372.14
2023-05-05|375.74|380.09|375.43|378.97
2023-05-08|379.41|379.62|377.88|379.18
2023-05-09|377.71|378.58|377.33|377.54
2023-05-10|380.28|380.83|375.64|379.19
2023-05-11|378.47|378.88|376.67|378.66
2023-05-12|379.85|380.01|375.835|378.15
2023-05-15|378.74|379.84|376.91|379.46
2023-05-16|378.39|379.28|376.91|376.95
2023-05-17|378.85|382.09|377.28|381.45
2023-05-18|381.26|385.57|381|385.18
2023-05-19|386.02|386.54|383.44|384.57
2023-05-22|384.66|386.23|383.47|384.78
2023-05-23|383.19|384.11|380.08|380.48
2023-05-24|378.91|379.25|376.57|377.63
2023-05-25|380.99|382.28|378.92|380.92
2023-05-26|381.64|386.57|381.535|385.87
2023-05-30|387.76|388.26|384.76|385.99
2023-05-31|384.31|385.16|382.42|383.89
2023-06-01|384.2|388.57|382.97|387.57
2023-06-02|390.08|393.96|389.54|393.26
2023-06-05|393.54|394.77|391.79|392.5
2023-06-06|392.05|393.79|391.41|393.31
2023-06-07|393.67|394.76|391.54|392.02
2023-06-08|391.96|394.73|391.29|394.37
2023-06-09|395.05|396.93|394.08|395.03
2023-06-12|395.98|398.685|395.3|398.66
2023-06-13|400.019|401.85|399.4|401.29
2023-06-14|401.61|403.436|398.46|401.6
2023-06-15|401|407.93|400.89|406.75
2023-06-16|408.69|408.76|404.89|405.25
2023-06-20|403.49|404.32|401.26|403.38
2023-06-21|402.31|403.06|400.67|401.17
2023-06-22|400.28|402.72|399.95|402.63
2023-06-23|399.33|401.28|398.93|399.61
2023-06-26|399.04|400.86|397.73|397.96
2023-06-27|398.8|402.93|398.39|402.37
2023-06-28|401.35|403.485|400.71|402.55
2023-06-29|400.6|402.67|400.19|402.51
2023-06-30|405.4|408.22|405.29|407.28
2023-07-03|406.92|408.06|406.68|408.06
2023-07-05|406.01|407.84|406.01|407.15
2023-07-06|403.78|404.35|401.56|403.83
2023-07-07|403.03|406.679|402.71|402.89
2023-07-10|402.63|404.11|402.06|403.97
2023-07-11|404.77|407|403.77|406.56
2023-07-12|410.19|411.13|408.79|409.76
2023-07-13|411.54|413.81|411.13|413.1
2023-07-14|413.94|414.71|412.08|412.77
2023-07-17|412.65|415.2495|412.63|414.21
2023-07-18|413.91|417.93|413.54|417.35
2023-07-19|418.07|419.37|417.49|418.25
2023-07-20|417.3|418.16|414.82|415.52
2023-07-21|417.11|417.3|415.48|415.57
2023-07-24|416.58|418.1|416.015|417.33
2023-07-25|417.08|419.65|417.0674|418.56
2023-07-26|417.62|419.89|416.58|418.66
2023-07-27|421.79|422.15|414.92|415.82
2023-07-28|418.93|420.62|418.16|419.87
2023-07-31|420.32|420.97|419.05|420.68
2023-08-01|419.26|420.08|418.55|419.38
2023-08-02|416.46|416.7|412.88|413.57
2023-08-03|411.68|414.19|411.09|412.4
2023-08-04|414.15|416.1285|410.03|410.38
2023-08-07|412.29|414.24|411.64|414.08
2023-08-08|411.76|412.74|409.125|412.29
2023-08-09|412.66|412.73|408.85|409.55
2023-08-10|411.8|415.05|408.62|409.79
2023-08-11|407.95|410.41|407.34|409.41
2023-08-14|408.56|411.74|408.31|411.72
2023-08-15|410.09|411.7125|406.41|407
2023-08-16|406.59|408.11|403.87|403.99
2023-08-17|405.33|405.58|400.37|400.72
2023-08-18|398.17|402.02|397.85|401.09
2023-08-21|402.14|404.39|399.99|403.74
2023-08-22|405.35|405.4|402.06|402.61
2023-08-23|403.56|407.67|403.47|406.95
2023-08-24|408.6|409.079|401.4|401.54
2023-08-25|403.08|405.8|399.71|404.2
2023-08-28|406.36|407.44|405.1|406.86
2023-08-29|406.78|412.98|406.57|412.64
2023-08-30|413.03|415.0292|412.4|414.36
2023-08-31|414.982|416.12|413.66|413.83
2023-09-01|416.46|416.88|413.21|414.71
2023-09-05|414.2|414.47|412.77|412.9
2023-09-06|412.1|412.13|407.83|410.05
2023-09-07|407.17|409.43|406.855|408.83
2023-09-08|408.82|410.84|408.49|409.39
2023-09-11|411.88|412.38|410.29|412.08
2023-09-12|410.7|412.15|409.29|409.87
2023-09-13|410.03|411.4|408.99|410.35
2023-09-14|412.67|414.51|411.42|413.9
2023-09-15|412.34|412.67|408.48|408.74
2023-09-18|408.58|410.34|408.16|409.19
2023-09-19|408.22|408.805|405.71|408.37
2023-09-20|409.46|409.84|404.33|404.55
2023-09-21|401.8|402.05|397.69|397.92
2023-09-22|398.795|400.326|396.555|396.96
2023-09-25|395.76|398.6392|395.37|398.61
2023-09-26|395.72|396.36|391.96|392.76
2023-09-27|393.84|394.39|389.45|392.85
2023-09-28|390.87|395.27|390.33|393.64
2023-09-29|396.62|396.74|391.3|392.7
2023-10-02|391.9|393.7599|389.97|392.67
2023-10-03|390.58|391.93|386.03|387.39
2023-10-04|387.73|390.85|386.4|390.24
2023-10-05|389.89|390.7889|386.95|389.91
2023-10-06|387.69|396.085|386.4104|394.56
2023-10-09|392.8|397.69|392.31|397.19
2023-10-10|397.77|401.68|397.3875|399.24
2023-10-11|400.27|401.09|397.99|400.93
2023-10-12|401.48|401.8|396.2|398.52
2023-10-13|399.81|400.96|394.96|396.42
2023-10-16|398.57|401.6|398.34|400.57
2023-10-17|397.63|402.5|397.3075|400.58
2023-10-18|398.89|399.81|394.22|395.22
2023-10-19|395.97|397.6|391.135|391.87
2023-10-20|391.38|391.82|386.84|386.99
2023-10-23|385.48|389.94|383.85|386.31
2023-10-24|388.28|390.26|386.55|389.2
2023-10-25|387.6|387.68|383.12|383.71
2023-10-26|382.63|383.3971|378.15|379
2023-10-27|380.53|380.89|375.945|377.32
2023-10-30|379.91|382.8|378.71|381.86
2023-10-31|382.35|384.48|380.56|384.17
2023-11-01|385.09|389.08|384.62|388.4
2023-11-02|391.93|395.9096|391.92|395.78
2023-11-03|397.92|400.85|397.84|399.44
2023-11-06|400.12|400.733|398.46|400.21
2023-11-07|400.26|402.04|399.23|401.34
2023-11-08|401.99|402.5026|399.56|401.67
2023-11-09|402.81|402.88|398.21|398.64
2023-11-10|400.59|405.109|399.14|404.86
2023-11-13|403.59|405.49|402.82|404.45
2023-11-14|410.04|413.51|409.8856|412.22
2023-11-15|413.54|414.72|412.37|413.12
2023-11-16|412.74|413.95|411.75|413.7
2023-11-17|413.94|414.79|412.87|414.31
2023-11-20|413.99|418.2|413.9799|417.43
2023-11-21|416.4|416.84|415.3|416.34
2023-11-22|418.07|419.31|417.06|418.14
2023-11-24|418.19|418.49|417.84|418.37
2023-11-27|417.79|418.5273|417.23|417.64
2023-11-28|417.25|419.25|416.71|418.05
2023-11-29|420.0594|421.12|417.365|417.78
2023-11-30|418.54|419.7|416.57|419.4
2023-12-01|418.83|422.37|418.25|421.86
2023-12-04|418.65|419.87|417.5|419.74
2023-12-05|418.34|420.47|418|419.61
2023-12-06|421.61|421.67|417.46|417.86
2023-12-07|419.81|421.67|419.28|421.13
2023-12-08|420.37|423.37|420.15|422.92
2023-12-11|422.41|424.71|422.22|424.56
2023-12-12|424.22|426.67|423.2739|426.67
2023-12-13|426.88|432.61|426.51|432.48
2023-12-14|434.22|435.3642|431.24|433.75
2023-12-15|433.19|434.25|432.24|433.09
2023-12-18|434.64|436.4|434.45|435.54
2023-12-19|436.04|438.22|435.95|438.19
2023-12-20|435.51|437.305|429.9|430.09
2023-12-21|433.13|434.64|430.8552|434.28
2023-12-22|435.46|436.838|433.48|435.29
2023-12-26|435.6656|437.92|435.58|437.1
2023-12-27|436.895|438.02|436.42|437.9
2023-12-28|438.25|438.84|437.66|437.97
2023-12-29|437.87|438.34|434.94|436.8
2024-01-02|433.91|435.27|432.36|434.01
2024-01-03|432.32|433|430.25|430.79
2024-01-04|430.33|432.78|429.21|429.43
2024-01-05|429.59|432.3|428.64|429.98