2018-08-01|165.7|166.24|164.495|165.76
2018-08-02|164.96|167.21|164.94|166.97
2018-08-03|167.15|167.6799|165.61|166.39
2018-08-06|166.27|167.51|165.9|167.32
2018-08-07|167.89|168.4933|167.6|167.72
2018-08-08|167.72|167.985|166.49|167.57
2018-08-09|167.65|168.71|167.55|168
2018-08-10|167.05|168.665|166.96|167.53
2018-08-13|167.74|168.05|165.88|166.55
2018-08-14|166.91|168.6|166.89|168.2
2018-08-15|167.7|167.82|165.15|166.09
2018-08-16|166.86|168.17|166.69|167.63
2018-08-17|167.47|168.47|166.93|168.35
2018-08-20|168.81|169.18|167.83|168.82
2018-08-21|169.14|171.36|169.12|170.76
2018-08-22|170.59|171.49|170.42|171.18
2018-08-23|171.09|171.52|170.175|170.66
2018-08-24|171.15|171.78|171.02|171.59
2018-08-27|172.11|172.94|171.62|171.84
2018-08-28|172.16|172.48|171.1|172
2018-08-29|172.02|172.77|171.455|172.5
2018-08-30|172.17|173.23|171.82|172.36
2018-08-31|171.96|173.39|171.95|173.02
2018-09-04|172.79|173.12|171.12|172.25
2018-09-05|172.18|172.23|170.36|171.79
2018-09-06|172.17|172.48|170.42|170.63
2018-09-07|170.21|171.445|169.6585|170.54
2018-09-10|171.25|171.68|170.39|170.75
2018-09-11|170.6|171.6|170|171.03
2018-09-12|170.79|171.09|169.33|170.62
2018-09-13|171.28|171.54|170.26|170.66
2018-09-14|170.77|171.93|170.4|171.38
2018-09-17|171.42|171.54|169.35|169.56
2018-09-18|169.8|170.71|169.63|170.27
2018-09-19|170.28|171.07|169.07|169.65
2018-09-20|170.37|171.3|169.81|171.22
2018-09-21|171.75|171.82|170.22|170.4
2018-09-24|170.26|170.5|168.76|169.77
2018-09-25|170.05|170.52|169.85|170.03
2018-09-26|169.93|170.03|167.78|168.03
2018-09-27|168.37|168.7|167.76|168.04
2018-09-28|167.45|169|167.45|168.55
2018-10-01|169.29|169.32|165.77|166.33
2018-10-02|166.18|166.53|164.18|164.53
2018-10-03|165.18|166.73|164.51|165.97
2018-10-04|165.44|165.65|163.13|163.64
2018-10-05|163.75|164.16|160.66|162.16
2018-10-08|161.77|162.4|160.55|161.82
2018-10-09|161.62|162.74|160.98|161.19
2018-10-10|160.82|160.9865|156.36|156.56
2018-10-11|155.81|157.315|153.51|153.57
2018-10-12|155.557|155.76|151.885|153.6
2018-10-15|153.36|155.29|152.54|154.17
2018-10-16|155.28|158.86|154.04|158.64
2018-10-17|158.1807|158.2199|155.885|157.96
2018-10-18|157.41|157.63|154.3735|155
2018-10-19|155.47|156.36|152.74|153.36
2018-10-22|153.92|154.45|152.52|153.03
2018-10-23|150.93|152.89|148.92|151.66
2018-10-24|151.43|151.98|145.82|145.95
2018-10-25|146.73|149.82|146.41|149.11
2018-10-26|147.54|149.42|144.7|147.48
2018-10-29|149.13|150.63|145.07|146.67
2018-10-30|146.85|149.89|146.56|149.73
2018-10-31|151.26|151.86|150.03|150.03
2018-11-01|150.89|153.7725|150.81|153.49
2018-11-02|154.0593|154.89|152.4365|154
2018-11-05|154.04|154.66|152.35|153.88
2018-11-06|153.65|155.11|153.52|154.64
2018-11-07|155.36|157.41|154.8|157.41
2018-11-08|156.61|157.9|156.34|156.99
2018-11-09|156|156.03|152.9501|154.08
2018-11-12|154.02|154.17|150.84|151.03
2018-11-13|151.6|153.09|150.29|150.55
2018-11-14|151.82|152.5|148.48|149.45
2018-11-15|148.49|151.8|148.13|151.58
2018-11-16|150.61|152.29|150.06|151.94
2018-11-19|151.68|152.03|148.37|148.86
2018-11-20|147.25|148.43|145.59|145.99
2018-11-21|146.78|149.37|146.53|148.03
2018-11-23|146.82|149.3|146.81|147.89
2018-11-26|149.32|150.4001|148.74|149.81
2018-11-27|149.18|149.73|148.29|148.57
2018-11-28|149.2|152.37|147.7|152.24
2018-11-29|151.61|152.74|150.44|151.83
2018-11-30|151.46|152.86|151.08|152.62
2018-12-03|154.39|154.48|152.02|154.08
2018-12-04|153.75|154.13|147.14|147.52
2018-12-06|145.45|147.2|143.43|147.2
2018-12-07|147.14|148.26|143.27|144.02
2018-12-10|144.27|144.72|141.45|143.6
2018-12-11|145.68|146.19|142.39|143.45
2018-12-12|144.88|146.76|144.76|144.82
2018-12-13|145.24|145.69|142.54|142.77
2018-12-14|141.73|143.23|140.095|140.61
2018-12-17|139.67|140.8801|136.16|137.02
2018-12-18|138.26|139.18|136.29|136.85
2018-12-19|136.8|138.68|133.25|134
2018-12-20|133.63|134.41|130.23|131.79
2018-12-21|132.38|132.95|127.98|128.37
2018-12-24|127.73|128.47|125.84|125.88
2018-12-26|126.28|132.1|125.81|131.93
2018-12-27|130.27|132.48|127.8701|132.48
2018-12-28|132.48|135.01|131.54|132.86
2018-12-31|133.72|134.05|131.8|133.9
2019-01-02|132.17|135.17|131.54|134.66
2019-01-03|133.91|134.64|131.65|132.25
2019-01-04|133.92|137.6|133.71|137.19
2019-01-07|137.26|140.37|136.74|139.59
2019-01-08|140.8|141.79|139.39|141.73
2019-01-09|142.22|143.39|141.62|142.9
2019-01-10|142.06|143.72|141.35|143.64
2019-01-11|143.01|143.99|142.6775|143.68
2019-01-14|142.82|143.44|142.09|142.25
2019-01-15|142.65|143.6481|142.0901|143.45
2019-01-16|143.68|145.2501|143.6717|144.52
2019-01-17|143.99|146.33|143.97|145.83
2019-01-18|146.6|147.92|146|147.33
2019-01-22|146.46|146.76|144.05|145
2019-01-23|145.32|146.18|143.46|144.6
2019-01-24|144.43|145.76|144.33|145.47
2019-01-25|146.62|147.64|146.43|147.34
2019-01-28|145.96|146.91|145.37|146.55
2019-01-29|146.71|146.82|145.88|146.2
2019-01-30|146.98|148.34|145.68|147.8
2019-01-31|147.61|149.3|147.53|149.06
2019-02-01|149.35|149.68|148.58|149.18
2019-02-04|149.41|150.97|148.875|150.96
2019-02-05|151.01|151.6|150.24|151.12
2019-02-06|151.04|151.37|150.1|150.93
2019-02-07|149.92|150.7028|148.39|149.69
2019-02-08|149.06|149.9|148.5|149.85
2019-02-11|150.29|151.15|149.63|151.1
2019-02-12|151.92|153.19|151.8815|152.99
2019-02-13|153.42|153.76|152.7|153.42
2019-02-14|152.58|154.37|152.4|153.77
2019-02-15|154.78|156.24|154.27|156.22
2019-02-19|155.55|157.1|155.55|156.65
2019-02-20|156.66|157.58|156.53|157.39
2019-02-21|157.13|157.37|156.06|156.79
2019-02-22|157.27|158.27|157.1|158.15
2019-02-25|159.08|159.5|158.09|158.19
2019-02-26|158.01|158.19|156.89|157.1
2019-02-27|156.49|157.44|156.12|157.32
2019-02-28|157.09|157.48|156.37|156.78
2019-03-01|157.95|158.34|156.7501|158.24
2019-03-04|158.54|158.775|155.59|156.81
2019-03-05|156.94|156.95|155.96|156.08
2019-03-06|156.02|156.08|152.88|153.02
2019-03-07|153.02|153.14|151.37|151.68
2019-03-08|150.84|151.76|150.61|151.64
2019-03-11|152.11|154.31|151.9|154.29
2019-03-12|154.4|154.98|153.8|154.37
2019-03-13|154.92|155.73|154.75|154.98
2019-03-14|154.9|155.02|154.2|154.35
2019-03-15|154.53|155.87|154.33|154.76
2019-03-18|155.06|156.45|154.48|155.75
2019-03-19|156.48|156.53|154.57|154.96
2019-03-20|154.54|155.42|152.41|153.26
2019-03-21|152.73|156.06|152.73|155.27
2019-03-22|154.2|154.545|149.57|149.62
2019-03-25|149.48|151.32|148.405|150.28
2019-03-26|151.47|152.82|150.79|151.86
2019-03-27|151.71|152.21|149.48|151.27
2019-03-28|151.79|152.93|150.93|152.62
2019-03-29|153.68|153.97|152.1|153.09
2019-04-01|154.29|154.92|153.72|154.76
2019-04-02|154.87|154.88|153.5072|154.36
2019-04-03|155.74|156.15|154.73|155.16
2019-04-04|155.28|156.01|154.84|155.92
2019-04-05|156.3|157.47|156.19|157.38
2019-04-08|156.85|157.5|156.07|157.12
2019-04-09|156.46|156.7|154.91|155.2
2019-04-10|155.48|157.36|155.33|157.31
2019-04-11|157.52|157.68|156.81|157.11
2019-04-12|158.13|158.16|157.11|157.68
2019-04-15|157.95|158.1|156.5|157.17
2019-04-16|157.71|157.8999|156.98|157.54
2019-04-17|158.09|158.11|155.2|156.1
2019-04-18|156.11|156.28|154.66|155.64
2019-04-22|155.31|155.81|154.52|155.23
2019-04-23|155.37|158.05|155.36|157.57
2019-04-24|157.62|158.69|157.37|158.06
2019-04-25|157.33|157.4725|155.47|156.75
2019-04-26|156.96|158.49|156.395|158.27
2019-04-29|158.62|159.61|158.49|159.03
2019-04-30|159.15|159.19|156.96|158.29
2019-05-01|158.67|158.7329|156.71|156.79
2019-05-02|156.64|158.15|155.6764|157.52
2019-05-03|158.31|160.64|158.19|160.53
2019-05-06|158.18|161.11|158.01|160.71
2019-05-07|159.31|159.87|156.25|157.53
2019-05-08|157.26|158.09|156.65|156.76
2019-05-09|155.52|156.65|153.74|156.19
2019-05-10|155.59|156.83|153.67|156.62
2019-05-13|153.69|154.02|151.16|151.63
2019-05-14|151.96|154.17|151.7|153.54
2019-05-15|152.4|154.41|152.0699|154.04
2019-05-16|154.51|156.175|154.44|155
2019-05-17|153.82|155.27|152.66|152.84
2019-05-20|151.93|152.82|151.41|151.78
2019-05-21|152.63|154.04|152.58|153.82
2019-05-22|153.22|153.59|152|152.53
2019-05-23|151.06|151.06|148.58|149.39
2019-05-24|150.38|151.09|149.79|150.79
2019-05-28|151.01|151.65|149.58|149.59
2019-05-29|148.84|148.93|147.36|148.34
2019-05-30|148.75|149.58|147.04|147.93
2019-05-31|146.19|146.84|145.32|145.86
2019-06-03|146.13|147.205|145.33|146.37
2019-06-04|147.92|150.29|146.4238|150.16
2019-06-05|150.76|150.885|148.61|150.19
2019-06-06|150.12|150.52|148.31|149.8
2019-06-07|150.35|151.51|150.02|150.86
2019-06-10|151.45|153.14|151.45|151.75
2019-06-11|152.87|153.23|150.58|151.3
2019-06-12|151.18|151.78|150.62|151.47
2019-06-13|152.31|153.18|151.87|153.07
2019-06-14|152.88|152.94|151.72|151.73
2019-06-17|151.87|152.895|151.67|152.24
2019-06-18|153.27|155.15|153.06|154.01
2019-06-19|154.19|154.7025|153.4|154.56
2019-06-20|156.05|156.22|154.44|155.29
2019-06-21|155.13|155.17|153.61|153.95
2019-06-24|154.36|154.41|152|152.08
2019-06-25|152.31|152.5|151|151.15
2019-06-26|151.7|152.22|150.76|150.8
2019-06-27|151.24|153.77|151.24|153.63
2019-06-28|153.95|156.02|153.94|155.5
2019-07-01|157.54|158.03|155.22|156.1
2019-07-02|156.02|156.1175|154.26|155.15
2019-07-03|155.6|156.34|155.17|156.26
2019-07-05|155.49|156.74|154.86|156.68
2019-07-08|156.21|156.48|154.89|155.19
2019-07-09|154.54|155.43|154.48|155.4
2019-07-10|156.2|156.56|154.85|155.67
2019-07-11|155.89|155.94|154.215|154.91
2019-07-12|155.14|156.67|154.88|156.11
2019-07-15|156.56|156.59|154.85|155.29
2019-07-16|155.13|156.2|154.67|155.24
2019-07-17|155.24|155.34|153.73|154.13
2019-07-18|154.08|155.01|153.73|154.71
2019-07-19|154.94|155.43|153.82|153.82
2019-07-22|154.24|154.7|153.4|153.68
2019-07-23|154.28|154.72|153.54|154.7
2019-07-24|154.29|157.45|154.12|157.26
2019-07-25|157.18|157.24|155.09|155.36
2019-07-26|155.58|157.415|155.5|157.2
2019-07-29|157.19|157.36|155.6|156.15
2019-07-30|155.06|157.84|154.71|157.84
2019-07-31|157.78|159.23|155.55|156.56
2019-08-01|156.88|158.17|153.59|154.29
2019-08-02|153.35|153.75|151.28|152.58
2019-08-05|149.78|149.915|146.2072|148
2019-08-06|148.9|149.7|147.38|149.36
2019-08-07|147.92|149.71|146.69|149.32
2019-08-08|150.15|152.63|149.99|152.54
2019-08-09|152.09|152.15|150.03|150.62
2019-08-12|149.81|150.12|148.33|148.73
2019-08-13|148.34|151.79|147.67|150.27
2019-08-14|147.95|147.98|145.72|146.07
2019-08-15|146.62|146.67|144.791|145.49
2019-08-16|146.14|148.91|146.11|148.63
2019-08-19|150.32|150.89|149.95|150.13
2019-08-20|149.92|150.01|148.99|149.15
2019-08-21|150.62|150.65|149.79|150.38
2019-08-22|150.67|151.08|149.14|150.03
2019-08-23|149.22|150.11|144.93|145.43
2019-08-26|146.8|147.05|145.71|147.03
2019-08-27|147.96|148.02|144.68|144.85
2019-08-28|144.56|147.385|144.25|146.54
2019-08-29|148.15|149.29|147.96|149.11
2019-08-30|149.89|149.97|148.04|148.84
2019-09-03|147.45|148.315|146|146.66
2019-09-04|148.01|148.36|147.175|147.84
2019-09-05|149.85|151.91|149.37|150.59
2019-09-06|150.7|151.23|149.83|149.9
2019-09-09|150.57|152.24|150.06|151.91
2019-09-10|151.68|153.95|150.89|153.85
2019-09-11|154.52|157.16|153.555|157
2019-09-12|157.18|157.9|155.57|157.04
2019-09-13|157.85|158.92|157.13|157.31
2019-09-16|156.97|158.75|156.7|157.9
2019-09-17|157.36|157.575|156.45|157.49
2019-09-18|157.48|157.5|155.065|156.52
2019-09-19|156.8|157.82|155.525|155.76
2019-09-20|155.64|156.65|154.45|155.43
2019-09-23|154.86|155.95|154.56|155.31
2019-09-24|155.15|155.29|151.84|152.43
2019-09-25|152.28|154.36|151.8|154.1
2019-09-26|153.92|153.92|151.95|152.38
2019-09-27|152.82|153.22|150.5|151.16
2019-09-30|151.37|152.26|150.79|151.34
2019-10-01|152.11|153.35|148.05|148.37
2019-10-02|147.63|147.63|145.86|147.25
2019-10-03|146.69|147.94|144.93|147.74
2019-10-04|147.99|149.25|147.12|149.14
2019-10-07|148.78|150.07|148.12|148.88
2019-10-08|147.42|147.93|146.11|146.46
2019-10-09|147.54|147.6874|146.64|147.13
2019-10-10|147.34|148.5|147.1|147.72
2019-10-11|149.79|151.96|149.75|150.22
2019-10-14|149.91|150.3257|149.1|149.67
2019-10-15|150.17|152.13|149.79|151.39
2019-10-16|151.21|152.27|151.14|151.55
2019-10-17|152.29|153.51|152.05|153.34
2019-10-18|152.93|153.5|151.45|152.61
2019-10-21|154.17|154.98|153.905|154.04
2019-10-22|154.2|155.05|153.74|154.21
2019-10-23|154.34|154.75|153.55|154.4
2019-10-24|154.95|155.06|153.47|154.18
2019-10-25|153.91|155.53|153.9|155
2019-10-28|155.66|156.98|155.64|156.34
2019-10-29|156.01|157.34|155.86|156.85
2019-10-30|156.79|156.81|155.28|156.33
2019-10-31|156.1|156.1|154.24|155.45
2019-11-01|156.4|158.185|156.05|158.1
2019-11-04|159.4|159.7|158.47|158.95
2019-11-05|159.4|160.46|158.97|159.15
2019-11-06|158.99|158.99|157.81|158.23
2019-11-07|159.74|160.17|158.17|158.65
2019-11-08|158.28|159.27|157.95|159.08
2019-11-11|158.03|158.9|157.88|158.78
2019-11-12|158.93|159.88|158.485|158.83
2019-11-13|157.74|158.5|157.19|158.15
2019-11-14|157.93|158.91|157.7938|158.1
2019-11-15|159.23|159.29|158.35|158.92
2019-11-18|158.72|158.74|157.94|158.52
2019-11-19|159.11|159.7|158.31|159.11
2019-11-20|158.55|159.595|157.26|158.51
2019-11-21|158.82|158.89|157.23|157.73
2019-11-22|158.31|158.54|157.35|158.22
2019-11-25|159.03|161.83|158.89|161.58
2019-11-26|161.75|162.54|161.29|161.69
2019-11-27|162.38|162.93|162.08|162.83
2019-11-29|162.41|162.795|161.67|161.77
2019-12-02|162.15|162.21|159.91|160.19
2019-12-03|158.82|160.1183|158.1|159.68
2019-12-04|160.5|161.22|160.3|160.78
2019-12-05|161.47|161.65|160.45|160.94
2019-12-06|162.59|163.41|162.5|162.82
2019-12-09|162.75|163.155|162.39|162.51
2019-12-10|162.41|162.96|161.94|162.61
2019-12-11|162.88|163.08|161.95|162.56
2019-12-12|162.75|165.1|162.25|163.96
2019-12-13|163.73|164.81|162.55|163.33
2019-12-16|164.06|164.845|163.735|163.88
2019-12-17|164.14|164.7|163.695|164.7
2019-12-18|165.06|165.28|164.32|165.02
2019-12-19|165.28|165.73|164.88|165.73
2019-12-20|166.15|166.41|165.72|165.97
2019-12-23|166.24|166.36|165.36|166.3
2019-12-24|166.45|166.7|166.04|166.68
2019-12-26|166.83|166.98|166.36|166.68
2019-12-27|167.12|167.12|165.43|165.86
2019-12-30|165.98|166.205|164.57|165.44
2019-12-31|165.08|166.35|164.71|165.67
2020-01-02|166.74|166.75|164.2299|165.78
2020-01-03|163.74|165.41|163.7|165.13
2020-01-06|163.85|165.54|163.54|165.35
2020-01-07|164.85|165.335|164.21|164.8
2020-01-08|164.82|166.025|164.72|165.31
2020-01-09|166.12|166.45|165.26|165.51
2020-01-10|165.55|165.69|164.2|164.89
2020-01-13|164.94|166.04|164.07|165.96
2020-01-14|165.14|167.59|164.98|166.57
2020-01-15|166.15|167.95|166.14|167.37
2020-01-16|168.59|169.865|168.43|169.53
2020-01-17|170.28|170.5586|168.67|169.07
2020-01-21|168.36|168.9905|167.27|167.67
2020-01-22|168.19|168.62|167.18|167.56
2020-01-23|167.1|167.965|165.45|167.45
2020-01-24|168.01|168.01|164.23|165.39
2020-01-27|162.85|164.49|162.42|163.51
2020-01-28|164.5|165.4|164.185|164.87
2020-01-29|165.1|165.56|163.9|163.93
2020-01-30|162.84|164.135|161.93|163.93
2020-01-31|163.32|163.9195|160.03|160.53
2020-02-03|161.6|162.93|161.49|162.32
2020-02-04|164.31|165.31|164.16|164.77
2020-02-05|166.48|167.53|165.685|167.31
2020-02-06|167.89|168.15|166.76|166.93
2020-02-07|166.29|166.36|164.4|164.88
2020-02-10|164.56|165.89|164.46|165.81
2020-02-11|166.79|167.96|166.2679|166.96
2020-02-12|168.02|168.29|167.28|168.11
2020-02-13|167.22|168.95|167.11|168.55
2020-02-14|168.7|168.78|167.34|167.9
2020-02-18|167.5|168.06|166.43|167.54
2020-02-19|168.17|169.14|167.835|168.4
2020-02-20|167.9|169.105|166.59|168.81
2020-02-21|168.15|168.628|166.3295|167.1
2020-02-24|161.86|167.0623|161.095|162.07
2020-02-25|162.52|162.76|155.96|156.31
2020-02-26|157.05|158.49|154.215|154.5
2020-02-27|151.35|155.01|148.815|149.06
2020-02-28|144.85|149.1325|143.91|146.33
2020-03-02|147.97|151.23|145.39|151.03
2020-03-03|151.09|154.2|146.31|147.95
2020-03-04|150.28|152.45|148.52|152.16
2020-03-05|148.84|152.4823|145.485|147.32
2020-03-06|142.71|145.98|140.99|144.4
2020-03-09|134.13|136.17|130.26|130.36
2020-03-10|134.71|134.8|128.02|134.43
2020-03-11|130.92|132.27|124.17|125.88
2020-03-12|116.77|119.9|111.6|111.97
2020-03-13|118.31|119.96|109.55|119.47
2020-03-16|108.62|111.3|101.43|103.62
2020-03-17|104.96|110.5|100.61|108.37
2020-03-18|103.05|106.775|96.25|99.97
2020-03-19|99.66|106.8|95.69|103.87
2020-03-20|106.12|108.76|100.45|101.4
2020-03-23|101.9|102.18|95.91|99.9
2020-03-24|105.37|109.33|104.25|109.04
2020-03-25|109.48|114|106.02|109.97
2020-03-26|111.54|117.6|111.2|116.81
2020-03-27|112.25|116.02|110.87|112.56
2020-03-30|113.24|115.26|110.8|115.04
2020-03-31|114.6|116.17|111.955|114.46
2020-04-01|108.7|110.38|105.525|106.66
2020-04-02|105.72|110.39|104.565|107.67
2020-04-03|106.59|108|102.6|104.62
2020-04-06|109.09|113.34|109.02|112.63
2020-04-07|116.88|118.64|112.39|112.92
2020-04-08|114.88|119.24|113.55|118.07
2020-04-09|121.92|124.61|121.325|123.72
2020-04-13|122.85|123.51|119.115|120.37
2020-04-14|123.9|124.88|121.3|122.81
2020-04-15|117.86|119.11|116.66|117.8
2020-04-16|118.09|118.42|114.555|116.91
2020-04-17|121.9|122.72|120.06|122.06
2020-04-20|119.59|122.9|119.04|120.62
2020-04-21|117.42|119.24|116.48|117.74
2020-04-22|120.32|120.99|118.77|119.17
2020-04-23|120.11|122.9|119.68|120.34
2020-04-24|121.53|123.32|120.09|122.41
2020-04-27|123.95|128.44|123.86|127.26
2020-04-28|131.12|131.46|127.28|129.11
2020-04-29|133.49|136.845|131.875|135.46
2020-04-30|131.9|132.94|130.14|130.31
2020-05-01|127.15|127.46|123.29|125.14
2020-05-04|123.6|125.9|122.25|125.68
2020-05-05|128.07|129.92|126.1|126.65
2020-05-06|127.49|128.2|125|125.72
2020-05-07|127.39|128.5|126.55|127.44
2020-05-08|130.16|132.75|129.19|132.36
2020-05-11|130.41|132.95|129.332|131.7
2020-05-12|132.26|132.29|126.84|126.97
2020-05-13|125.65|126.08|120.41|122.72
2020-05-14|119.97|123.27|117.18|123.12
2020-05-15|122.01|125.53|121.46|125.08
2020-05-18|131.45|133.39|130.83|132.68
2020-05-19|132.22|133.45|130.055|130.06
2020-05-20|132.73|134.98|132.3826|134
2020-05-21|134.05|135.06|132.5787|134.24
2020-05-22|134.67|135.05|133.02|134.89
2020-05-26|140.09|140.375|138.465|138.78
2020-05-27|141.57|143.5|137.33|143.09
2020-05-28|144.74|144.74|137.58|139.7
2020-05-29|138.3|139.28|136.41|138.9
2020-06-01|139.26|141.67|138.61|140.23
2020-06-02|141.07|141.855|139.56|141.39
2020-06-03|143.67|146.07|143.11|144.8
2020-06-04|143.84|145.6|143.182|144.59
2020-06-05|150.86|152.315|149.55|150.18
2020-06-08|152.35|153.39|151.63|153.09
2020-06-09|150.86|151.77|149.06|150.26
2020-06-10|150.09|150.26|145.9|146.18
2020-06-11|140.15|141.0323|134.77|135.03
2020-06-12|140.33|141.02|134.15|138.27
2020-06-15|133.28|142.06|133.28|140.99
2020-06-16|146.69|146.69|141.03|144.38
2020-06-17|144.59|144.99|141.32|141.77
2020-06-18|140.37|143.31|139.81|141.72
2020-06-19|144.42|144.51|139.84|140.99
2020-06-22|140.24|142.56|138.83|142.4
2020-06-23|144.32|144.66|142.65|143
2020-06-24|141.1|141.6|136.31|138.36
2020-06-25|137.71|140.58|136.29|140.45
2020-06-26|139.48|139.83|136.49|136.67
2020-06-29|138.71|141.985|137.1|141.14
2020-06-30|140.67|143.62|140.59|143.18
2020-07-01|143.65|144.51|141.24|141.82
2020-07-02|144.56|145.28|141.8909|142.4
2020-07-06|145.32|145.6966|142.93|143.43
2020-07-07|142.18|143.435|140.48|140.89
2020-07-08|140.76|142.5|139.1|141.94
2020-07-09|142.02|142.35|137.24|139.07
2020-07-10|139.14|141.5|138.455|141.31
2020-07-13|142.8|144.64|139.39|139.52
2020-07-14|139.43|141.98|138.64|141.83
2020-07-15|145.42|147.78|144.79|147.03
2020-07-16|146.11|146.67|144.88|146.16
2020-07-17|146.68|147.59|145.51|146.59
2020-07-20|146.12|146.85|145.15|145.96
2020-07-21|147.47|149.16|147.2|148.03
2020-07-22|147.09|148.67|147.03|148.11
2020-07-23|147.98|150.2|146.7|148.26
2020-07-24|147.29|147.665|145.56|146.08
2020-07-27|146.19|147.69|145.39|147.6
2020-07-28|147.07|148.04|146.06|146.13
2020-07-29|147|149.4486|146.98|149.35
2020-07-30|147.14|149.12|146.33|148.76
2020-07-31|148.14|148.42|144.67|147.36
2020-08-03|148.29|149.97|147.22|149.76
2020-08-04|149.39|150.93|149.045|150.79
2020-08-05|152.29|153.89|151.78|153.79
2020-08-06|153.8|154.44|152.91|153.73
2020-08-07|153.45|156.25|153.15|156.17
2020-08-10|156.65|158.83|156.65|157.79
2020-08-11|159.27|159.82|156.16|156.88
2020-08-12|158.67|158.89|156.49|157.52
2020-08-13|156.99|158.53|156.65|157.19
2020-08-14|156.28|157.7585|155.87|157.09
2020-08-17|157.5|158.03|156.74|157.9
2020-08-18|157.85|157.85|155.71|156.39
2020-08-19|156.93|158.04|156.19|156.4
2020-08-20|154.8|156.485|154.54|155.76
2020-08-21|155.15|155.7178|153.6|154.61
2020-08-24|155.86|156.27|154.33|156.23
2020-08-25|156.81|156.82|154.79|156.4
2020-08-26|156.5|156.77|155.1822|155.42
2020-08-27|156.12|157|154.6301|155.8
2020-08-28|156.6|157.2|155.73|157.12
2020-08-31|157.19|157.37|155.3|155.43
2020-09-01|155.22|157.31|154.45|157.21
2020-09-02|157.96|158.98|156.175|158.46
2020-09-03|158.12|158.29|152.96|153.78
2020-09-04|155.71|155.89|149.29|152.8
2020-09-08|151.18|152.48|149|149.86
2020-09-09|151.43|152.7787|150.57|152.13
2020-09-10|152.83|153.875|150.055|150.15
2020-09-11|150.92|151.05|147.675|149.15
2020-09-14|150.59|153.43|150.37|153.08
2020-09-15|154.38|154.695|152.86|153.37
2020-09-16|154.11|156.85|153.84|154.82
2020-09-17|152.62|154.4|151.75|153.69
2020-09-18|153.98|155.29|151.14|153.29
2020-09-21|149.82|150.255|146.33|147.92
2020-09-22|148.65|149.3|146.56|149.06
2020-09-23|148.41|149.43|143.98|144.07
2020-09-24|144.04|146.53|142.09|144.07
2020-09-25|143.44|146.85|143.35|146.41
2020-09-28|148.37|150.44|148.2|150.02
2020-09-29|149.85|150.28|148|149.34
2020-09-30|149.9|151.97|148.49|149.79
2020-10-01|150.81|152.2|149.49|152.18
2020-10-02|149.41|153.58|148.99|152.85
2020-10-05|154.49|157.305|154.48|157.07
2020-10-06|158.5|161.01|156.34|156.62
2020-10-07|158.59|160.56|158.4638|160.04
2020-10-08|161.72|162.28|160.58|161.86
2020-10-09|163.35|163.71|161.805|162.7
2020-10-12|163.4|164.24|162.6|163.79
2020-10-13|162.52|163.22|161.48|162.7
2020-10-14|163.01|163.909|160.935|161.09
2020-10-15|159.29|163.18|158.81|162.75
2020-10-16|163.21|163.7|162.31|162.35
2020-10-19|162.88|164.03|160.03|160.41
2020-10-20|161.56|162.45|160.34|160.76
2020-10-21|160.87|161.365|159.29|159.38
2020-10-22|160.14|162.19|159.18|162.13
2020-10-23|163.07|163.33|161.25|163.07
2020-10-26|160.92|161.37|157.38|159.55
2020-10-27|159.45|160.06|157.94|158.18
2020-10-28|154.66|155.44|153.045|153.31
2020-10-29|152.77|155.79|151.67|155.14
2020-10-30|154.32|155.28|151.39|153.09
2020-11-02|154.77|155.89|153.665|155.82
2020-11-03|158.43|161.2301|158.06|160.24
2020-11-04|157.75|162.35|157.71|160.42
2020-11-05|162.01|165.58|161.91|164.91
2020-11-06|165.62|165.71|163.3|163.62
2020-11-09|176.95|178.1|169.33|169.55
2020-11-10|171.2|173.33|169.75|172.7
2020-11-11|173.34|173.48|170.86|172.63
2020-11-12|171.4|172.6383|168.34|169.98
2020-11-13|171.35|174.1264|171.31|173.5
2020-11-16|176.49|177.78|175.4|177.63
2020-11-17|176.04|178.8|174.28|178.46
2020-11-18|178.94|179.715|175.86|175.96
2020-11-19|175.65|177.59|175.07|177.31
2020-11-20|176.67|177.94|175.83|177.5
2020-11-23|179.25|181.99|178.73|180.82
2020-11-24|183.39|185.44|182.36|184.22
2020-11-25|183.5|184.3105|181.89|183.59
2020-11-27|183.72|184.49|183.22|184.37
2020-11-30|183.82|184.32|180.32|181.02
2020-12-01|183.595|184.22|181.79|182.7
2020-12-02|181.95|183.48|180.76|182.89
2020-12-03|183.34|185.18|182.94|183.92
2020-12-04|185.02|188.45|185.02|188.2
2020-12-07|188.23|188.9528|187.44|188.38
2020-12-08|187.12|190.98|187.08|190.8
2020-12-09|192.02|192.81|187.9|189.41
2020-12-10|187.76|191.65|187.305|191.24
2020-12-11|189.99|191.72|188.3|190.3
2020-12-14|191.96|193.12|189.88|189.93
2020-12-15|191.76|194.9|190.73|194.68
2020-12-16|195.13|195.21|192.96|193.98
2020-12-17|194.73|196.38|194.055|196.29
2020-12-18|196.61|197.83|194.8|195.34
2020-12-21|191.9|195.78|191.48|195.24
2020-12-22|195.99|197.72|195.39|197.46
2020-12-23|198.57|199.645|197.9045|199.14
2020-12-24|199.93|199.94|198.06|199.01
2020-12-28|201.16|201.18|198.13|198.27
2020-12-29|198.64|199|193.44|194.43
2020-12-30|195.05|197.48|195.025|196.41
2020-12-31|196.62|196.8399|194.62|196.06
2021-01-04|197.54|197.89|190.94|193.5
2021-01-05|193.09|197.615|193.07|196.49
2021-01-06|199.48|206.78|199.16|204.53
2021-01-07|205.71|208.52|205.7|208.17
2021-01-08|209.32|209.77|204.6581|207.72
2021-01-11|205.09|208.12|204.83|207.54
2021-01-12|208.52|211.39|208.49|211.26
2021-01-13|211.43|211.73|209.19|209.75
2021-01-14|211.24|215|211.13|213.94
2021-01-15|210.81|213.9553|208.26|210.75
2021-01-19|213.34|213.61|211.72|213.45
2021-01-20|214.36|215.98|213.07|214.39
2021-01-21|214.97|215.155|211.95|212.53
2021-01-22|210.49|215.33|209.55|215
2021-01-25|214.93|217.91|211.6|214.79
2021-01-26|216.3|216.69|212.77|213.3
2021-01-27|209.5|212.985|207.29|209.39
2021-01-28|210.84|212.37|207.63|208.72
2021-01-29|209.73|210.99|204.84|205.56
2021-02-01|208.17|211.57|205.76|210.61
2021-02-02|213.15|214.05|210.89|213.61
2021-02-03|213.7|214.74|211.59|214.25
2021-02-04|215.09|218.83|215.08|218.62
2021-02-05|220.94|221.84|218.77|221.65
2021-02-08|223.79|227.33|223.4019|227.31
2021-02-09|227.13|229.62|226.31|228.38
2021-02-10|229.92|230.315|224.945|226.88
2021-02-11|228.14|229|223.42|226.62
2021-02-12|225.93|227.74|224.64|227.26
2021-02-16|229.47|229.63|224.79|225.83
2021-02-17|223.61|224.74|220.96|224.06
2021-02-18|222.34|222.9|219.385|220.59
2021-02-19|222.46|226.3|222.17|225.19
2021-02-22|223.51|226.385|222.98|223.73
2021-02-23|220.96|222.975|215.56|221.76
2021-02-24|222.62|227.45|221.71|227
2021-02-25|226.79|227.585|218.01|218.61
2021-02-26|219.515|222.23|214.81|218.31
2021-03-01|223.48|226.71|222.94|226.07
2021-03-02|225.79|225.96|221.55|221.72
2021-03-03|222.42|224.26|219.21|219.32
2021-03-04|218.51|220.685|209.43|213.19
2021-03-05|216.89|218.15|207.21|217.71
2021-03-08|219.36|222.27|217.67|218.74
2021-03-09|222.41|224.99|220.92|223.34
2021-03-10|225.6|228.97|225.2|227.22
2021-03-11|229.55|232.28|228.79|232.22
2021-03-12|231.99|234.15|231.37|233.59
2021-03-15|233.34|234.53|231.91|234.42
2021-03-16|234.02|234.09|229.12|230.5
2021-03-17|228.97|232.82|227.36|232.31
2021-03-18|230.8|232.93|224.61|225.24
2021-03-19|224.57|228.6|222.95|226.94
2021-03-22|227.68|228.1|224.1|225.23
2021-03-23|223.16|223.86|216.03|217.06
2021-03-24|219.86|221.33|212.04|212.04
2021-03-25|209.34|217.52|208.03|216.66
2021-03-26|218.96|220.68|215.96|220.61
2021-03-29|219.01|220.93|214.08|214.4
2021-03-30|214.39|218.68|213.1399|218.01
2021-03-31|219.17|222.3999|219.12|220.94
2021-04-01|222.4|223.9|222.02|223.74
2021-04-05|226.4|226.535|223.57|224.97
2021-04-06|225|226.69|223.84|224.31
2021-04-07|224.23|224.37|219.94|220.69
2021-04-08|221.84|222.82|219.39|222.56
2021-04-09|222.49|223.09|221.24|222.59
2021-04-12|222.72|222.93|220.4|221.72
2021-04-13|221.48|222.57|218.83|221.14
2021-04-14|221.87|226|221.8|223.32
2021-04-15|225.09|225.12|222.26|224.29
2021-04-16|225.4|225.678|223.01|224.65
2021-04-19|223.71|224.6571|219.94|221.73
2021-04-20|220.77|221.6165|215.24|217.19
2021-04-21|217.02|222.62|215.5|222.5
2021-04-22|223.26|225.33|220.78|221.58
2021-04-23|222.82|226.65|222.02|225.76
2021-04-26|227|228.69|226.75|228.11
2021-04-27|228.71|229.39|227.51|228.45
2021-04-28|228.08|229.49|227.1|228.84
2021-04-29|230.85|230.95|225.79|227.99
2021-04-30|225.72|227.8|224.14|224.89
2021-05-03|227.21|227.407|224.92|225.99
2021-05-04|224.6|226.1447|220.955|223.29
2021-05-05|224.28|224.54|221.36|222.4
2021-05-06|222.65|222.81|218.64|222.59
2021-05-07|222.66|225.93|222.16|225.39
2021-05-10|225.23|225.67|219.59|219.66
2021-05-11|214.92|220.3888|214.42|218.96
2021-05-12|217.1|218.77|211.54|211.85
2021-05-13|213.31|217.44|211.8|215.75
2021-05-14|217.94|221.41|216.88|221.02
2021-05-17|219.78|221.39|217.9|221.32
2021-05-18|221.39|223.24|219.47|219.64
2021-05-19|216.03|218.16|214.05|217.95
2021-05-20|218.27|219.87|216.33|219.4
2021-05-21|221.33|222.37|219.51|219.97
2021-05-24|221.18|222.45|220|221.4
2021-05-25|222.23|223.71|219.19|219.26
2021-05-26|220.13|223.69|220.12|223.35
2021-05-27|225.04|226.36|224.18|225.65
2021-05-28|227.08|227.18|225.05|225.5
2021-06-01|227.46|228.5598|225.96|228.06
2021-06-02|228.91|228.92|226.825|228.33
2021-06-03|226.82|227.62|224.04|226.42
2021-06-04|227.56|228.055|226.21|227.4
2021-06-07|227.89|230.775|227.89|230.45
2021-06-08|231.21|233.4818|229.98|232.89
2021-06-09|233.54|233.64|230.98|231.34
2021-06-10|231.68|232.18|228.71|229.28
2021-06-11|230.3|231.8|230.07|231.7
2021-06-14|232.31|233.35|230.14|231.02
2021-06-15|231.12|231.47|228.475|230.36
2021-06-16|229.7|230.68|227.64|229.87
2021-06-17|229.24|230.2|224.52|227.29
2021-06-18|223.7|225.7375|221.13|222.13
2021-06-21|224.05|227.5|223.28|226.88
2021-06-22|226.27|228.41|224.72|227.91
2021-06-23|227.99|229.96|227.99|228.66
2021-06-24|230.12|231.91|229.49|231.89
2021-06-25|232.29|233.41|231.75|232.28
2021-06-28|232.24|232.59|228.77|230.44
2021-06-29|231.23|231.73|228.77|229.34
2021-06-30|228.65|230.32|227.76|229.37
2021-07-01|230.81|231.85|229.71|231.39
2021-07-02|232|232.08|228.56|229.19
2021-07-06|229.36|229.46|223.87|225.86
2021-07-07|225.54|226.67|221.8|223.76
2021-07-08|219.31|224.075|217.85|221.7
2021-07-09|224.16|226.45|223.34|226.38
2021-07-12|225.56|226.8881|224.55|226.57
2021-07-13|225.23|225.74|222.22|222.3
2021-07-14|223.71|224.355|218.55|218.87
2021-07-15|217.83|219.0598|214.94|217.63
2021-07-16|219.83|219.88|214.47|214.95
2021-07-19|210.63|214.445|209.05|211.73
2021-07-20|212.2|219.27|211.26|218.3
2021-07-21|219.45|222.22|219.36|222.06
2021-07-22|221.47|221.9255|217.58|218.53
2021-07-23|219.87|219.95|216.91|219.55
2021-07-26|220.39|222.05|219.15|220.19
2021-07-27|219.01|219.08|215.3819|217.62
2021-07-28|219|222.59|217.4|220.82
2021-07-29|222.79|224.435|222.14|222.52
2021-07-30|221.65|224.05|220.275|221.05
2021-08-02|222.47|224.55|219.64|219.95
2021-08-03|220.62|221.12|217.1|220.86
2021-08-04|219.1|221.2|217.89|218.11
2021-08-05|219.09|222.435|218.68|222.03
2021-08-06|223.75|225.21|222.14|223.39
2021-08-09|222.92|223.19|221.21|222.16
2021-08-10|222.64|223.22|221.19|222.6
2021-08-11|223.02|223.73|220.47|223.69
2021-08-12|223.76|223.84|221.71|223.16
2021-08-13|222.98|223.3|220.7|221.13
2021-08-16|219.77|220.26|217.65|219.07
2021-08-17|216.66|217.44|213.75|216.4
2021-08-18|216.1|218.04|214.37|214.51
2021-08-19|212.43|214.07|210.6825|211.94
2021-08-20|212.1|216.02|211.42|215.52
2021-08-23|217.48|219.94|217.44|219.62
2021-08-24|220.32|221.92|219.69|221.78
2021-08-25|221.77|223.9699|220.85|222.56
2021-08-26|222.14|223.16|219.74|220.2
2021-08-27|220.65|227.025|220.57|226.41
2021-08-30|227.25|227.35|224.98|225.48
2021-08-31|225.24|226.609|224.33|225.92
2021-09-01|226.83|228.24|224.87|227.44
2021-09-02|228.33|229.84|227.6|229.02
2021-09-03|228.25|228.97|227.19|227.96
2021-09-07|227.72|229|226.2549|226.39
2021-09-08|225.61|225.97|222.63|223.92
2021-09-09|223.54|226.285|222.962|223.81
2021-09-10|225.16|225.29|221.52|221.62
2021-09-13|223.21|223.38|220.25|222.88
2021-09-14|223.75|223.77|219.07|220.04
2021-09-15|220.02|222.74|219.46|222.03
2021-09-16|222.26|223.34|220.26|222.19
2021-09-17|221.62|223.03|220.64|222.48
2021-09-20|217.45|218.99|214.22|217.19
2021-09-21|218.77|219.29|215.82|217.52
2021-09-22|218.88|222.55|218.87|220.9
2021-09-23|222.18|225.645|221.56|224.81
2021-09-24|223.02|224.355|221.84|223.05
2021-09-27|223.62|227.675|223.53|226.44
2021-09-28|225.41|225.6|220.85|221.29
2021-09-29|222.27|222.66|220.17|220.82
2021-09-30|222.12|222.61|218.6|218.75
2021-10-01|219.95|223.5|217.74|222.28
2021-10-04|222.14|222.32|218.93|220.26
2021-10-05|220.96|223.06|219.88|221.02
2021-10-06|218.76|220.2|216.76|219.87
2021-10-07|221.53|224.95|221.37|223.26
2021-10-08|223.39|224.11|221.5|221.58
2021-10-11|221.83|223.55|220.25|220.31
2021-10-12|220.85|222.47|220.36|221.52
2021-10-13|221.89|222.7|219.83|222.57
2021-10-14|224.75|226|224.32|225.87
2021-10-15|227.98|228.4062|225.06|225.16
2021-10-18|223.88|225.675|223.73|225.03
2021-10-19|225.98|226.88|224.61|225.87
2021-10-20|225.97|227.98|225.12|227.37
2021-10-21|227.19|229.01|226.62|227.95
2021-10-22|227.8|228.39|225.69|227.41
2021-10-25|227.79|229.98|227.28|229.57
2021-10-26|230.03|230.72|227.8|227.84
2021-10-27|227.18|227.46|223.5|223.65
2021-10-28|224.8|228.26|224.77|228.11
2021-10-29|227.8|228.83|226.96|228.05
2021-11-01|229.25|234.18|228.89|233.96
2021-11-02|234.38|234.85|232.65|234.45
2021-11-03|234.15|239.81|233.92|238.64
2021-11-04|239.48|240.935|237.56|238.55
2021-11-05|241.17|243.4|240.2|241.81
2021-11-08|243.74|244.46|241.93|242.56
2021-11-09|242|242.53|239.54|241.15
2021-11-10|240.08|241.56|236.31|237.35
2021-11-11|238.31|240.378|237.66|239.26
2021-11-12|239.92|240.21|238.74|239.5
2021-11-15|240.57|240.76|237.55|238.55
2021-11-16|237.76|239.37|236.95|238.99
2021-11-17|238.06|238.13|235.13|235.86
2021-11-18|236.92|237.07|233.05|234.86
2021-11-19|233.27|234.42|232.39|232.72
2021-11-22|234.22|235.74|231.62|231.73
2021-11-23|231.39|233|228.62|231.33
2021-11-24|229.39|231.99|228.54|231.58
2021-11-26|224.96|226.17|219.64|222.85
2021-11-29|226.22|226.75|221.24|222.71
2021-11-30|220.66|221.86|215.88|218.17
2021-12-01|223.17|224.21|213.15|213.26
2021-12-02|214.37|219.94|213.82|219.21
2021-12-03|220.29|220.38|212.71|214.71
2021-12-06|216.54|220.69|213.71|219.02
2021-12-07|222.14|226.04|221.98|224.1
2021-12-08|224.6|226.535|223.06|225.63
2021-12-09|223.95|225.81|220.48|220.52
2021-12-10|222.2|222.85|218.32|219.91
2021-12-13|218.39|219.05|214.745|216.04
2021-12-14|214.58|217.52|213.31|214.18
2021-12-15|214.21|218.16|211.08|217.58
2021-12-16|219.45|219.9|212.25|213.18
2021-12-17|212.2|217.35|210.3|215.14
2021-12-20|212.09|212.94|208.76|212.12
2021-12-21|214.2|218.385|212.061|218.18
2021-12-22|217.87|220.35|217.13|220.28
2021-12-23|221.05|222.8|220.34|222.04
2021-12-27|222.34|224.235|220.6|224.12
2021-12-28|223.79|225.73|222.35|222.75
2021-12-29|222.72|223.4901|221.255|222.99
2021-12-30|222.94|225.43|222.7|222.93
2021-12-31|222.49|224.12|222.39|222.45
2022-01-03|223.71|226.69|222.73|225.32
2022-01-04|226|227.13|223.38|224.98
2022-01-05|224.87|225.91|217.32|217.36
2022-01-06|217.82|220.42|215.82|218.6
2022-01-07|218.6|220.38|215.925|216.07
2022-01-10|214.77|215.385|211.11|215.32
2022-01-11|215.48|217.83|212.96|217.61
2022-01-12|218.52|219.38|214.64|215.99
2022-01-13|216.81|218.19|213.38|214.01
2022-01-14|211.99|214.4|210.58|214.31
2022-01-18|212.2|212.44|207.53|207.83
2022-01-19|208.81|209.46|204.38|204.45
2022-01-20|205.38|208.99|200.33|200.75
2022-01-21|199.76|203.02|196.99|196.99
2022-01-24|194.07|202.39|191.23|201.53
2022-01-25|198.48|201.7|194.56|198.84
2022-01-26|201.78|203.55|193.72|195.97
2022-01-27|197.63|199.61|190.601|191.52
2022-01-28|191.7|195.31|188.09|195.25
2022-01-31|194.39|201.24|193.85|201.24
2022-02-01|201.66|203.57|197.965|203.36
2022-02-02|203.62|203.9|199.29|201.34
2022-02-03|198.84|201.24|197.05|197.53
2022-02-04|197.04|200.1|194.92|198.38
2022-02-07|198.43|201.16|197.99|199.36
2022-02-08|199.47|203.12|199.36|202.76
2022-02-09|204.57|206.65|204.3|206.61
2022-02-10|202.9|209.05|202.12|203.44
2022-02-11|203.65|206.06|199.69|201.38
2022-02-14|201.63|203.53|199.24|200.68
2022-02-15|202.78|206.305|202.63|206.06
2022-02-16|205.3|207.27|204.08|206.49
2022-02-17|204.55|205.03|200.78|201.2
2022-02-18|201.03|202.72|198.76|199.47
2022-02-22|198.48|200.45|195.35|196.66
2022-02-23|198.24|198.9|192.55|192.98
2022-02-24|188.32|198.48|187.92|198.04
2022-02-25|198.69|202.62|197|202.5
2022-02-28|200.47|204.6|200.46|203.32
2022-03-01|202.66|203.79|197.8|199.49
2022-03-02|200.84|205.3|200.69|204.24
2022-03-03|205.09|205.11|200.29|201.82
2022-03-04|199.7|200.86|196.98|198.66
2022-03-07|199.22|199.585|193.68|193.72
2022-03-08|194.34|199.57|193.46|194.79
2022-03-09|198.22|201|197.62|200.28
2022-03-10|197.41|200.04|196.56|199.92
2022-03-11|200.78|201.76|196.44|196.73
2022-03-14|197.24|197.44|191.88|192.71
2022-03-15|193.46|195.79|192.88|195.78
2022-03-16|197.54|201.94|196.15|201.94
2022-03-17|200.77|205.21|200.3|205.11
2022-03-18|204.21|207.45|204|207.27
2022-03-21|207.2|208.18|203.935|205.44
2022-03-22|206.31|208.79|205.8|207.5
2022-03-23|206.15|207.2|203.75|203.9
2022-03-24|204.38|205.9|202.73|205.84
2022-03-25|206.09|206.62|204.44|206.12
2022-03-28|205.6|206.21|203.03|206.19
2022-03-29|208|212.25|207.88|211.71
2022-03-30|211.37|211.74|206.61|207.46
2022-03-31|207.13|208.91|205.15|205.27
2022-04-01|206.18|207.72|205.01|207.57
2022-04-04|207.87|208.43|205.88|207.91
2022-04-05|207.96|209.435|202.51|202.99
2022-04-06|201.27|201.8|198.68|200.11
2022-04-07|200.11|201.23|196.68|199.46
2022-04-08|199.22|200.31|197.5|197.87
2022-04-11|197.12|199.2549|195.88|196.54
2022-04-12|198.7|201.68|196.42|197.16
2022-04-13|197.68|201.45|197.61|200.91
2022-04-14|201.11|202.37|198.87|198.96
2022-04-18|198.46|199.18|196.53|197.62
2022-04-19|197.86|202.235|197.69|201.56
2022-04-20|203.05|203.87|201.86|202.33
2022-04-21|204.23|204.8|197.02|197.8
2022-04-22|196.87|197.37|192.29|192.68
2022-04-25|190.99|194.11|189.21|193.85
2022-04-26|192.32|192.71|187.48|187.74
2022-04-27|187.67|189.78|186.26|186.96
2022-04-28|189.17|191.4|184.71|190.45
2022-04-29|189.59|191.73|184.51|184.95
2022-05-02|184.9|187.82|182.38|186.89
2022-05-03|186.92|189.5099|185.68|188.49
2022-05-04|189.05|193.93|185.6932|193.52
2022-05-05|191.53|191.56|183.38|185.67
2022-05-06|184.96|185.42|180.55|182.58
2022-05-09|179.86|182.6534|174.1|174.9
2022-05-10|177.57|178.905|171.2|174.95
2022-05-11|175.13|178.19|170.3|170.6
2022-05-12|169.83|174.34|168.9|172.6
2022-05-13|175.04|179.41|175.01|178.07
2022-05-16|177.5|179.44|176.135|177.22
2022-05-17|180.41|182.84|178.99|182.64
2022-05-18|180.47|181.41|175.1|176.24
2022-05-19|174.89|178.81|174.89|176.53
2022-05-20|178.5|178.97|171.79|176.08
2022-05-23|177.88|178.96|175.5|178.21
2022-05-24|176.57|176.93|172.33|175.57
2022-05-25|174.88|179.78|174.81|178.73
2022-05-26|179.85|183.795|179.7|182.72
2022-05-27|183.76|187.65|183.4|187.64
2022-05-31|186.91|187.6765|184.09|185.31
2022-06-01|186.27|186.94|181.77|184.26
2022-06-02|184.59|188.76|184.17|188.76
2022-06-03|187.29|187.96|185.79|187.06
2022-06-06|189.29|189.305|186.83|187.87
2022-06-07|186.41|190.94|185.9|190.9
2022-06-08|189.96|190.7|187.06|187.95
2022-06-09|186.55|187.07|183.53|183.57
2022-06-10|180.51|181.55|177.65|178.59
2022-06-13|173.63|174.96|169.29|170.2
2022-06-14|170.67|171.24|167.74|169.38
2022-06-15|171.21|174.06|168.66|171.86
2022-06-16|167.84|168.42|162.78|163.9
2022-06-17|164.48|167.52|163.7|165.18
2022-06-21|167.98|170.08|166.81|168.14
2022-06-22|165.96|169.255|165.37|167.82
2022-06-23|168.19|170.23|166.55|169.83
2022-06-24|171.22|175.1|170.9|175.09
2022-06-27|175.67|176.99|174.18|175.74
2022-06-28|176.93|178.15|172.35|172.44
2022-06-29|172.55|172.7|168.97|170.69
2022-06-30|168.2|171.31|166.76|169.36
2022-07-01|169.05|171.84|167.66|171.41
2022-07-05|168.68|172.9|166.73|172.83
2022-07-06|172.45|173.71|169.75|171.55
2022-07-07|172.86|175.98|172.85|175.61
2022-07-08|175.07|176.99|173.65|175.59
2022-07-11|174.26|174.97|171.6|172.06
2022-07-12|171.54|173.36|170.56|171.47
2022-07-13|169.15|172.275|168.79|171.32
2022-07-14|168.68|170|167.02|169.56
2022-07-15|171.54|173.345|169.31|173.09
2022-07-18|175.13|176.2893|172.06|172.6
2022-07-19|174.75|178.89|174.66|178.69
2022-07-20|178.65|181.81|178.4|181.49
2022-07-21|180.45|182.5|178.845|182.42
2022-07-22|182.88|183.25|178.05|179.51
2022-07-25|180.05|180.92|178.43|180.44
2022-07-26|179.78|180.21|178.54|179.33
2022-07-27|180.48|184.25|180|183.41
2022-07-28|184.32|186.14|181.76|185.93
2022-07-29|186.04|187.73|185.04|187.25
2022-08-01|185.79|188.32|184.22|187.18
2022-08-02|186.47|189.02|185.48|187
2022-08-03|188.3|190.15|187.64|189.75
2022-08-04|189.84|190.04|188.44|189.35
2022-08-05|187.47|191.02|187.1703|190.8
2022-08-08|192.15|194.625|191.89|192.82
2022-08-09|192.04|192.17|189.16|190.19
2022-08-10|193.63|195.95|193.11|195.62
2022-08-11|197.42|199.53|196.04|196.35
2022-08-12|197.35|200.43|196.58|200.36
2022-08-15|198.795|201.155|198.22|201.07
2022-08-16|200.5|201.99|199.025|200.99
2022-08-17|198.72|199.33|196.38|197.61
2022-08-18|197.88|199.25|196.9|198.92
2022-08-19|196.83|197.11|194.0707|194.65
2022-08-22|191.99|192.35|190.01|190.64
2022-08-23|190.94|192.93|190.39|190.95
2022-08-24|190.79|193.3|190.16|192.41
2022-08-25|193.38|195.45|192.98|195.4
2022-08-26|195.34|195.44|188.66|188.98
2022-08-29|186.95|188.99|186.52|187.24
2022-08-30|187.82|188.01|183.535|184.62
2022-08-31|184.94|185.74|183.19|183.5
2022-09-01|181.78|181.89|178.9|181.5
2022-09-02|183.6|183.95|179.14|180.09
2022-09-06|180.71|181.08|177.5|178.31
2022-09-07|177.97|182.465|177.93|182.19
2022-09-08|180.69|183.79|179.62|183.71
2022-09-09|185.34|187.63|185.1|187.4
2022-09-12|188.6|189.86|187.97|189.67
2022-09-13|184.86|185.91|181.535|182.25
2022-09-14|182.57|183.32|180.57|182.96
2022-09-15|181.92|184.69|180.86|181.63
2022-09-16|179.09|179.68|176.91|178.99
2022-09-19|177.01|180.75|176.96|180.52
2022-09-20|178.77|178.94|176.71|178.06
2022-09-21|179.37|181.1|175.33|175.34
2022-09-22|175|175.58|170.7405|171.39
2022-09-23|169|169.19|165|167.31
2022-09-26|165.47|168.97|163.58|164.17
2022-09-27|166.31|167.63|163.28|164.73
2022-09-28|165.76|170.99|165.07|169.94
2022-09-29|167.78|167.93|163.8|166.13
2022-09-30|165.78|169.515|164.87|164.92
2022-10-03|167.34|170.3|165.25|169.29
2022-10-04|172.61|176.08|172.53|176
2022-10-05|173.41|175.33|171.42|174.7
2022-10-06|173.85|176.165|172.91|173.72
2022-10-07|171.93|172.47|167.92|168.61
2022-10-10|169.29|169.57|166.59|167.67
2022-10-11|166.96|170.11|164.8|167.72
2022-10-12|167.9|168.46|165.48|167.26
2022-10-13|164|172.2|162.5|171.4
2022-10-14|172.74|173.92|166.71|166.81
2022-10-17|170.22|172.62|170.11|172.13
2022-10-18|175.86|177.29|172.69|174.17
2022-10-19|172.49|173.4|169.3301|171.21
2022-10-20|171.42|173.55|168.4693|169.03
2022-10-21|169.4|173.2|168.19|172.7
2022-10-24|173.32|174|171.05|173.44
2022-10-25|173.57|178.895|173.56|178.17
2022-10-26|179.15|182.37|178.33|179.05
2022-10-27|180.59|182|178.87|179.09
2022-10-28|179.825|183.41|178.7383|183.16
2022-10-31|182.27|184.24|181.55|183.33
2022-11-01|185.24|185.6|182.88|183.58
2022-11-02|182.84|185|177.43|177.49
2022-11-03|175.29|177.94|174.11|176.3
2022-11-04|178.92|179.94|175.47|178.68
2022-11-07|179.74|180.59|177.68|179.49
2022-11-08|180.23|181.95|177.36|179.56
2022-11-09|178|178.67|174.275|174.63
2022-11-10|181.85|185.445|181.15|185.38
2022-11-11|185.76|188.84|185.69|186.9
2022-11-14|185.79|187.785|184.6317|184.81
2022-11-15|187.84|189.56|186.11|187.55
2022-11-16|186.6|186.64|183.71|184.25
2022-11-17|181.62|182.95|180.51|182.54
2022-11-18|184.59|185.31|182.57|183.72
2022-11-21|182.78|183.19|181.43|182.76
2022-11-22|183.74|184.94|182.33|184.71
2022-11-23|184.29|185.78|183.55|185.19
2022-11-25|185.09|186.37|184.66|185.58
2022-11-28|184.13|184.92|181.29|181.84
2022-11-29|181.96|183.61|181.96|182.37
2022-11-30|182.67|187.43|180.795|187.37
2022-12-01|188.151|189.24|186.13|186.96
2022-12-02|184.37|188.86|184.33|188.05
2022-12-05|186.86|187.06|182.1838|182.87
2022-12-06|182.88|182.98|179.08|180.07
2022-12-07|179.75|181.5|179.11|179.54
2022-12-08|180.77|182.625|179.51|180.84
2022-12-09|179.77|180.81|178.56|178.62
2022-12-12|178.85|181.09|178|180.72
2022-12-13|185.73|186.64|180.14|181.38
2022-12-14|181.31|182.91|178.83|180.19
2022-12-15|178.03|178.6|175.04|175.68
2022-12-16|173.8|175.11|172.67|174.37
2022-12-19|174.61|175.0529|171.47|172.01
2022-12-20|171.67|174.02|171.18|172.92
2022-12-21|174.45|176.8|174.2|175.9
2022-12-22|174.33|174.49|170.67|173.6
2022-12-23|173.48|174.45|172.34|174.39
2022-12-27|174.36|174.57|172.58|173.22
2022-12-28|173.18|174.1|170.34|170.53
2022-12-29|171.72|175.25|171.4|174.85
2022-12-30|173.34|174.7203|172.61|174.36
2023-01-03|175.93|177.32|171.9|173.4
2023-01-04|174.62|176.67|174.28|175.56
2023-01-05|174.59|174.76|172.39|173.68
2023-01-06|175.3|178.04|173.87|177.58
2023-01-09|179.01|180.12|177.65|177.88
2023-01-10|177.66|180.62|177.3|180.51
2023-01-11|181.26|182.79|180.68|182.76
2023-01-12|183.57|185.95|181.92|185.83
2023-01-13|184.5|187.34|184.33|187.05
2023-01-17|187|187.84|186.235|186.82
2023-01-18|187.45|188.96|183.695|183.8
2023-01-19|182.73|183.1|180.78|182.04
2023-01-20|182.71|185.15|181.27|185.04
2023-01-23|185.43|188.115|184.58|187.33
2023-01-24|186.59|187.83|185.88|186.93
2023-01-25|185.41|187.51|183.87|187.45
2023-01-26|188.98|189.85|186.29|188.56
2023-01-27|187.98|190.3|187.79|189.58
2023-01-30|187.84|189.61|186.83|186.94
2023-01-31|187.42|191.58|187.38|191.48
2023-02-01|191.19|196.19|190.13|194.49
2023-02-02|196.01|199.26|194.35|198.32
2023-02-03|196.11|199.13|195.7|196.99
2023-02-06|195.65|196.38|193.37|194.14
2023-02-07|193.41|196.1|191.65|195.58
2023-02-08|194.36|195.37|192.2|192.72
2023-02-09|194.23|195.12|189.43|189.93
2023-02-10|189.28|190.63|188.5328|190.31
2023-02-13|190.51|192.855|189.31|192.6
2023-02-14|191.28|193.95|190.08|192.51
2023-02-15|190.98|194.5537|190.53|194.46
2023-02-16|191.8|194.87|191.25|192.6
2023-02-17|191.88|193.3699|190.97|193.13
2023-02-21|190.75|191.3383|187.24|187.43
2023-02-22|187.83|189.15|186.7515|187.94
2023-02-23|189.35|190.3|186.7|189.28
2023-02-24|186.65|187.78|185.78|187.51
2023-02-27|189.13|190.2|187.6|188.17
2023-02-28|188.12|190.02|188.07|188.18
2023-03-01|188.19|189.49|187.19|188.42
2023-03-02|186.86|189.3|186.12|188.87
2023-03-03|189.67|191.93|188.42|191.5
2023-03-06|191.56|191.74|187.9|188.7
2023-03-07|188.65|189.07|186.22|186.51
2023-03-08|186.79|187.61|185.12|186.6
2023-03-09|186.73|187.27|181.28|181.41
2023-03-10|180.39|180.39|174.255|176.18
2023-03-13|172.52|176.4|171.07|173.31
2023-03-14|178.6|179.26|174.61|176.52
2023-03-15|171.93|173.91|170.3762|173.61
2023-03-16|171.47|177.38|170.495|175.98
2023-03-17|174.04|174.76|170.86|171.23
2023-03-20|173.05|175.37|172.525|173.45
2023-03-21|176.55|178.18|175.96|176.65
2023-03-22|176.52|177.35|171.53|171.64
2023-03-23|172.28|174.39|168.71|170.25
2023-03-24|168.75|172.105|167.455|171.79
2023-03-27|173.84|174.73|172.36|173.7
2023-03-28|173.1|174.505|172.69|173.45
2023-03-29|175.34|175.55|173.5719|175.42
2023-03-30|176.88|177.305|174.445|175.18
2023-03-31|176.4|178.64|176.37|178.4
2023-04-03|178.95|179.78|176.49|178.48
2023-04-04|178.92|179.1|174.32|175.35
2023-04-05|174.25|174.83|172.53|173.63
2023-04-06|173.72|174.46|172.68|173.89
2023-04-10|173.07|175.88|173.03|175.75
2023-04-11|176.57|177.97|176.12|177.14
2023-04-12|178.82|178.98|175.58|175.84
2023-04-13|176.54|178.685|175.93|178.17
2023-04-14|178.33|179.22|175.34|176.51
2023-04-17|176.97|178.86|176.75|178.78
2023-04-18|179.59|179.63|176.94|178.02
2023-04-19|177.08|178.79|176.58|178.25
2023-04-20|177.15|178.43|176.52|177.33
2023-04-21|177.81|177.958|175.86|177.56
2023-04-24|177.38|178.45|176.495|177.44
2023-04-25|175.63|175.94|173.01|173.06
2023-04-26|172.23|173.4|171|171.39
2023-04-27|172.03|173.855|170.94|173.68
2023-04-28|173.29|175.825|173.18|175.2
2023-05-01|175|177.34|174.76|175.3
2023-05-02|174.4|174.45|169.92|171.7
2023-05-03|172.22|175.7|172.19|172.33
2023-05-04|171.32|171.56|168.78|170.4
2023-05-05|173.29|175.1|173.1|174.45
2023-05-08|175.26|175.55|173.13|174.05
2023-05-09|172.98|174.27|172.16|173.53
2023-05-10|175.96|176.02|172.72|174.41
2023-05-11|173.22|173.78|172.11|173.07
2023-05-12|173.65|174.205|171.65|172.72
2023-05-15|173.31|175.71|172.82|174.83
2023-05-16|173.61|174.8069|172.23|172.28
2023-05-17|173.43|176.5|172.16|176.12
2023-05-18|175.56|177.57|175.02|177.19
2023-05-19|178.51|178.8941|175.25|176.11
2023-05-22|176.62|179.02|176.04|178.26
2023-05-23|177.91|180.53|177.38|177.42
2023-05-24|176.55|176.74|174.67|175.54
2023-05-25|175.25|175.53|172.6999|174.17
2023-05-26|174.3|176.38|174.02|176.15
2023-05-30|176.71|177.554|174.76|175.5
2023-05-31|174.69|176.01|172.36|173.77
2023-06-01|173.86|176.24|172.9317|175.65
2023-06-02|178.01|182.09|177.45|182.02
2023-06-05|181.26|181.39|178.44|179.58
2023-06-06|178.93|184.96|178.93|184.31
2023-06-07|184.96|187.77|184.96|187.24
2023-06-08|186.75|187.375|184.91|186.54
2023-06-09|186.32|186.61|184.45|185.03
2023-06-12|185.23|186.675|184.22|185.8
2023-06-13|186.44|188.98|186.27|187.93
2023-06-14|188.32|189.24|184.55|185.91
2023-06-15|185.08|187.57|184.91|187.44
2023-06-16|187.95|188.55|185.09|185.94
2023-06-20|185.16|185.57|183.761|185.13
2023-06-21|184.44|185.91|183.59|184.7
2023-06-22|184.2|184.25|182.485|183.33
2023-06-23|180.77|182.41|180.05|180.57
2023-06-26|180.44|182.74|180.37|180.75
2023-06-27|181.2|183.985|180.4|183.36
2023-06-28|182.99|184.42|182.12|184.26
2023-06-29|184.72|187.08|184.43|186.38
2023-06-30|188.26|188.4341|186.91|187.27
2023-07-03|186.91|188.84|186.74|187.65
2023-07-05|187.13|187.21|185.44|185.78
2023-07-06|183.63|183.71|180.72|182.78
2023-07-07|182.98|186.49|182.93|184.71
2023-07-10|184.58|188.05|184.16|187.87
2023-07-11|188.48|190.08|187.69|189.8
2023-07-12|192.76|193.05|191.365|191.87
2023-07-13|192.51|193.685|191.8|193.42
2023-07-14|193.34|193.4887|190.29|191.53
2023-07-17|191.34|194.36|191.14|193.58
2023-07-18|193.7|196.39|193.49|195.97
2023-07-19|196.7|197.66|195.9301|196.8
2023-07-20|196.94|196.94|194.265|195.08
2023-07-21|196.39|196.62|194.0901|194.46
2023-07-24|194.56|196.255|193.99|194.94
2023-07-25|194.58|196.21|194.42|194.92
2023-07-26|194.77|197.16|194.71|196.46
2023-07-27|197.63|197.9|193.18|193.92
2023-07-28|196.02|196.95|195.5|196.43
2023-07-31|196.93|198.75|196.915|198.71
2023-08-01|197.43|197.935|195.78|197.8
2023-08-02|195.59|196.09|194.09|195.11
2023-08-03|194.3|195.64|193.06|194.56
2023-08-04|194.82|196.31|193.71|194.17
2023-08-07|194.66|195.06|192.68|194.3
2023-08-08|192.14|193.29|190.52|193.08
2023-08-09|192.87|192.88|190.75|191.57
2023-08-10|192.24|194.12|189.89|190.72
2023-08-11|189.92|191.69|189.74|190.99
2023-08-14|189.94|190.7|188.64|190.66
2023-08-15|189.52|189.64|188.035|188.14
2023-08-16|187.99|189.06|185.81|185.84
2023-08-17|186.34|186.74|183.63|183.65
2023-08-18|182.21|185.25|181.94|184.65
2023-08-21|184.7|185.275|183.0704|184.38
2023-08-22|185.04|185.545|183.22|183.83
2023-08-23|184|186.11|183.425|185.79
2023-08-24|185.25|186.335|183.2|183.22
2023-08-25|184.06|185|181.61|184
2023-08-28|184.84|186.75|184.82|185.64
2023-08-29|185.54|188.365|184.57|188.23
2023-08-30|187.73|189.61|187.33|188.94
2023-08-31|189.2|190.255|188.53|188.61
2023-09-01|190.07|191.86|189.85|190.85
2023-09-05|189.65|189.9|186.77|186.83
2023-09-06|187.06|188.09|185.09|186.13
2023-09-07|185.14|185.38|183.59|184.33
2023-09-08|184.56|184.83|183.45|183.92
2023-09-11|185.26|185.72|184.2|184.36
2023-09-12|184.04|185.335|183.74|184.18
2023-09-13|184.5|184.88|182.39|182.97
2023-09-14|184.53|186.07|184.24|185.55
2023-09-15|184.79|185.07|182.79|183.61
2023-09-18|183.7|183.76|182.37|182.39
2023-09-19|182.49|183.3|181.07|181.68
2023-09-20|182.4|183.509|179.82|179.86
2023-09-21|178.5|178.755|177.07|177.07
2023-09-22|177.56|178.37|176.56|176.67
2023-09-25|175.69|177.8599|175.54|177.46
2023-09-26|175.5|177.02|174.29|174.36
2023-09-27|175.45|176.93|174.4619|175.99
2023-09-28|176.09|178.57|175.97|177.58
2023-09-29|178.97|179.16|176.15|176.74
2023-10-02|176.33|176.73|173.15|174.07
2023-10-03|172.95|173.5|170.37|171.14
2023-10-04|171.01|171.61|169.09|171.22
2023-10-05|170.8|171.9|169.94|171.35
2023-10-06|170.37|173.89|169.51|173
2023-10-09|171.84|174.545|171.77|174
2023-10-10|174.31|177.04|174.28|175.97
2023-10-11|176.12|177.23|174.375|175.67
2023-10-12|175.88|175.88|170.79|171.7
2023-10-13|172.35|172.7|169.69|170.27
2023-10-16|171.74|173.39|171.02|173.02
2023-10-17|171.94|176.42|171.9|174.95
2023-10-18|173.64|173.66|170.995|171.35
2023-10-19|170.855|172.15|168.36|168.62
2023-10-20|168.66|169.026|166.43|166.44
2023-10-23|165.66|167.455|164.645|165.03
2023-10-24|166.45|167.62|165.41|166.47
2023-10-25|165.01|165.655|163.4|163.72
2023-10-26|164.15|165.77|163.2|164.14
2023-10-27|164.52|164.83|161.67|162.21
2023-10-30|163.79|164.81|161.94|163.11
2023-10-31|163.4|164.99|162.83|164.52
2023-11-01|164.46|165.6|163.1|165.46
2023-11-02|167.75|170|167.325|169.87
2023-11-03|172.8|175.645|172.78|174.49
2023-11-06|174.49|174.775|171.39|172.31
2023-11-07|171.56|172.51|170.57|171.7
2023-11-08|171.7|172.13|169.3024|169.87
2023-11-09|171.03|171.03|166.98|167.24
2023-11-10|168.22|169.71|166.7901|169.11
2023-11-13|168.24|169.77|167.52|169.17
2023-11-14|174.23|178.47|174.22|178.46
2023-11-15|178.35|181.76|178.11|178.77
2023-11-16|178.14|178.63|175.155|175.88
2023-11-17|177.45|178.64|177.105|178.29
2023-11-20|178.52|179.65|177.74|179.33
2023-11-21|178.24|178.505|176.91|177.02
2023-11-22|178.18|179.39|177.42|178.13
2023-11-24|178.05|179.73|177.8|179.33
2023-11-27|178.5|179.11|177.23|178.73
2023-11-28|178.55|179.22|177.2|178.04
2023-11-29|179.55|181.75|178.7|178.98
2023-11-30|180.05|180.64|178.76|179.66
2023-12-01|179.2|185.18|178.21|184.91
2023-12-04|184.23|186.99|184.02|186.89
2023-12-05|186.05|186.05|183.98|184.39
2023-12-06|185.7|187.92|183.79|184.06
2023-12-07|184.33|185.56|183.39|185.39
2023-12-08|185.15|187.75|184.86|186.8
2023-12-11|186.68|187.62|185.885|187.19
2023-12-12|186.97|187.655|185.335|187
2023-12-13|187.1|193.64|185.67|193.33
2023-12-14|196.87|200.035|196.48|198.71
2023-12-15|198.95|199.55|195.95|197.04
2023-12-18|197.96|198.77|196.68|197.11
2023-12-19|198.48|201.3|198.02|200.93
2023-12-20|199.86|202.17|196.16|196.28
2023-12-21|198.5|199.82|197.52|199.62
2023-12-22|200.88|202.81|200.19|201.48
2023-12-26|202.21|204.56|201.69|204.1
2023-12-27|204.44|205.49|203.395|204.82
2023-12-28|203.79|205.165|203.28|204.04
2023-12-29|203.48|204.0301|200.71|200.71
2024-01-02|199.4|201.62|198.44|199.52
2024-01-03|197.4|197.67|193.78|194.2
2024-01-04|194.06|195.49|193.69|193.82
2024-01-05|192.69|195.46|192.29|193.25