2022-08-09|25.05|25.15|24.9826|24.9826
2022-08-10|25.81|26.16|25.73|26.1006
2022-08-11|26.546|26.546|25.8916|25.8916
2022-08-12|26.6763|26.8654|26.65|26.8654
2022-08-15|26.82|27.22|26.81|27.1563
2022-08-16|27.92|27.92|26.74|27.1406
2022-08-17|27.34|27.7612|27.15|27.5293
2022-08-18|27.22|27.57|27.22|27.48
2022-08-19|27.2|27.2|26.64|26.734
2022-08-22|26.19|26.21|25.5|25.5758
2022-08-23|25.62|25.68|25.4956|25.4956
2022-08-24|25.34|25.67|25.34|25.5471
2022-08-25|26.1244|26.2181|25.92|26.2181
2022-08-26|26.25|26.25|24.5019|24.57
2022-08-29|23.76|24.2|23.7476|23.922
2022-08-30|23.31|23.35|23.1299|23.2925
2022-08-31|23.48|23.48|22.85|22.85
2022-09-01|22.63|23.0078|22.36|23.0078
2022-09-02|23.31|23.55|22.47|22.5
2022-09-06|22.54|22.54|21.96|22.15
2022-09-07|22.24|22.48|22.05|22.449
2022-09-08|21.86|22.13|21.86|22.13
2022-09-09|22.54|22.819|22.44|22.8146
2022-09-12|23.63|24.51|23.6299|24.31
2022-09-13|23.53|26.74|21.8|21.88
2022-09-14|21.8892|22.5|21.76|22.2168
2022-09-15|22.01|22.01|21.3466|21.45
2022-09-16|20.61|21.06|20.61|21.03
2022-09-19|21.2|21.9578|21.2|21.9578
2022-09-20|22.06|22.7|22.06|22.5226
2022-09-21|22.75|22.98|21.77|21.77
2022-09-22|21.3641|21.52|21.09|21.52
2022-09-23|21|21.1|20.5401|20.91
2022-09-26|20.7|21.42|20.7|20.9994
2022-09-27|21.47|21.47|21.2034|21.2034
2022-09-28|20.29|20.82|19.62|20.78
2022-09-29|19.87|19.87|18.84|18.95
2022-09-30|18.59|18.91|17.9649|17.9649
2022-10-03|18.14|19.04|18.1385|18.9148
2022-10-04|19.4901|19.7472|19.49|19.7472
2022-10-05|19.3103|19.96|19.13|19.7743
2022-10-06|19.94|19.94|19.66|19.66
2022-10-07|18.7999|18.8|18.32|18.35
2022-10-10|18.36|18.55|18.2432|18.4175
2022-10-11|18.17|18.43|18|18.0535
2022-10-12|17.96|17.96|17.9463|17.9463
2022-10-13|17.03|18.9986|17.03|18.9986
2022-10-14|18.62|18.62|17.95|17.95
2022-10-17|18.5074|18.7605|18.4399|18.7605
2022-10-18|19.5824|19.5824|18.53|19.0533
2022-10-19|18.62|19.1109|18.62|19.1109
2022-10-20|19.33|19.33|18.899|19.024
2022-10-21|19.9117|19.9117|19.9117|19.9117
2022-10-24|19.98|20.4056|19.86|20.4056
2022-10-25|20.68|21.12|20.52|21.0869
2022-10-26|20.65|20.79|20.45|20.45
2022-10-27|20.14|20.27|19.2125|19.3
2022-10-28|21.46|22.11|21.46|21.81
2022-10-31|21.0101|21.3852|21.0101|21.1703
2022-11-01|20.93|20.93|20.26|20.5918
2022-11-02|19.28|19.28|19.28|19.28
2022-11-03|18.51|18.51|17.76|17.82
2022-11-04|18.2401|18.25|16.95|17.6459
2022-11-07|17.35|17.85|17.22|17.8415
2022-11-08|17.9|18.35|17.67|17.9376
2022-11-09|17.51|17.51|16.94|16.95
2022-11-10|18.28|19.4828|18.274|19.4828
2022-11-11|19.31|20.14|18.97|20.14
2022-11-14|19.82|20.2247|19.76|19.8227
2022-11-15|20.75|20.97|20.01|20.213
2022-11-16|19.81|19.98|19.67|19.9614
2022-11-17|19.51|20.545|19.51|20.3431
2022-11-18|20.55|20.63|20.36|20.4351
2022-11-21|20.19|20.19|19.74|19.76
2022-11-22|19.522|20.2|19.48|20.2
2022-11-23|20.36|20.44|20.13|20.371
2022-11-25|19.51|19.7|19.51|19.7
2022-11-28|18.94|19.02|18.77|18.77
2022-11-29|18.77|18.77|18.0484|18.06
2022-11-30|18.08|19.518|18.02|19.518
2022-12-01|19.5801|19.7094|19.58|19.7094
2022-12-02|19.6|19.6|19.6|19.6
2022-12-05|20.28|20.28|19.2436|19.2436
2022-12-06|18.34|18.46|18.2899|18.46
2022-12-07|17.9984|17.9984|17.9984|17.9984
2022-12-08|18.3576|18.3576|18.3576|18.3576
2022-12-09|18.2179|18.2179|18.2179|18.2179
2022-12-12|18.61|18.79|18.61|18.79
2022-12-13|19.96|19.96|18.98|19.01
2022-12-14|18.42|18.54|18.04|18.4559
2022-12-15|17.74|17.74|16.9599|16.96
2022-12-16|16.96|16.96|16.5|16.5097
2022-12-19|16.3499|16.3499|15.8255|16.04
2022-12-20|15.59|16.03|15.59|16.03
2022-12-21|16.07|16.8462|16.07|16.69
2022-12-22|15.94|15.98|15.57|15.98
2022-12-23|15.62|15.87|15.49|15.87
2022-12-27|15.26|15.52|15.26|15.51
2022-12-28|15.24|15.55|14.64|14.64
2022-12-29|15.2|15.4|15.19|15.39
2022-12-30|15.08|15.38|15.0451|15.38
2023-01-03|14.94|14.94|14.25|14.44
2023-01-04|14.84|14.84|14.44|14.6413
2023-01-05|14.81|14.8933|14.36|14.4127
2023-01-06|14.79|15.39|14.7869|15.295
2023-01-09|15.62|16.06|15.34|15.43
2023-01-10|15.49|15.56|15.01|15.56
2023-01-11|15.59|16.06|15.57|16.06
2023-01-12|15.8|16.18|15.75|16.0743
2023-01-13|16.07|16.34|16.07|16.34
2023-01-17|16.51|16.59|16.51|16.57
2023-01-18|16.8604|16.96|16.39|16.44
2023-01-19|16.25|16.425|16.25|16.425
2023-01-20|16.94|16.94|16.94|16.94
2023-01-23|17.2504|18.07|17.2504|17.63
2023-01-24|17.76|18.05|17.76|17.98
2023-01-25|17.56|17.83|17.2072|17.8034
2023-01-26|18.0498|18.28|18.0498|18.2672
2023-01-27|18.31|18.93|18.31|18.6955
2023-01-30|18.49|18.49|18.07|18.07
2023-01-31|17.94|18.3|17.94|18.3
2023-02-01|18.07|18.5518|17.79|18.5518
2023-02-02|19.45|19.83|19.23|19.76
2023-02-03|19.08|21.23|19.08|20.57
2023-02-06|20.27|20.27|19.79|19.9452
2023-02-07|19.76|20.64|19.74|20.57
2023-02-08|20.3202|20.3202|19.8399|19.97
2023-02-09|20.21|20.33|19.74|19.74
2023-02-10|19.6469|19.79|19.64|19.79
2023-02-13|19.7886|20.4899|19.7886|20.43
2023-02-14|19.89|20.3|19.89|20.27
2023-02-15|20.52|20.73|20.2654|20.71
2023-02-16|20.39|20.91|20.38|20.39
2023-02-17|20.03|20.09|19.69|20.09
2023-02-21|19.58|19.69|19.16|19.16
2023-02-22|19.19|19.23|18.98|19.1476
2023-02-23|19.36|19.42|19.0339|19.34
2023-02-24|18.6698|18.72|18.53|18.72
2023-02-27|19.01|19.19|18.93|18.9356
2023-02-28|18.89|19.13|18.88|18.9124
2023-03-01|18.62|18.75|18.37|18.37
2023-03-02|18.1991|18.4963|18.1397|18.4963
2023-03-03|18.9|19.66|18.9|19.6364
2023-03-06|20.32|20.71|20.25|20.25
2023-03-07|20.2598|20.2598|19.69|19.7419
2023-03-08|19.96|20.1|19.9199|20.0036
2023-03-09|20.3059|20.37|19.475|19.53
2023-03-10|19.33|19.4503|18.8399|18.97
2023-03-13|18.93|19.9472|18.93|19.45
2023-03-14|19.82|20.0373|19.44|19.89
2023-03-15|19.47|19.979|19.43|19.9238
2023-03-16|19.94|20.78|19.94|20.66
2023-03-17|20.62|20.7117|20.4408|20.4408
2023-03-20|20.5581|20.9799|20.5581|20.9799
2023-03-21|21.162|21.42|20.94|21.4
2023-03-22|21.456|21.88|21.2174|21.2174
2023-03-23|21.31|21.8505|21.14|21.3
2023-03-24|21.4103|21.63|21.4103|21.6119
2023-03-27|21.55|21.55|21.1189|21.1189
2023-03-28|21|21.05|20.6375|21.05
2023-03-29|21.52|21.7063|21.47|21.7063
2023-03-30|21.879|22.09|21.879|22.0892
2023-03-31|22.1493|22.7|22.1493|22.6827
2023-04-03|22.58|23.01|22.58|23.01
2023-04-04|23.01|23.01|22.83|22.89
2023-04-05|22.34|22.4252|21.94|22.4252
2023-04-06|22.2127|22.64|22.2001|22.5622
2023-04-10|21.68|21.91|21.53|21.9004
2023-04-11|21.71|21.85|21.63|21.68
2023-04-12|21.7998|21.85|21.4466|21.4466
2023-04-13|21.82|22.79|21.82|22.78
2023-04-14|22.6007|22.9099|22.4197|22.6319
2023-04-17|22.66|22.66|22.437|22.6251
2023-04-18|22.8936|23.0852|22.76|22.9547
2023-04-19|22.9799|23.27|22.9793|23.22
2023-04-20|22.989|23.16|22.72|22.921
2023-04-21|22.53|22.6|22.49|22.52
2023-04-24|22.615|22.64|22.3176|22.64
2023-04-25|22.6|22.85|22.25|22.25
2023-04-26|22.2197|22.44|22.16|22.25
2023-04-27|22.665|23.35|22.665|23.35
2023-04-28|23.63|23.63|23.37|23.594
2023-05-01|23.62|23.79|23.42|23.63
2023-05-02|23.77|23.77|23.17|23.38
2023-05-03|23.76|23.76|23.07|23.12
2023-05-04|22.5|22.93|22.38|22.69
2023-05-05|23.93|24.64|23.93|24.54
2023-05-08|24.41|24.54|24.4|24.45
2023-05-09|24.0978|24.1|24.04|24.1
2023-05-10|24.36|24.5|24.17|24.44
2023-05-11|24.411|24.56|24.411|24.56
2023-05-12|24.2467|24.27|23.9215|24.255
2023-05-15|24.42|24.42|24.0137|24.17
2023-05-16|24.31|24.31|24.09|24.17
2023-05-17|23.8699|24.2681|23.82|24.2681
2023-05-18|24.52|24.839|24.48|24.82
2023-05-19|24.9302|25|24.85|24.88
2023-05-22|24.64|24.66|24.53|24.5966
2023-05-23|24.2303|24.34|23.93|23.99
2023-05-24|24.021|24.05|23.81|24.05
2023-05-25|24.075|24.4|24.075|24.2734
2023-05-26|24.53|24.85|24.53|24.85
2023-05-30|25.25|25.54|25.25|25.2678
2023-05-31|25.35|25.76|25.28|25.345
2023-06-01|25.4|25.96|25.23|25.94
2023-06-02|26.31|26.45|26.02|26.24
2023-06-05|26.63|27.24|25.71|25.83
2023-06-06|25.5428|25.82|25.38|25.78
2023-06-07|25.62|26.05|25.2915|25.37
2023-06-08|25.545|26.12|25.499|26.1
2023-06-09|26.29|26.44|26.15|26.15
2023-06-12|26.2099|26.88|26.2099|26.8472
2023-06-13|26.889|26.889|26.56|26.76
2023-06-14|26.8|26.989|26.46|26.87
2023-06-15|26.915|27.46|26.915|27.41
2023-06-16|27.161|27.33|27.03|27.15
2023-06-20|27.07|27.37|26.97|27.15
2023-06-21|27.13|27.13|26.54|26.86
2023-06-22|27.11|27.63|27.11|27.63
2023-06-23|27.16|27.6799|27.11|27.4838
2023-06-26|27.63|27.77|27.1315|27.1315
2023-06-27|27.27|27.92|27.2695|27.832
2023-06-28|27.86|28.2|27.86|28.12
2023-06-29|28.15|28.329|28.14|28.22
2023-06-30|28.8|29.43|28.7|29.27
2023-07-03|29.27|29.35|28.82|28.97
2023-07-05|28.76|28.991|28.5|28.68
2023-07-06|28.27|28.79|28.199|28.79
2023-07-07|28.54|28.94|28.36|28.46
2023-07-10|28.05|28.12|27.5|27.9
2023-07-11|27.72|27.72|27.36|27.7
2023-07-12|28.325|28.399|27.81|28.19
2023-07-13|28.3354|28.49|28.1985|28.31
2023-07-14|28.26|28.37|28.15|28.36
2023-07-17|28.68|29.2655|28.68|29.22
2023-07-18|28.939|29.169|28.8|29.16
2023-07-19|28.861|30.16|28.86|29.43
2023-07-20|29.26|29.7999|28.9117|28.97
2023-07-21|29.2344|29.2344|28.451|28.57
2023-07-24|29.2|29.229|28.77|28.77
2023-07-25|29|29.17|29|29.02
2023-07-26|29.05|29.31|28.96|29.26
2023-07-27|29.75|29.9099|28.8|28.93
2023-07-28|29.29|29.72|29.165|29.53
2023-07-31|29.5701|29.7|29.5|29.7
2023-08-01|29.68|29.72|29.4393|29.53
2023-08-02|29|29.1|28.6|28.74
2023-08-03|28.53|28.58|28.28|28.32
2023-08-04|26.91|27.159|25.91|25.95
2023-08-07|25.6|25.6|24.8|25.15
2023-08-08|25.35|25.451|24.9006|25.38
2023-08-09|25.68|25.68|24.7224|24.99
2023-08-10|25.3|25.57|24.825|24.92
2023-08-11|24.66|25.04|24.5918|24.92
2023-08-14|24.89|25.3498|24.76|25.31
2023-08-15|25.199|25.199|24.74|24.82
2023-08-16|24.9|25|24.541|24.59
2023-08-17|24.47|24.47|23.83|23.97
2023-08-18|23.4|24.13|23.4|24.04
2023-08-21|24.22|24.37|23.91|24.32
2023-08-22|24.54|24.77|24.4604|24.69
2023-08-23|25.1301|25.7|25.1301|25.66
2023-08-24|25.56|25.57|24.35|24.44
2023-08-25|24.57|25.08|24.3008|24.93
2023-08-28|25.1409|25.35|24.995|25.35
2023-08-29|25.21|26.4|25.21|26.26
2023-08-30|26.57|27.2|26.47|27.2
2023-08-31|27.2|27.4899|27.13|27.23
2023-09-01|27.57|27.5801|27.3|27.54
2023-09-05|27.2|27.67|27.2|27.65
2023-09-06|27.25|27.25|25.55|25.88
2023-09-07|24|24.69|23.6505|24.56
2023-09-08|24.67|25.17|24.6399|24.69
2023-09-11|25.21|25.21|24.54|25
2023-09-12|24.99|25.15|23.86|24.25
2023-09-13|24.39|24.42|23.7|23.71
2023-09-14|23.76|24.14|23.5859|24.08
2023-09-15|24.1|24.1|23.61|23.88
2023-09-18|24.3|24.859|24.2799|24.62
2023-09-19|24.53|24.9504|24.41|24.86
2023-09-20|24.7529|24.76|23.94|23.94
2023-09-21|23.66|24.07|23.59|23.59
2023-09-22|23.72|24.3|23.65|23.8
2023-09-25|23.8|24.25|23.8|24.09
2023-09-26|23.679|23.679|23.04|23.09
2023-09-27|23.11|23.11|22.45|22.73
2023-09-28|22.25|23.002|22.209|22.8
2023-09-29|23.08|23.26|22.77|22.84
2023-10-02|23.295|23.495|23.1972|23.46
2023-10-03|23.205|23.3708|22.77|23.12
2023-10-04|23.0919|23.51|23.0866|23.38
2023-10-05|23.5|23.81|23.32|23.73
2023-10-06|23.53|24.38|23.3301|24.32
2023-10-09|23.9632|24.65|23.96|24.65
2023-10-10|24.5084|24.7971|24.44|24.51
2023-10-11|24.49|24.7798|24.3549|24.76
2023-10-12|24.98|25.4057|24.77|25.08
2023-10-13|25.111|25.111|24.51|24.6
2023-10-16|24.05|24.5488|24.02|24.48
2023-10-17|23.98|24.361|23.71|24.14
2023-10-18|23.69|24.111|23.69|23.79
2023-10-19|24.029|24.25|23.64|23.74
2023-10-20|23.6|23.6|23.1|23.1
2023-10-23|22.56|23.22|22.4|23.11
2023-10-24|22.951|23.21|22.87|23.21
2023-10-25|22.92|23.04|22.57|22.68
2023-10-26|22.5637|22.5637|21.39|21.68
2023-10-27|21.76|22.095|21.6715|21.98
2023-10-30|22.539|22.55|22.19|22.43
2023-10-31|22.08|22.55|21.851|22.55
2023-11-01|22.741|23.295|22.6348|23.2
2023-11-02|23.62|24.1|23.62|24.1
2023-11-03|23.28|23.86|23.15|23.86
2023-11-06|23.88|24.45|23.871|24.43
2023-11-07|24.43|25.2|24.42|25.04
2023-11-08|25.22|25.37|24.98|25.32
2023-11-09|25.31|25.44|25.04|25.2
2023-11-10|25.55|26.179|25.4701|26.15
2023-11-13|26.07|26.07|25.64|25.77
2023-11-14|26.2|26.54|26.2|26.36
2023-11-15|26.58|26.8801|26.49|26.58
2023-11-16|26.97|27.09|26.79|26.98
2023-11-17|26.921|26.98|26.7371|26.97
2023-11-20|26.99|27.45|26.99|27.38
2023-11-21|27.34|27.34|27.01|27.18
2023-11-22|27.5|27.55|27.18|27.31
2023-11-24|27.05|27.05|26.78|26.95
2023-11-27|26.82|27.021|26.74|26.88
2023-11-28|26.91|27.1654|26.91|27.04
2023-11-29|27.18|27.34|26.65|26.755
2023-11-30|26.8|26.91|26.481|26.89
2023-12-01|26.87|27.19|26.709|27.19
2023-12-04|26.8472|26.8472|26.33|26.74
2023-12-05|26.89|27.91|26.89|27.69
2023-12-06|27.97|28.019|27.38|27.4122
2023-12-07|27.8|28.0689|27.77|27.84
2023-12-08|27.829|28.241|27.74|28.2
2023-12-11|27.65|27.65|27.17|27.59
2023-12-12|27.5508|27.9|27.451|27.9
2023-12-13|28.1|28.72|28.05|28.72
2023-12-14|28.76|29.15|28.31|28.77
2023-12-15|28.74|28.7587|28.48|28.48
2023-12-18|28.33|28.34|27.9|28.17
2023-12-19|28.33|28.45|28.21|28.45
2023-12-20|28.39|28.6|27.93|27.93
2023-12-21|28.011|28.011|27.63|27.88
2023-12-22|27.9216|27.9301|27.45|27.55
2023-12-26|27.49|27.56|27.3799|27.39
2023-12-27|22.98|23.1899|22.7|23.14
2023-12-28|23.33|23.3899|23.131|23.21
2023-12-29|23.2204|23.2204|22.8|22.97
2024-01-02|21.87|22.05|21.15|21.52
2024-01-03|21.2|21.4101|21.13|21.23
2024-01-04|20.76|20.95|20.5299|20.74
2024-01-05|20.72|20.8544|20.4|20.57