2018-08-01|1305|1321|1287|1299
2018-08-02|1327|1328.58|1242|1247
2018-08-03|1240|1256.99|1235|1236
2018-08-06|1239|1243|1213|1213
2018-08-07|1204|1211.99|1194|1201
2018-08-08|1206|1216|1190|1199
2018-08-09|1200|1204.94|1186|1200
2018-08-10|1223|1241|1213.1|1227
2018-08-13|1222|1233|1197.5|1231
2018-08-14|1218|1237.8|1204|1210
2018-08-15|1236|1275|1226|1252
2018-08-16|1226|1249|1217|1243
2018-08-17|1252|1274|1232|1241
2018-08-20|1233|1260|1232|1244
2018-08-21|1234|1236|1209|1231
2018-08-22|1240|1244|1213|1217
2018-08-23|1223|1229|1198|1223
2018-08-24|1212|1212|1187|1189
2018-08-27|1171|1177|1154|1154
2018-08-28|1145|1156|1140|1149
2018-08-29|1143|1144|1107|1108
2018-08-30|1116|1126.9|1096|1115
2018-08-31|1119|1123.1|1102|1111
2018-09-04|1122|1143.9|1116|1126
2018-09-05|1133|1181|1131.5|1171
2018-09-06|1168|1225|1164|1201
2018-09-07|1228|1230|1185|1213
2018-09-10|1196|1224|1193|1203
2018-09-11|1220|1228|1170|1176
2018-09-12|1182|1217|1179|1187
2018-09-13|1166|1167|1143|1152
2018-09-14|1148|1174|1142|1160
2018-09-17|1167|1214|1164|1211
2018-09-18|1207|1209|1163|1180
2018-09-19|1180|1207|1171.5|1184
2018-09-20|1160|1169|1140|1145
2018-09-21|1135|1169|1131|1165
2018-09-24|1190|1203.5|1153|1155
2018-09-25|1157|1168|1147|1150
2018-09-26|1142|1148|1109.5|1143
2018-09-27|1126|1130|1101|1113
2018-09-28|1123|1129|1105.5|1114
2018-10-01|1094|1116|1083.02|1108
2018-10-02|1112|1123|1090|1114
2018-10-03|1100|1117|1093|1113
2018-10-04|1124|1200|1124|1175
2018-10-05|1177|1253|1165|1220
2018-10-08|1236|1285.07|1210|1241
2018-10-09|1241|1249.46|1202|1232
2018-10-10|1253|1398.5|1251|1393
2018-10-11|1409|1490|1353|1444
2018-10-12|1334|1413|1312|1324
2018-10-15|1340|1389|1333|1375
2018-10-16|1332|1339|1244|1259
2018-10-17|1234|1292|1233|1253
2018-10-18|1269|1356|1267|1338
2018-10-19|1313|1360|1275|1346
2018-10-22|1322|1355.84|1293|1324
2018-10-23|1397|1442|1320|1338
2018-10-24|1344|1530|1338|1523
2018-10-25|1453|1474|1340|1369
2018-10-26|1507|1532|1394|1469
2018-10-29|1409|1647|1389|1555
2018-10-30|1576|1600|1485|1488
2018-10-31|1419|1419|1345|1388
2018-11-01|1376|1409|1325|1327
2018-11-02|1342|1418|1318|1389
2018-11-05|1387|1449|1387|1402
2018-11-06|1404|1409|1347|1370
2018-11-07|1323|1332|1243|1244
2018-11-08|1261|1286|1249.16|1267
2018-11-09|1304|1362|1294|1330
2018-11-12|1360|1456.84|1352.3|1450
2018-11-13|1433|1462|1371|1448
2018-11-14|1407|1508|1392.99|1484
2018-11-15|1495|1531|1394.35|1406
2018-11-16|1448|1465|1401|1421
2018-11-19|1445|1574|1437|1561
2018-11-20|1667|1704.99|1581.01|1643
2018-11-21|1580|1617|1560|1608
2018-11-23|1648|1649|1595.02|1645
2018-11-26|1575|1596.74|1528|1531
2018-11-27|1554|1579|1503|1514
2018-11-28|1482|1508|1370|1372
2018-11-29|1388|1416|1356|1385
2018-11-30|1379|1400|1351|1353
2018-12-03|1264|1314|1260|1286
2018-12-04|1306|1436.3|1293.6|1429
2018-12-06|1516|1535.99|1402|1402
2018-12-07|1422|1555|1397|1543
2018-12-10|1550|1599|1474|1494
2018-12-11|1422|1518|1420|1479
2018-12-12|1414|1442|1371|1440
2018-12-13|1415|1468|1395|1439
2018-12-14|1490|1556|1474|1545
2018-12-17|1565|1687|1529|1653
2018-12-18|1612|1664|1572|1620
2018-12-19|1629|1777|1551|1739
2018-12-20|1755|1881|1698|1810
2018-12-21|1792|2015|1754|1990
2018-12-24|2031|2137|1955|2135
2018-12-26|2056|2100|1730|1734
2018-12-27|1798|1913|1707|1708
2018-12-28|1680|1756|1626|1713
2018-12-31|1662|1723|1647|1676
2019-01-02|1779|1782.9|1623|1650
2019-01-03|1724|1824|1704|1813
2019-01-04|1728|1745|1553|1575
2019-01-07|1567|1583|1500|1525
2019-01-08|1482|1550|1466|1482
2019-01-09|1467|1485|1427|1449
2019-01-10|1482|1505|1433|1434
2019-01-11|1460|1475.99|1446|1450
2019-01-14|1490|1509|1471|1491
2019-01-15|1472|1473|1397|1404
2019-01-16|1397|1406|1367|1402
2019-01-17|1418|1425.99|1353|1371
2019-01-18|1342|1368|1313|1332
2019-01-22|1361|1441|1359|1409
2019-01-23|1389|1455|1371|1406
2019-01-24|1395|1410|1375|1380
2019-01-25|1347|1362|1319|1330
2019-01-28|1383|1413|1380|1380
2019-01-29|1379|1435|1377|1420
2019-01-30|1371|1386|1297|1312
2019-01-31|1290|1294|1235|1253
2019-02-01|1272|1280|1244|1271
2019-02-04|1268|1273|1224|1225
2019-02-05|1219|1220|1187|1192
2019-02-06|1191|1218|1184|1201
2019-02-07|1235|1278|1225|1250
2019-02-08|1285|1288|1243|1243
2019-02-11|1231|1257|1221|1247
2019-02-12|1221|1227|1187|1193
2019-02-13|1177|1194|1166|1192
2019-02-14|1205|1216|1174|1186
2019-02-15|1160|1189|1160|1173
2019-02-19|1183|1184|1155|1166
2019-02-20|1164|1186|1150|1166
2019-02-21|1177|1199|1167|1180
2019-02-22|1172|1174|1151|1154
2019-02-25|1127|1144|1119|1141
2019-02-26|1152|1156|1127|1138
2019-02-27|1154|1177|1137|1142
2019-02-28|1152|1159|1137|1150
2019-03-01|1125|1150|1121|1125
2019-03-04|1107|1163|1099|1125
2019-03-05|1124|1141|1113|1123
2019-03-06|1121|1148|1120|1141
2019-03-07|1152|1198|1150.01|1186
2019-03-08|1226|1230|1189.1|1190
2019-03-11|1177|1178|1115|1117
2019-03-12|1108|1117|1090|1098
2019-03-13|1082|1087|1057|1076
2019-03-14|1073|1082|1069|1079
2019-03-15|1067|1070.68|1041|1054
2019-03-18|1052|1059|1034|1043
2019-03-19|1032|1046.99|1016|1034
2019-03-20|1031|1045|1000|1018
2019-03-21|1029|1029|967|971
2019-03-22|984|1039|976.8|1036
2019-03-25|1049|1064|1031|1041
2019-03-26|1018|1043|999|1027
2019-03-27|1023|1070|1016|1047
2019-03-28|1041|1060|1029|1040
2019-03-29|1019|1036|1015|1017
2019-04-01|987|999|974|978
2019-04-02|975|982|964|966
2019-04-03|950|960|932|950
2019-04-04|951|969|940|952
2019-04-05|943|947|936|937
2019-04-08|943|953.85|928|930
2019-04-09|940|946.99|931|940
2019-04-10|937|940|925|925
2019-04-11|923|938|921|933
2019-04-12|920|932.25|919|920
2019-04-15|922|939|917|921
2019-04-16|911|920|905|911
2019-04-17|895|910.5|891|902
2019-04-18|899|916|898|900
2019-04-22|911|913|891|892
2019-04-23|885|889|855|858
2019-04-24|856|868|853|866
2019-04-25|847|871|846|858
2019-04-26|861|882.56|854|855
2019-04-29|854|859|846|850
2019-04-30|870|887.5|865|870
2019-05-01|852|881|845|880
2019-05-02|880|908|866|890
2019-05-03|869|873.84|846|848
2019-05-06|901|906|860|863
2019-05-07|892|938|881|914
2019-05-08|922|933|900|921
2019-05-09|952|977|927|936
2019-05-10|948|995|920|935
2019-05-13|1005|1039.54|991|1032
2019-05-14|1015|1027|979|998
2019-05-15|1018|1019|948|957
2019-05-16|955|959|909|928
2019-05-17|955|959|918|957
2019-05-20|996|1015|985|1005
2019-05-21|979|989|965|976
2019-05-22|992|992|970|987
2019-05-23|1021|1052|1020|1032
2019-05-24|1015.25|1038.75|1005.875|1035
2019-05-28|1026.25|1048|1009.25|1048
2019-05-29|1066.375|1090.25|1056.375|1073.5
2019-05-30|1065|1078.75|1051.5|1060.25
2019-05-31|1098|1112.84|1087.5|1111
2019-06-03|1120.75|1202|1112.25|1182.25
2019-06-04|1146.75|1159.5|1084.75|1087
2019-06-05|1055.5|1096.5|1054.25|1062.25
2019-06-06|1058.25|1071.5|1029.985|1037.5
2019-06-07|1022|1025.25|965|978.5
2019-06-10|958|958.625|916|944.25
2019-06-11|914.75|950|909|939.5
2019-06-12|948.25|961.5|942.5|956
2019-06-13|945.25|950.75|933.25|939.75
2019-06-14|955.75|963.5|945.5|953
2019-06-17|947.25|949.5|927.5|935
2019-06-18|902.5|909.75|875|895.5
2019-06-19|890.5|907.25|879|884.75
2019-06-20|848.5|880.6925|847.875|861.25
2019-06-21|864.75|870.41|848.75|864.25
2019-06-24|860.75|866.5|857.5|865.5
2019-06-25|861|907.25|859.75|902.75
2019-06-26|884.75|895.25|868.5|891.25
2019-06-27|881.75|888.5|875.025|881.75
2019-06-28|875|887.75|872.345|878.75
2019-07-01|828.25|855.25|824.75|843.5
2019-07-02|844.5|851.25|833.25|833.5
2019-07-03|827.75|830|815|815.25
2019-07-05|831.5|841.25|815.75|820
2019-07-08|836|847.425|835.25|837.75
2019-07-09|849.75|851.75|822|824.5
2019-07-10|810.5|814.75|793.625|800.5
2019-07-11|797|810.5|791.5|802.5
2019-07-12|800.5|802.75|789|789.25
2019-07-15|783.5|790.5|781.25|782
2019-07-16|785.25|801.25|782.75|794
2019-07-17|793.5|805.75|790|805.5
2019-07-18|817.75|825.5|799|802.5
2019-07-19|786.5|823.88|786.25|821.5
2019-07-22|815.25|815.6625|796.75|801.75
2019-07-23|788.75|805|786.5|786.75
2019-07-24|795.5|795.75|770|770
2019-07-25|777.75|796.5|777.75|792
2019-07-26|777.5|778.335|764.75|768.25
2019-07-29|769.75|790.25|769.5|775.5
2019-07-30|793.5|795.25|777|785.75
2019-07-31|780|840.75|778.5|818.5
2019-08-01|814.75|843.75|769.75|831
2019-08-02|850|883.5|847|869.5
2019-08-05|922.75|982.25|922.75|961.25
2019-08-06|934.5|956|912|920.25
2019-08-07|950.5|971.75|902.2525|908.25
2019-08-08|893|902|846.53|847.5
2019-08-09|860|891.1925|851|871.5
2019-08-12|887.5|913.5|879.5|901.25
2019-08-13|903|906.75|823.6875|842
2019-08-14|883|922.5|875|918.25
2019-08-15|913|942.25|905.75|921.25
2019-08-16|898.5|898.5|870.75|877.75
2019-08-19|839.75|849.25|830.5|838.25
2019-08-20|842.5|855.75|833.5|855
2019-08-21|832.5|841.75|825|832.75
2019-08-22|829|860.75|822.75|841.25
2019-08-23|858.75|928.25|836|918.25
2019-08-26|890.5|906.5|879.5|880.5
2019-08-27|862|896|857.25|885.25
2019-08-28|894.5|907.5|872.25|877.5
2019-08-29|844.025|854.25|829.25|836.5
2019-08-30|823.5|857|823|842.25
2019-09-03|859.75|876.25|847|866.75
2019-09-04|843.5|849.75|828.25|830.5
2019-09-05|803.5|804.75|778|784.75
2019-09-06|781.25|792.5|780.5|786.75
2019-09-09|780|804.5|779.25|792.25
2019-09-10|805.25|821.09|798.75|799
2019-09-11|795.5|800.5|776|777.5
2019-09-12|763|771|750|767.25
2019-09-13|770.5|779.25|766|775.75
2019-09-16|791|793.5|782|786.75
2019-09-17|786.75|791.5|775.25|776
2019-09-18|780.5|805.9075|775.75|776.75
2019-09-19|772.75|777.75|759|773.5
2019-09-20|770|805.75|768|796.75
2019-09-23|799.75|807|790|797.25
2019-09-24|786.5|839.2525|781.5|828.75
2019-09-25|827|847.5|790.25|796.75
2019-09-26|800|823.75|798.275|805.5
2019-09-27|802.25|852.7225|800.75|834.75
2019-09-30|827|831.375|808.5025|812.75
2019-10-01|804|836.75|790|832.25
2019-10-02|849.5|889.75|849.5|875.25
2019-10-03|876|908|845.5|845.75
2019-10-04|834.75|836.5|806.5875|810
2019-10-07|817.75|822|798.5|818.25
2019-10-08|833.25|856.25|822.5|854.75
2019-10-09|832.25|840.5|817.75|829
2019-10-10|828.75|831.25|800.87|810.5
2019-10-11|783.25|784.25|760|780.25
2019-10-14|783|785.25|772.21|779.5
2019-10-15|772.75|773.75|744.7475|750.25
2019-10-16|757.5|762.88|750.25|755.5
2019-10-17|742.25|758.75|739|750
2019-10-18|753.25|783|749|771.25
2019-10-21|760.5|766.635|750|751.25
2019-10-22|743.75|770|739.875|769
2019-10-23|775|777.9575|764.7025|765
2019-10-24|748.75|759.25|742|743
2019-10-25|754.5|755.25|724.5|726.25
2019-10-28|715|715.5|701.25|703.75
2019-10-29|707.5|721|704.75|720.25
2019-10-30|716.75|728.9975|706.75|710.25
2019-10-31|704.75|722|703.5|709.75
2019-11-01|700.525|704|690.5|690.5
2019-11-04|676.5|681.5|673.25|678
2019-11-05|675|683.5|673|677.5
2019-11-06|679.25|691.5|679|681.5
2019-11-07|671|680.75|661.51|675
2019-11-08|679|684|666.75|666.75
2019-11-11|676.75|679.75|668.875|669.75
2019-11-12|668|671.25|657.355|664
2019-11-13|671|672.385|661.75|665
2019-11-14|671.25|677.5|664|665.25
2019-11-15|653.875|660|651.75|653
2019-11-18|653.75|662|646.25|649
2019-11-19|642.5|654.2475|642.25|647
2019-11-20|651.75|673|646|658.75
2019-11-21|660.75|669.25|659.25|663.5
2019-11-22|657.775|672.675|657|661.75
2019-11-25|653.5|653.5|638|638.25
2019-11-26|637.75|640.25|632.5|635
2019-11-27|630.75|632.5|621.75|622.25
2019-11-29|626.25|631.5|623.75|630.75
2019-12-02|630.25|660.5|629.795|651.25
2019-12-03|676|686.4825|664.505|665.25
2019-12-04|654.875|658.25|650.5|655.25
2019-12-05|648.75|661.475|648.75|652
2019-12-06|638.25|639|629.5|631.75
2019-12-09|634.5|640.25|625.5|639.5
2019-12-10|638.75|645.75|632.2525|641
2019-12-11|637.5|640|629.375|631
2019-12-12|633.25|636|610|617
2019-12-13|618.5|622.25|604.5|611.25
2019-12-16|599.75|600|590.75|593.75
2019-12-17|591|595|589.25|592.75
2019-12-18|590.75|592.5|585.7525|591.5
2019-12-19|590.25|590.25|579.25|579.5
2019-12-20|571.5|576.4525|570|573.25
2019-12-23|567|570|565.75|568.5
2019-12-24|564.5|569|563.75|565.25
2019-12-26|562.5|562.75|550.25|550.25
2019-12-27|544.75|556.25|544.275|552.25
2019-12-30|553|571|552|563
2019-12-31|568.25|570.825|558.75|559.75
2020-01-02|546|549.25|532.5|532.5
2020-01-03|553.25|553.5|537.25|546.75
2020-01-06|559.75|561.75|536.25|536.25
2020-01-07|535.75|541.75|532|536.5
2020-01-08|537|539.49|517.25|524.5
2020-01-09|512.25|520.75|508.5|511.25
2020-01-10|505.75|518|505.25|515.5
2020-01-13|509.5|511.625|497.5|497.5
2020-01-14|499|506|496|503.5
2020-01-15|503|508|496|503.25
2020-01-16|496|499|488.75|489
2020-01-17|482.625|490|480.5|481.5
2020-01-21|486|486.25|478.75|482.5
2020-01-22|475.25|480.5|470.25|478.75
2020-01-23|479.75|486.25|473.75|474.25
2020-01-24|468|493|466.0625|486.5
2020-01-27|518.75|523|508.75|516.5
2020-01-28|506|509.75|489.25|492.75
2020-01-29|484.5|497|483|490.75
2020-01-30|500|504.75|484.75|485.25
2020-01-31|479.275|513.75|479.25|509
2020-02-03|501.5|502.5|482|486
2020-02-04|466|470.75|449.75|452.75
2020-02-05|436|456|436|447.5
2020-02-06|444.75|449.4975|436|436.5
2020-02-07|442.25|446|435|442
2020-02-10|446.75|447|426|426
2020-02-11|419.25|429.5|415|426
2020-02-12|418.75|421.75|413|413.75
2020-02-13|422.75|423.91|410.25|415.5
2020-02-14|413.75|417.75|410.75|412.25
2020-02-18|418.25|419.5|409|411.25
2020-02-19|404.25|405.75|397.25|399.75
2020-02-20|402.25|425.625|400|411.25
2020-02-21|416.75|439.75|415.25|434.75
2020-02-24|482.5|491.5|469|485.25
2020-02-25|473.25|529|468.25|524.25
2020-02-26|516|528.5|489|516.75
2020-02-27|556.25|595.75|532.25|594
2020-02-28|653.25|660|581.75|585
2020-03-02|567.75|592.5|501|501.75
2020-03-03|498.25|564.245|480.5025|552
2020-03-04|521|536.25|482.75|483.25
2020-03-05|520.5|536.75|495|526
2020-03-06|579.125|591.75|545.25|552.25
2020-03-09|668.75|675.75|608.25|666.5
2020-03-10|592.25|668.5|562.5|562.5
2020-03-11|601.25|654|588.25|632
2020-03-12|757.5|810.75|677.5|806.75
2020-03-13|675.75|795|575|578
2020-03-16|750|786.5|654|767.25
2020-03-17|714.75|789.755|593.25|627
2020-03-18|731.5|775|652.7475|673.5
2020-03-19|683.25|733|595.5|665
2020-03-20|618|744|606.25|733
2020-03-23|730.25|806.25|689.9975|737
2020-03-24|624|642.25|570.25|571
2020-03-25|560.75|600.75|514|579
2020-03-26|563.5|566|480.25|486.75
2020-03-27|522.25|538.9975|496|533.75
2020-03-30|519|525.5|472.75|476
2020-03-31|479|496.5|452|486.5
2020-04-01|530|560.75|508.5|548.75
2020-04-02|556.5|562|515.25|516.25
2020-04-03|521|555.5|507.75|536.5
2020-04-06|477.25|487.0025|413.75|423.75
2020-04-07|385.5|424.5|383|422.5
2020-04-08|410.25|422.5|391.25|395.75
2020-04-09|385.5|404.5|379.5|393.75
2020-04-13|398.5|405.75|378.25|380.5
2020-04-14|357.5|361.5|328|330.75
2020-04-15|346.75|353.25|333.75|341.75
2020-04-16|330.75|341.25|318.25|323.25
2020-04-17|310.75|329|308.75|315.25
2020-04-20|323|326|311.75|325.5
2020-04-21|335|367.25|332.75|361.25
2020-04-22|338.75|343.75|322.25|328.75
2020-04-23|325|333.5|313|331.25
2020-04-24|329.25|336|313.625|315
2020-04-27|305.25|312.5|303|308.75
2020-04-28|300.5|326.5|300.25|325
2020-04-29|303.75|308.5|286.25|291.5
2020-04-30|286.75|297.25|286.5|289.5
2020-05-01|308.25|319.75|299.75|315.5
2020-05-04|320.5|322.75|303.25|304.25
2020-05-05|295|297.5|283.5|294
2020-05-06|287.25|292.25|280.25|288.5
2020-05-07|277.5|283|273.75|277.25
2020-05-08|270.75|275|265.25|266
2020-05-11|270.75|271.75|255|259.25
2020-05-12|256.75|275|254.5|274.75
2020-05-13|273|295|265.75|285
2020-05-14|290.25|298.5|275.5|275.5
2020-05-15|287|288.75|270|270
2020-05-18|259.5|262.25|251.25|255
2020-05-19|254.5|257.5|247|257.25
2020-05-20|248|248|240.25|241.5
2020-05-21|241.25|251|239.25|249
2020-05-22|251|254|246|246.75
2020-05-26|235|249.75|234.25|248
2020-05-27|250.25|265.5|244.25|244.5
2020-05-28|248.25|248.75|234.5|245.75
2020-05-29|244.25|249.5|234|235.75
2020-06-01|238|239|231.5|232.5
2020-06-02|231.75|238.75|227.75|228.25
2020-06-03|226.125|228.75|222.51|224.25
2020-06-04|226|233.5|221.75|229.5
2020-06-05|226.75|227.75|214|216
2020-06-08|216.5|220.5|210.5|210.75
2020-06-09|213.25|213.625|203.75|206
2020-06-10|201.75|203.25|194.75|198.25
2020-06-11|208.25|228.5|205|228
2020-06-12|213.25|235|209.5|222.75
2020-06-15|232.5|235.25|212.5|214.5
2020-06-16|200.75|213.75|199.25|203.75
2020-06-17|199.75|204|196.75|201.5
2020-06-18|202.5|204.5|199.25|199.75
2020-06-19|193.75|204.5|193|200
2020-06-22|200.25|201|192.5|193
2020-06-23|188.75|190.25|182.5|188
2020-06-24|190|203|186.75|199
2020-06-25|199.25|205.75|193|193.5
2020-06-26|194.5|208.75|194|207.5
2020-06-29|208|215|200.75|201.25
2020-06-30|201|201.4975|187.5|189
2020-07-01|188.75|190|179.75|182.25
2020-07-02|177|179.5|174|178.5
2020-07-06|171.75|171.75|164|165.5
2020-07-07|166.25|169.25|160.5|168.75
2020-07-08|165.875|168.975|161.9725|162
2020-07-09|158.75|166.5|156.5|158
2020-07-10|158.25|163.25|154.25|154.5
2020-07-13|149.5|165.75|144.5|164
2020-07-14|168.7525|175.25|159.75|160.5
2020-07-15|158.25|166|156.25|159.5
2020-07-16|164.9175|169.25|161.75|163
2020-07-17|161.75|166.75|160.5|162.75
2020-07-20|161|163.5|147.25|148.5
2020-07-21|145.75|154.5|145.75|153
2020-07-22|152.25|155.75|149.75|151.25
2020-07-23|152.25|166|151|163.25
2020-07-24|171|176|165.25|168
2020-07-27|164.73|166.25|158.25|158.75
2020-07-28|160.5|165.5|159.25|164.75
2020-07-29|162|163|157.5|159
2020-07-30|163.25|165.25|155.75|156.5
2020-07-31|148.25|157.25|148|148.25
2020-08-03|144.75|145|141|142.375
2020-08-04|143.5|144.5|140.5|140.5
2020-08-05|140|141.5|139|139.75
2020-08-06|140.25|141|133.5|134
2020-08-07|135|142|133.75|138.5
2020-08-10|138.25|146.25|138|140.5
2020-08-11|142.5|149.5|140.25|148.5
2020-08-12|144.75|145|135.5|137
2020-08-13|136.25|137.75|132.75|136.25
2020-08-14|135.5|139|135|137
2020-08-17|134|134.5|131.5|132
2020-08-18|130.45|132.6|127.5|128.25
2020-08-19|128.25|131.4|126.7|130.8
2020-08-20|131.95|132.5|124.6|125.3
2020-08-21|125.15|125.95|122.1|122.7
2020-08-24|118.45|123.475|117.3025|120.35
2020-08-25|121.396|122|117.5|117.55
2020-08-26|116.046|116.175|109.816|110
2020-08-27|108.75|113.7|107.8505|111.1
2020-08-28|109.65|111.15|108.6|109.25
2020-08-31|108.7|109.206|104.575|106.75
2020-09-01|103.8|105.65|101.1|101.2
2020-09-02|97.85|104.275|97.75|98.3
2020-09-03|102.7|116.2|102.35|113.4
2020-09-04|115.15|131.7|111.35|117.9
2020-09-08|131.85|135.05|124.35|134.65
2020-09-09|126.4|130.1|119.6|123
2020-09-10|118.75|132.5|117.1|130.05
2020-09-11|127.2|138|125.975|132.8
2020-09-14|127.1|129.1|122.85|126
2020-09-15|120.75|123|118.6|120.5
2020-09-16|119.595|126.7|118.85|126.4
2020-09-17|136|137.25|129.35|132.1
2020-09-18|130.3|143.5|129.6735|137.4
2020-09-21|143.4|147.1|135.45|135.55
2020-09-22|131.75|137.14|127.175|128.1
2020-09-23|128.6|141.05|128.2935|140
2020-09-24|143.85|144.45|132.55|137.85
2020-09-25|137.1|139.5|126.9|128.15
2020-09-28|121.1|124.95|120.2|120.3
2020-09-29|120.9|122.6|119.525|121.85
2020-09-30|121.6|121.95|115.05|119.25
2020-10-01|114.25|116.7|112.85|113.65
2020-10-02|121.1|124.3|116.65|123.05
2020-10-05|120.5|120.5995|114.85|115.3
2020-10-06|116.35|122.6|114|121.5
2020-10-07|117.9|118.65|114.05|115.1
2020-10-08|112.15|114.6|112|113.2
2020-10-09|111.2|111.699|107.95|108.1
2020-10-12|102.55|103.8|94.75|98.1
2020-10-13|96.25|99.45|95.5|98
2020-10-14|97.2|102.3|96.2|100.45
2020-10-15|105.45|106.2|101.85|102.6
2020-10-16|100.7|104.55|99.15|104.2
2020-10-19|102.1|110.4|101|109.25
2020-10-20|108.25|110.25|104.8|108.45
2020-10-21|108.2|109.35|105.2|108.8
2020-10-22|107.8|112.6945|106.75|108.75
2020-10-23|108|111.55|107.9505|108
2020-10-26|110.8|117.2435|107.55|112.9
2020-10-27|111.8|113.35|109.35|110.3
2020-10-28|115.75|123.55|115|123.25
2020-10-29|121.3|122.05|112.55|116.8
2020-10-30|119.3|128.55|118.2135|125.15
2020-11-02|122.25|128.9|119.75|124.75
2020-11-03|122.1|123.5|115.25|118.4
2020-11-04|106.75|108.9495|100.05|102.4
2020-11-05|95.45|97|93.35|94.5
2020-11-06|95.25|98.8|93.5|94.15
2020-11-09|91.45|100.35|89.9|99.9
2020-11-10|103.4|108.25|101.9|105.2
2020-11-11|102.55|102.95|97.7|98.2
2020-11-12|97.25|100.775|95.85|99.5
2020-11-13|97.85|100.15|96.325|96.95
2020-11-16|97.2|97.9|94.35|94.75
2020-11-17|94.45|96.25|94.15|95.5
2020-11-18|96.15|97.75|94.5|97.75
2020-11-19|98.3|98.9935|95.05|95.35
2020-11-20|95.5|97.4|94.75|97.35
2020-11-23|96.3|99.7|95|97.3
2020-11-24|96.2|98.15|92.75|93.25
2020-11-25|92.3|93.141|90.9|91.45
2020-11-27|89.7|90|87.9|89
2020-11-30|88.7|92.775|88.1|88.5
2020-12-01|86.45|87.4|83.5|84.95
2020-12-02|86|87.6|84.35|84.6
2020-12-03|84.45|84.9|82.95|84.25
2020-12-04|84.3|84.85|83.15|83.2
2020-12-07|83.1|83.25|81.55|81.8
2020-12-08|82.2|83.69|80.75|81
2020-12-09|81.15|87.4|80.95|86.45
2020-12-10|88.4|89.3435|84.5|85.5
2020-12-11|86.9|88.95|85.95|86
2020-12-14|85|85.05|82.45|84.1
2020-12-15|82.25|84.1495|81.5|81.5
2020-12-16|81.15|82|79.5|80.15
2020-12-17|78.85|79.8|78.35|78.5
2020-12-18|78.05|81.1|77.825|79.25
2020-12-21|81.55|83.75|79.25|79.75
2020-12-22|79|81.3|78.3|79.05
2020-12-23|79.05|80.35|78.75|80.2
2020-12-24|80|80.1|78.8|79.15
2020-12-28|77.1|78.55|76.4|76.75
2020-12-29|75.8|77.3|75.3|76.55
2020-12-30|75.7|77.05|75.45|76.55
2020-12-31|76.6|77.45|75.675|75.9
2021-01-04|75|82.225|74.9|79.2
2021-01-05|80|80|77.125|77.25
2021-01-06|80.8|81.625|77.2|80.45
2021-01-07|78.3|78.31|73.925|74.45
2021-01-08|72.95|74.55|71.45|71.7
2021-01-11|73.75|75.25|72.9|74.8
2021-01-12|74.75|77.1|73.95|75.1
2021-01-13|75|75.4|73.05|73.7
2021-01-14|73.3|75.15|72.6|74.8
2021-01-15|75.05|77.5|74.25|76.6
2021-01-19|74.8|75.65|72.85|73.2
2021-01-20|70.65|70.95|67.5|68.15
2021-01-21|67.35|68.15|66|66.4
2021-01-22|67.15|67.5|66.4|67
2021-01-25|64.9|69.55|64.05|65.15
2021-01-26|64.95|65.95|64.4|65.05
2021-01-27|66.45|71.75|66.45|70.35
2021-01-28|69.75|70.15|65.9065|69.25
2021-01-29|70.35|74.85|69.6515|73.55
2021-02-01|71.15|72.59|67.45|68.05
2021-02-02|66.2|66.3|64.05|64.85
2021-02-03|63.55|65.591|63.325|65.5
2021-02-04|64.65|65.55|63.2|63.2
2021-02-05|62.7|63.7|62|62.55
2021-02-08|61.6|62.593|61.25|61.3
2021-02-09|61.9|61.9|60.7|61.35
2021-02-10|60.55|63.6|60.301|61.75
2021-02-11|60.9|62.2|60.55|60.75
2021-02-12|61.2|61.85|59.65|59.8
2021-02-16|59.302|60.9|58.8|60.2
2021-02-17|61.9|63.125|60.95|61.1
2021-02-18|63.15|64.15|61.5|61.9
2021-02-19|61.1|63.3|61.05|62.7
2021-02-22|65.25|67.7|64.5|67.6
2021-02-23|71.05|74.8|67.1|68.15
2021-02-24|70|71.7|66.25|66.45
2021-02-25|68.2|74.45|66.55|73.5
2021-02-26|71.3|74.8|69|72.4
2021-03-01|68.9|69.9|65.7|65.95
2021-03-02|65.6|69.3|65.5|69.1
2021-03-03|69.9|75.2|69.25|75.1
2021-03-04|75.45|81.7995|73.05|78.8
2021-03-05|76.7|83.9|74.5|75.2
2021-03-08|75.65|81.9085|74.2|81.6
2021-03-09|75.5|75.9|70.35|71.95
2021-03-10|68.9|73.0425|68.65|72.5
2021-03-11|69.1|69.75|66.25|67.45
2021-03-12|70.15|71.75|69.05|69.1
2021-03-15|68.95|70.05|66.8|66.9
2021-03-16|65.45|66.75|63.55|65.8
2021-03-17|67.75|68.85|63.8|65
2021-03-18|68.05|71.25|67.407|70.95
2021-03-19|71.1|72.6|69.1|70.05
2021-03-22|68.55|68.55|64.85|66.25
2021-03-23|65.6|67.65|64.7|67.15
2021-03-24|66.2|70.65|66.2|70.5
2021-03-25|71.85|73.6|69.8005|70.85
2021-03-26|71.0565|72.05|67.5|67.65
2021-03-29|68.05|70|67.05|67.75
2021-03-30|69.05|70.6|68.4|68.75
2021-03-31|67.6|67.8|64.55|65.6
2021-04-01|63.2|63.325|62.15|62.2
2021-04-05|60.75|60.9|58.05|58.55
2021-04-06|58.7|59.05|57.55|58.7
2021-04-07|58.85|59.4|57.75|58.2
2021-04-08|56.625|57.1|56.3|56.35
2021-04-09|57.1|57.45|55.25|55.35
2021-04-12|55.85|56.5495|55.35|55.6
2021-04-13|54.75|54.9|53.4|53.6
2021-04-14|53.5|55.95|53.45|55.55
2021-04-15|54.05|54.15|52.8|52.95
2021-04-16|52.85|53.7|52.7|52.8
2021-04-19|53.6|55.2|53|54.3
2021-04-20|54.55|56.425|53.95|55.45
2021-04-21|56.1|56.65|53.9|54
2021-04-22|54.2|56.55|53.7|55.95
2021-04-23|55.6|55.65|53.15|53.85
2021-04-26|53.7|54.1|52.65|52.75
2021-04-27|52.6|53.925|52.55|53.45
2021-04-28|53.6|54.325|53.15|54.05
2021-04-29|52.4|55.05|52.2|53.4
2021-04-30|54.65|54.9435|53.4|54.45
2021-05-03|53.9|55.6|53.5|55.3
2021-05-04|56.65|60.3|56.45|58.3
2021-05-05|57.2|59.3495|56.75|58.9
2021-05-06|59.1|60.3|57.5|57.6
2021-05-07|56.05|56.75|54.9|56.15
2021-05-10|56.85|60.5|56.8055|60.4
2021-05-11|63.8|64.2|60.2|60.6
2021-05-12|63.5|65.85|62.15|65.3
2021-05-13|63.5|65.35|61.95|63.85
2021-05-14|61.85|62.2|59.05|59.65
2021-05-17|60.6|62.3|60.175|60.7
2021-05-18|60.1|62.075|59.45|61.9
2021-05-19|65.1|65.35|61.507|61.7
2021-05-20|60.85|60.95|57.6|58.1
2021-05-21|57.25|59.2995|57|59.05
2021-05-24|57.8|58|55.45|56.05
2021-05-25|55.25|56.4985|54.9|55.8
2021-05-26|55.5345|55.875|55|55.25
2021-05-27|55.4585|56|55.05|55.9
2021-05-28|55.25|55.5|54.55|55.35
2021-06-01|54.7|56.6|54.4|55.9
2021-06-02|55.7|56.45|55.15|55.6
2021-06-03|57.025|58.2|56.4|57.35
2021-06-04|56.35|56.375|54.15|54.35
2021-06-07|54.7|55|53.85|53.9
2021-06-08|53|54.65|52.55|53.85
2021-06-09|53.1|53.85|52.75|53.75
2021-06-10|53.6|53.85|52|52.05
2021-06-11|52.05|52.4|51.65|51.65
2021-06-14|51.5|52.031|50.2|50.2
2021-06-15|50.3|51.5|50.2|51.15
2021-06-16|50.95|53.35|50.45|51.75
2021-06-17|52.2|52.25|49.3|49.75
2021-06-18|50.45|51.25|49.95|50.9
2021-06-21|50.85|51.85|49.8|50
2021-06-22|50.05|50.2|48.35|48.6
2021-06-23|48.55|48.85|48|48.5
2021-06-24|47.65|47.9|46.95|47.6
2021-06-25|47.35|48.05|47.25|47.7
2021-06-28|47.25|47.25|45.95|46
2021-06-29|46.1|46.425|45.5|45.5
2021-06-30|45.6|45.95|45.45|45.7
2021-07-01|45.9|46.4|45.5|45.7
2021-07-02|44.925|45.05|44|44.1
2021-07-06|43.85|44.9|43.4|43.575
2021-07-07|42.7|44|42.6|43.25
2021-07-08|45.1|45.6|43.7|44.05
2021-07-09|44.3|44.5|43.05|43.2
2021-07-12|42.65|43.3|42.55|42.75
2021-07-13|42.85|43|41.6|42.75
2021-07-14|41.85|42.8|41.6|42.5
2021-07-15|42.5|44.1|42.45|43.35
2021-07-16|43|44.55|42.7|44.4
2021-07-19|45.75|46.5|45.3|45.5
2021-07-20|45.1|45.8465|43.35|43.95
2021-07-21|44.075|44.15|42.9|42.9
2021-07-22|42.85|42.85|42|42
2021-07-23|41.55|42|40.45|40.6
2021-07-26|40.8|41.0995|40.35|40.5
2021-07-27|40.55|43.25|40.55|41.8
2021-07-28|41.425|42.2|40.75|41.3
2021-07-29|41.5|41.5|40.7|41.05
2021-07-30|42.45|42.5|41.55|41.7
2021-08-02|41.15|41.95|40.95|41.7
2021-08-03|41.5|42.65|40.95|40.95
2021-08-04|41|41.35|40.45|40.75
2021-08-05|40.55|40.75|39.95|40
2021-08-06|40.4|40.9|40.1|40.5
2021-08-09|40.35|40.75|40.15|40.35
2021-08-10|40.15|41.35|40.05|40.95
2021-08-11|40.5|41.6|40.3|41.1
2021-08-12|41.3|41.8|40.55|40.65
2021-08-13|40.6|40.75|40.15|40.25
2021-08-16|40.65|41.95|40.2|40.2
2021-08-17|41.1|42.1|40.8085|41.3
2021-08-18|41.5|42.6|40.95|42.5
2021-08-19|43.2|43.25|41.25|41.8
2021-08-20|41.5|41.6|40.4|40.5
2021-08-23|40.15|40.2|38.5|38.7
2021-08-24|38.5|38.7|38.15|38.35
2021-08-25|38.3|38.55|38.05|38.3
2021-08-26|38.5|39.1|38.25|38.95
2021-08-27|38.75|38.9|37.65|37.85
2021-08-30|37.6|37.6|36.4|36.5
2021-08-31|36.4915|37.1|36.45|36.6
2021-09-01|36.3|36.5|35.85|36.45
2021-09-02|36.075|36.85|35.95|36.55
2021-09-03|36.8|36.85|36.05|36.15
2021-09-07|36.1|36.5|35.8|35.95
2021-09-08|36.0885|37.05|36.05|36.4
2021-09-09|36.35|36.85|36|36.75
2021-09-10|36.25|37.7|36|37.65
2021-09-13|36.875|38.3|36.75|37.7
2021-09-14|37.2|38.3|36.95|38
2021-09-15|37.85|38.55|37|37.1
2021-09-16|37.5|38.125|36.9|37.1
2021-09-17|37.2|38.7|37.2|38.4
2021-09-20|40.15|42.25|39.65|40.75
2021-09-21|40.1|41|39.7|40.65
2021-09-22|40.25|40.65|38.95|39.45
2021-09-23|39.05|39.3|38|38.35
2021-09-24|39.1|39.2|38.1|38.2
2021-09-27|39.25|39.95|38.9|39.15
2021-09-28|40.7|42.65|40.4385|42.45
2021-09-29|42|42.95|41.25|42.7
2021-09-30|42.15|43.3|41.5|43.15
2021-10-01|42.925|44.45|41.95|42.35
2021-10-04|42.95|45.85|42.8|45
2021-10-05|44.6|44.7|42.3|43.15
2021-10-06|44.4|44.75|42.25|42.35
2021-10-07|41.2|41.425|40.25|41.15
2021-10-08|40.8|42|40.7|41.85
2021-10-11|42.35|42.8|41.1|42.75
2021-10-12|42.25|43.45|42.05|43.15
2021-10-13|42.35|43.1|41.9|42.15
2021-10-14|40.85|41.1|39.75|39.8
2021-10-15|39.4|39.8|39.05|39.05
2021-10-18|39.5|39.7|37.85|37.85
2021-10-19|37.55|37.8|37|37.1
2021-10-20|36.9|37.65|36.7|37.15
2021-10-21|37.4|37.55|36.45|36.5
2021-10-22|36.9|37.95|36.55|37.4
2021-10-25|37|37.5875|35.95|36.25
2021-10-26|35.6|36.275|34.9|35.95
2021-10-27|35.8|35.8995|34.75|35.65
2021-10-28|35.145|35.35|34.4|34.5
2021-10-29|35.35|35.45|33.9|33.95
2021-11-01|33.85|34.436|33.6|33.65
2021-11-02|33.75|33.8|33.05|33.15
2021-11-03|33.05|33.35|32|32.1
2021-11-04|31.8|31.95|30.65|30.95
2021-11-05|30.45|31.15|30.25|30.85
2021-11-08|30.85|31.1|30.55|30.95
2021-11-09|30.7|31.9|30.6|31.55
2021-11-10|32.25|33.45|31.55|33
2021-11-11|32.2|32.8|32.1|32.65
2021-11-12|32.3605|32.8|31.5|31.6
2021-11-15|31.4|32.3|31.25|31.65
2021-11-16|31.85|31.9|30.85|30.95
2021-11-17|30.925|31.2|30.45|30.95
2021-11-18|30.45|31|29.85|29.95
2021-11-19|29.6|29.8|29.2|29.45
2021-11-22|29.15|30.55|28.45|30.55
2021-11-23|30.8|32|30.3|30.95
2021-11-24|31.5|32.1|30.55|30.6
2021-11-26|31.25|32.7|30.9|32.3
2021-11-29|31.15|31.4|29.95|30.25
2021-11-30|30.45|32.05|29.9|31.55
2021-12-01|30.5|33.3|29.95|33.25
2021-12-02|33.55|33.9|31.95|32.45
2021-12-03|32.1|35.2|31.85|34.1
2021-12-06|34.05|35.15|32.95|33.3
2021-12-07|31.55|31.6|30.15|30.25
2021-12-08|30.2|30.7|29.85|29.9
2021-12-09|30.2|31.25|29.75|31.15
2021-12-10|30.5|31.3|30.1|30.15
2021-12-13|30.15|31.6|30.125|31.5
2021-12-14|32.65|33.55|32|32.45
2021-12-15|32.55|33.55|30.15|30.3
2021-12-16|30|32.95|29.9|32.5
2021-12-17|33.5|33.85|31.95|33
2021-12-20|34.35|34.85|33.8|34
2021-12-21|33.1|34.15|31.65|31.7
2021-12-22|31.8|32|30.5|30.6
2021-12-23|30.5|30.55|29.5|29.9
2021-12-27|29.6|29.6|28.4|28.45
2021-12-28|28.25|29|28.15|28.75
2021-12-29|28.7|29.35|28.45|28.8
2021-12-30|28.85|29.2|28.35|29.05
2021-12-31|29.2|29.7|28.9|29.7
2022-01-03|29.35|29.8|28.7|28.7
2022-01-04|28.6|30.55|28.6|29.85
2022-01-05|30.2|32.65|29.9645|32.65
2022-01-06|33.1|33.65|31.8|32.7
2022-01-07|32.7|34.2|32.2|33.7
2022-01-10|35.05|36.55|33.5|33.55
2022-01-11|33.9|34.45|32.1|32.15
2022-01-12|31.5|32.35|31.05|31.7
2022-01-13|31.42|34.375|31.24|34.06
2022-01-14|34.86|34.89|33.4|33.5
2022-01-18|35.06|36.19|34.49|35.9
2022-01-19|35.51|37.235|34.76|37.15
2022-01-20|36.16|38.7789|34.91|38.61
2022-01-21|39.33|41.91|38.45|41.79
2022-01-24|43.9|48.08|41|41.27
2022-01-25|43.565|45.3|42.04|44.08
2022-01-26|41.09|45.76|39.57|44.15
2022-01-27|42.45|46.03|41.75|45.6
2022-01-28|44.85|46.899|41.25|41.32
2022-01-31|40.82|41.4199|37.15|37.38
2022-02-01|36.92|38.5498|36.37|36.58
2022-02-02|35.3|36.96|35.22|35.71
2022-02-03|38.56|40.34|37.6|39.96
2022-02-04|39.83|40.549|37.332|38.55
2022-02-07|38.26|39.8199|37.4908|39.36
2022-02-08|39.81|40.18|37.7|38.08
2022-02-09|36.6|37.12|35.63|35.66
2022-02-10|37.75|38.61|35.72|38.03
2022-02-11|38.06|42.08|37.5301|41.62
2022-02-14|41.92|42.83|40.275|41.52
2022-02-15|39.6|39.985|38.36|38.45
2022-02-16|39.15|40.199|38.13|38.48
2022-02-17|39.55|42.0401|39.31|41.89
2022-02-18|41.55|44.2|41.41|43.29
2022-02-22|44.49|46.07|42.37|44.6
2022-02-23|43.37|48.19|43.02|48.01
2022-02-24|52.7|52.87|42.99|43.32
2022-02-25|42.9|44.399|41.13|41.17
2022-02-28|42.35|42.78|40.2|40.73
2022-03-01|41.19|43.575|40.38|42.65
2022-03-02|42.12|43.17|40.06|40.58
2022-03-03|39.59|42.94|39.55|42.27
2022-03-04|43.18|45|42.64|44.11
2022-03-07|44.11|49.085|43.66|49.01
2022-03-08|49.36|51.22|45.2|49.67
2022-03-09|45.8|47.03|43.68|44.36
2022-03-10|45.97|47.6|45.29|45.77
2022-03-11|44.54|48.83|44.39|48.54
2022-03-14|49.215|51.745|47.64|51.39
2022-03-15|50.13|50.91|46.2|46.64
2022-03-16|44.9|46.455|41.35|41.38
2022-03-17|42.11|42.59|39.9|39.92
2022-03-18|40.49|40.9|37.33|37.49
2022-03-21|37.71|39.18|36.9759|37.74
2022-03-22|37.57|37.7|35.225|35.53
2022-03-23|36.395|37.05|35.3|37.03
2022-03-24|36.42|37.12|34.57|34.59
2022-03-25|34.62|35.94|34.29|34.65
2022-03-28|34.67|35.0368|33.02|33.06
2022-03-29|31.98|32.73|31.1718|31.37
2022-03-30|31.83|32.78|31.4|32.32
2022-03-31|32.35|33.81|32.25|33.67
2022-04-01|33.51|34.7|33.28|33.78
2022-04-04|33.54|33.618|31.7|31.71
2022-04-05|32.07|34.1|31.89|33.77
2022-04-06|35.34|36.769|35.02|35.98
2022-04-07|36.31|37.41|35.06|35.74
2022-04-08|36.29|37.44|36.055|37.2
2022-04-11|38.655|40|38.34|39.84
2022-04-12|38.17|40.91|37.51|40.39
2022-04-13|40.29|40.55|37.565|37.96
2022-04-14|37.91|40.6194|37.72|40.54
2022-04-18|40.93|41.5|39.6|40.38
2022-04-19|40.69|41.06|37.54|37.77
2022-04-20|37.45|39.805|37.32|39.44
2022-04-21|38.02|42.18|37.1|41.8
2022-04-22|41.795|45.3|41.32|45.14
2022-04-25|45.84|46.37|43.26|43.38
2022-04-26|44.22|48.41|44.15|48.2
2022-04-27|48.255|49.2801|45.66|48.46
2022-04-28|46.12|48.11|42.445|43.35
2022-04-29|45.04|49.41|43.6201|49.03
2022-05-02|49.36|50.8669|46.6|46.64
2022-05-03|46.7|47.79|45.52|46.53
2022-05-04|46.33|48.71|41.525|41.79
2022-05-05|43.53|49.41|43.48|47.95
2022-05-06|49.1|51.79|47.17|49.81
2022-05-09|52.67|56.39|51.45|55.61
2022-05-10|51.56|56.0201|50.881|53.65
2022-05-11|54.92|58.915|51.91|58.43
2022-05-12|61.11|62.61|56.09|58.76
2022-05-13|56.11|57.11|51.6801|52.44
2022-05-16|53.25|54.8|52.17|54.05
2022-05-17|50.87|52.99|49.73|49.95
2022-05-18|52.2|57.92|51.84|57.21
2022-05-19|58.41|59.4|55.34|58.26
2022-05-20|56.035|63.86|55.64|58.73
2022-05-23|58.1|59.59|55.6|55.81
2022-05-24|58.88|62.23|58.455|59.34
2022-05-25|60.32|60.46|55.55|56.9
2022-05-26|57.33|57.5207|51.22|52.16
2022-05-27|50.47|50.52|46.965|47.01
2022-05-31|47.015|49.21|46.02|47.31
2022-06-01|46.39|49.5|45.39|48.5
2022-06-02|49.01|49.7004|44.4|44.5
2022-06-03|46.75|48.5|46.13|47.96
2022-06-06|45.81|48.22|45.05|47.45
2022-06-07|49.055|49.57|45.87|46.25
2022-06-08|46.61|47.62|45.38|47.2
2022-06-09|48.04|51.11|46.6|51.03
2022-06-10|53.97|56.68|53.3601|56.52
2022-06-13|61.81|64.8401|60.26|64.21
2022-06-14|62.67|65.76|62.0308|63.83
2022-06-15|61.52|63.48|56.38|59.17
2022-06-16|63.75|67.69|63.4301|66.09
2022-06-17|65.78|67.0399|62.09|63.96
2022-06-21|60.76|60.83|57.5|59.18
2022-06-22|60.79|61.14|56.56|59.39
2022-06-23|57.8|59.64|56.22|56.85
2022-06-24|55.07|55.19|51|51.01
2022-06-27|50.18|52.64|49.91|52
2022-06-28|51.78|56.91|50.34|56.77
2022-06-29|56.92|58.43|55.71|56.65
2022-06-30|58.48|61.47|56.62|58.84
2022-07-01|59.62|60.84|57.37|57.62
2022-07-05|59.98|60.94|54.62|54.66
2022-07-06|54.46|55.45|52.4|53.65
2022-07-07|53.14|53.14|49.81|50.28
2022-07-08|51.71|52.19|49.31|50.04
2022-07-11|51.31|53.69|51.16|53.24
2022-07-12|52.56|55.68|51.45|54.78
2022-07-13|58.05|58.36|53.73|55.12
2022-07-14|56.695|58.5099|54.035|54.53
2022-07-15|52.76|53.76|51.53|51.64
2022-07-18|50.08|53.51|49.32|52.89
2022-07-19|50.86|51.77|47.8621|48.15
2022-07-20|47.82|48.195|45.1532|45.76
2022-07-21|45.55|46.7699|43.78|43.8
2022-07-22|44.2|46.9|43.29|46.08
2022-07-25|46.1|47.8371|45.87|46.83
2022-07-26|47.72|50.05|47.605|49.62
2022-07-27|47.29|47.5993|42.471|43.47
2022-07-28|43.48|45.1|41.87|42.13
2022-07-29|41.47|42.07|39.45|39.83
2022-08-01|40.52|40.94|38.56|39.89
2022-08-02|40.81|41.21|38.66|40.28
2022-08-03|39.6|39.64|36.66|37.06
2022-08-04|36.995|37.74|36.38|36.5
2022-08-05|38.27|38.53|36.69|37.38
2022-08-08|37.05|38.285|35.76|37.75
2022-08-09|38.455|39.64|38.35|39.02
2022-08-10|36.29|37.22|35.68|35.83
2022-08-11|35.02|36.66|34.34|36.34
2022-08-12|35.71|36.15|34.23|34.29
2022-08-15|34.595|34.62|33.3|33.45
2022-08-16|33.77|34.65|33.05|33.69
2022-08-17|34.68|35.51|33.96|34.88
2022-08-18|34.91|35.43|34.245|34.64
2022-08-19|35.63|36.92|35.42|36.66
2022-08-22|38.19|39.86|38.0902|39.54
2022-08-23|39.69|39.98|38.58|39.68
2022-08-24|39.87|40.1|38.63|39.34
2022-08-25|38.68|39.0895|37.28|37.3
2022-08-26|37.39|41.91|36.96|41.86
2022-08-29|43.08|43.59|42|43.12
2022-08-30|42.415|45.69|42.16|44.53
2022-08-31|43.24|45.4175|42.85|45.39
2022-09-01|46.58|48.28|45.16|45.32
2022-09-02|44.005|48.04|43.3801|47.23
2022-09-06|47.08|49.375|46.61|48.29
2022-09-07|48.11|48.21|44.89|45.42
2022-09-08|46.38|47|44.1|44.69
2022-09-09|43.71|43.71|41.57|41.84
2022-09-12|41.21|41.35|40.17|40.31
2022-09-13|43.81|47.31|43.3228|46.96
2022-09-14|46.39|47.25|45.39|45.84
2022-09-15|46.78|48.9|45.62|48.14
2022-09-16|49.87|50.8899|48.84|49.12
2022-09-19|50.41|50.46|47.83|47.92
2022-09-20|49.17|50.2299|47.92|49.08
2022-09-21|48.63|51.79|46.41|51.78
2022-09-22|52.63|54.35|52.04|53.68
2022-09-23|55.13|58.31|54.96|56.26
2022-09-26|56.63|57.5|53.86|56.97
2022-09-27|54.84|58.44|53.36|56.93
2022-09-28|56.97|57.94|52.77|53.68
2022-09-29|55.955|60.02|55.744|58.15
2022-09-30|58.825|61.35|56.16|61.32
2022-10-03|60|61.09|55.84|56.97
2022-10-04|53.53|53.55|51.16|51.66
2022-10-05|53.72|55.23|50.6801|51.61
2022-10-06|52.28|53.15|50.54|52.97
2022-10-07|55.695|59.82|55.61|59.07
2022-10-10|58.9|62.63|58.66|60.93
2022-10-11|61.995|64.5|59.99|63.2
2022-10-12|62.89|63.94|61.47|63.35
2022-10-13|68.88|69.55|57.99|59.11
2022-10-14|57.47|64.735|57.05|64.38
2022-10-17|59.79|59.84|57.3|58
2022-10-18|53.31|58.33|52.87|56.59
2022-10-19|57.55|58.707|55.21|57.16
2022-10-20|57.84|58.87|54.5|58.19
2022-10-21|58.86|59.6272|53.72|54.08
2022-10-24|53.91|56.08|51.7|52.24
2022-10-25|51.74|51.74|48.84|49.11
2022-10-26|52.05|52.56|49.18|52.32
2022-10-27|52.995|55.5|52.15|55.2
2022-10-28|55.63|55.69|49.8501|50.18
2022-10-31|51.38|52.935|50.935|51.9
2022-11-01|49.935|53.71|49.6|53.49
2022-11-02|53.54|59.06|51.7|59.04
2022-11-03|60.85|62.81|59.86|62.45
2022-11-04|58.86|63.57|57.51|59.55
2022-11-07|58.84|60.325|57.2201|57.66
2022-11-08|56.62|58.98|54.21|56.4
2022-11-09|57.59|60.54|57.07|60.37
2022-11-10|51.625|53.11|46.8|47.08
2022-11-11|47.06|47.7385|44.02|44.37
2022-11-14|45.34|46|43.78|45.52
2022-11-15|42.28|45.29|41.79|43.67
2022-11-16|44.57|45.845|44.42|45.45
2022-11-17|47.67|47.75|45.0916|45.79
2022-11-18|44.345|47.03|44.3|45.83
2022-11-21|46.55|47.67|45.95|47.24
2022-11-22|46.91|48|45.16|45.32
2022-11-23|45.27|45.37|43.62|43.94
2022-11-25|44.69|45.05|44.37|44.83
2022-11-28|45.81|47.26|44.82|46.83
2022-11-29|46.72|48.605|46.52|47.92
2022-11-30|47.79|48.23|41.3199|41.38
2022-12-01|41.26|42.44|40.47|41.25
2022-12-02|43.43|43.528|41.37|41.79
2022-12-05|42.69|44.52|42.14|43.85
2022-12-06|43.98|47.2891|43.9|46.58
2022-12-07|47.27|48.09|46.2|47.24
2022-12-08|46.57|47.6499|45.1|45.6
2022-12-09|46.12|46.73|44.76|46.49
2022-12-12|46.41|46.9486|44.73|44.77
2022-12-13|39.56|44.64|39.48|43.34
2022-12-14|43.6|45.81|42.1|44.43
2022-12-15|46.315|49.4|45.98|48.78
2022-12-16|49.21|51.12|48.38|50.24
2022-12-19|50.16|53.09|50.085|52.31
2022-12-20|53.12|54.045|51.5|52.53
2022-12-21|51.93|52.45|49.5|50.3
2022-12-22|51.92|56.255|51.83|53.75
2022-12-23|54.74|55.88|53.14|53.5
2022-12-27|53.945|56.1694|53.86|55.81
2022-12-28|56.145|58.29|54.65|58.07
2022-12-29|56.24|56.7371|53.27|53.86
2022-12-30|55.66|56.46|53.96|54.01
2023-01-03|52.59|56.5656|51.6807|55.15
2023-01-04|53.84|56.39|53.31|54.41
2023-01-05|55.49|57.19|55.38|56.93
2023-01-06|55.92|57.84|51.53|52.4
2023-01-09|51.14|51.67|48.53|51.28
2023-01-10|51.93|52.22|49.97|50.03
2023-01-11|49.44|49.88|47.4|47.46
2023-01-12|47.27|49.4899|46.225|46.74
2023-01-13|48.05|48.235|45.69|45.81
2023-01-17|45.96|46.52|44.92|45.62
2023-01-18|44.8|47.4575|44.05|47.34
2023-01-19|48.26|49.45|47.67|48.82
2023-01-20|47.96|48.5299|44.67|44.79
2023-01-23|44.44|44.79|41.2601|41.84
2023-01-24|42.6|42.82|41.61|42.13
2023-01-25|44.16|45.29|42.15|42.42
2023-01-26|40.91|42.125|39.92|39.99
2023-01-27|40.57|40.61|38|38.85
2023-01-30|40.155|41.32|39.57|41.2
2023-01-31|41.17|41.23|39.3|39.36
2023-02-01|39.45|40.28|35.8301|36.84
2023-02-02|34.45|34.748|32.2|33.01
2023-02-03|35.07|35.2|32.72|34.67
2023-02-06|35.605|36.04|34.79|35.58
2023-02-07|35.64|36.04|32.98|33.38
2023-02-08|33.83|35.4|33.5101|35.16
2023-02-09|33.665|36.67|33.6|36.13
2023-02-10|36.97|37.76|36.21|36.87
2023-02-13|36.36|36.8192|34.9|35.1
2023-02-14|35.71|36.39|34.02|34.36
2023-02-15|35.015|35.2399|33.54|33.58
2023-02-16|35.185|35.58|33.85|35.5
2023-02-17|36.33|37.38|36.026|36.29
2023-02-21|37.72|38.95|37.2|38.87
2023-02-22|38.67|39.5|37.99|38.84
2023-02-23|37.4|39.55|37.33|37.85
2023-02-24|39.83|40.47|39.355|39.79
2023-02-27|38.46|39.18|37.892|38.93
2023-02-28|39.22|39.35|38.1|39.13
2023-03-01|39.25|40.48|38.98|40.07
2023-03-02|41.18|41.295|38.78|39.13
2023-03-03|38.43|38.64|36.62|36.73
2023-03-06|36.27|36.68|35.15|36.6
2023-03-07|36.61|38.2|36.26|37.96
2023-03-08|37.82|38.54|37.18|37.41
2023-03-09|37.26|39.725|36.28|39.45
2023-03-10|39.37|41.54|38.75|41.08
2023-03-13|41.9|42.57|38.5989|40.19
2023-03-14|38.725|39.08|37.22|37.46
2023-03-15|38.47|39.03|36.76|36.93
2023-03-16|37.32|37.57|33.88|34.02
2023-03-17|34.05|35.18|33.24|34.49
2023-03-20|34.75|35.51|34.06|34.17
2023-03-21|33.52|34.04|32.564|32.74
2023-03-22|32.555|33.9|30.98|33.86
2023-03-23|32.625|33.6|31.2246|32.69
2023-03-24|32.85|33.59|32.31|32.34
2023-03-27|32.13|33.29|31.792|33.01
2023-03-28|33.215|34.32|33.215|33.55
2023-03-29|32.34|32.62|31.54|31.76
2023-03-30|31.02|31.41|30.68|30.88
2023-03-31|30.825|30.91|29.29|29.36
2023-04-03|29.95|30.327|29.5|29.56
2023-04-04|29.47|30.24|29.18|29.87
2023-04-05|30.22|31.35|30.165|30.84
2023-04-06|31.34|31.75|30.08|30.21
2023-04-10|31.09|31.6|30.2701|30.29
2023-04-11|30.31|31.03|30.2916|30.88
2023-04-12|30.32|31.86|30.14|31.69
2023-04-13|31.22|31.2717|29.75|29.9
2023-04-14|30.35|30.9099|29.58|30.07
2023-04-17|30.21|30.79|29.91|30.03
2023-04-18|29.42|30.3692|29.3|30.02
2023-04-19|30.73|30.76|29.77|30.07
2023-04-20|30.97|31.18|29.96|30.81
2023-04-21|30.94|31.465|30.5|30.73
2023-04-24|30.81|31.58|30.41|30.93
2023-04-25|31.43|32.73|31.24|32.69
2023-04-26|31.62|32.29|31.15|32.15
2023-04-27|30.98|31.19|29.38|29.56
2023-04-28|29.62|29.94|28.92|28.96
2023-05-01|29.08|29.35|28.68|29.05
2023-05-02|29.09|30.3|29|29.81
2023-05-03|29.74|30.45|28.98|30.42
2023-05-04|30.53|31.09|30.19|30.78
2023-05-05|30.14|30.25|28.6|28.84
2023-05-08|28.99|29.28|28.55|28.64
2023-05-09|29.11|29.29|28.87|29.2
2023-05-10|28.54|29.22|28.02|28.27
2023-05-11|28.16|28.57|27.88|28.04
2023-05-12|27.91|28.885|27.8|28.34
2023-05-15|28.23|28.64|27.84|27.9
2023-05-16|28.11|28.11|27.37|27.81
2023-05-17|27.56|27.86|26.66|26.81
2023-05-18|26.75|26.76|25.31|25.38
2023-05-19|25.33|25.79|25.16|25.56
2023-05-22|25.61|25.62|25.0646|25.3
2023-05-23|25.7|26.36|25.45|26.27
2023-05-24|26.75|27.19|26.39|26.67
2023-05-25|24.92|25.53|24.48|24.8
2023-05-26|24.58|24.6|22.72|22.91
2023-05-30|22.05|22.88|21.82|22.59
2023-05-31|22.92|23.28|22.52|23.06
2023-06-01|23.07|23.29|21.95|22.22
2023-06-02|21.89|22.235|21.51|21.74
2023-06-05|21.77|21.89|21.22|21.7
2023-06-06|21.82|22.08|21.54|21.72
2023-06-07|21.68|22.96|21.3111|22.84
2023-06-08|22.81|22.86|21.92|22.05
2023-06-09|21.76|22.06|21.19|21.785
2023-06-12|21.48|21.66|20.66|20.69
2023-06-13|20.21|20.775|20.07|20.22
2023-06-14|20.22|20.7|19.74|19.78
2023-06-15|20.03|20.13|18.8601|19.13
2023-06-16|18.75|19.56|18.73|19.49
2023-06-20|19.735|20.06|19.35|19.57
2023-06-21|19.51|20.26|19.44|20.09
2023-06-22|20.35|20.42|19.41|19.42
2023-06-23|20.08|20.295|19.6401|20.02
2023-06-26|20.11|20.84|19.65|20.81
2023-06-27|20.57|20.7|19.64|19.78
2023-06-28|20.07|20.09|19.34|19.65
2023-06-29|19.73|20.08|19.62|19.8
2023-06-30|19.21|19.27|18.73|18.91
2023-07-03|18.82|18.9899|18.69|18.79
2023-07-05|19.04|19.04|18.53|18.79
2023-07-06|19.39|19.7|19.18|19.24
2023-07-07|19.3|19.49|18.79|19.45
2023-07-10|19.51|19.92|19.33|19.43
2023-07-11|19.38|19.73|19.09|19.16
2023-07-12|18.52|18.84|18.23|18.44
2023-07-13|17.99|18.08|17.41|17.54
2023-07-14|17.48|17.68|17.03|17.55
2023-07-17|17.465|17.53|16.95|17.08
2023-07-18|17.17|17.43|16.47|16.66
2023-07-19|16.53|16.86|16.38|16.66
2023-07-20|17.1|17.9956|16.9|17.85
2023-07-21|17.52|18.09|17.41|18.03
2023-07-24|17.9|18.23|17.75|17.94
2023-07-25|17.85|17.86|17.35|17.58
2023-07-26|17.75|18.1|17.53|17.76
2023-07-27|17.01|18.12|16.78|17.93
2023-07-28|17.35|17.42|16.81|16.96
2023-07-31|16.925|17.12|16.78|16.91
2023-08-01|17.13|17.35|16.96|17.06
2023-08-02|17.55|18.37|17.54|18.18
2023-08-03|18.58|18.6|17.99|18.32
2023-08-04|18.03|18.65|17.69|18.57
2023-08-07|18.32|18.67|18.1|18.11
2023-08-08|18.5|19.05|18.5|18.59
2023-08-09|18.55|19.33|18.53|19.2
2023-08-10|18.75|19.3701|18.21|19.13
2023-08-11|19.555|19.75|19.24|19.51
2023-08-14|19.65|19.77|18.845|18.86
2023-08-15|19.03|19.58|18.9|19.46
2023-08-16|19.57|20.12|19.32|20.1
2023-08-17|19.89|20.86|19.84|20.78
2023-08-18|21.38|21.48|20.65|20.88
2023-08-21|20.63|20.72|19.76|19.87
2023-08-22|19.47|20.09|19.45|19.98
2023-08-23|19.79|19.8299|18.86|19.03
2023-08-24|18.52|20.32|18.5|20.31
2023-08-25|20.155|20.75|19.5323|19.82
2023-08-28|19.35|19.7992|19.23|19.38
2023-08-29|19.43|19.48|18.07|18.14
2023-08-30|18.115|18.27|17.7495|17.83
2023-08-31|17.86|17.86|17.45|17.71
2023-09-01|17.37|17.99|17.31|17.77
2023-09-05|17.9|18.03|17.54|17.72
2023-09-06|17.83|18.48|17.79|18.18
2023-09-07|18.875|19.035|18.5|18.61
2023-09-08|18.63|18.696|18.2|18.54
2023-09-11|18.09|18.39|17.82|17.89
2023-09-12|18.14|18.55|17.95|18.49
2023-09-13|18.48|18.65|18.05|18.3
2023-09-14|18.07|18.37|17.73|17.88
2023-09-15|18.08|18.94|18.0201|18.82
2023-09-18|18.96|19.0056|18.58|18.75
2023-09-19|18.97|19.36|18.77|18.89
2023-09-20|18.42|19.38|18.35|19.36
2023-09-21|20|20.5|19.87|20.48
2023-09-22|20.18|20.53|19.81|20.47
2023-09-25|20.65|20.8255|20.1701|20.18
2023-09-26|20.64|21.28|20.55|21.1
2023-09-27|20.92|21.63|20.62|20.95
2023-09-28|21.16|21.32|20.09|20.48
2023-09-29|19.89|20.67|19.64|20.44
2023-10-02|20.41|20.5199|19.7|19.95
2023-10-03|20.37|21.28|20|21.01
2023-10-04|20.86|20.95|20|20.17
2023-10-05|20.19|20.96|20.12|20.37
2023-10-06|20.9|21.045|19.16|19.36
2023-10-09|19.735|19.98|18.97|19.06
2023-10-10|19.02|19.1|18.33|18.76
2023-10-11|18.56|18.83|18.33|18.37
2023-10-12|18.305|18.94|18.04|18.59
2023-10-13|18.49|19.51|18.41|19.3
2023-10-16|19.08|19.1154|18.48|18.64
2023-10-17|19.205|19.53|18.58|18.83
2023-10-18|19.24|19.8|18.89|19.61
2023-10-19|19.39|20.303|19.19|20.16
2023-10-20|20.27|21.12|20.17|21.08
2023-10-23|21.34|21.719|20.26|20.9
2023-10-24|20.59|20.9|20.17|20.31
2023-10-25|20.73|21.91|20.7|21.8
2023-10-26|22.06|23.34|21.89|23.09
2023-10-27|22.55|23.02|22.06|22.75
2023-10-30|22.28|22.56|21.7516|22.03
2023-10-31|22.02|22.52|21.64|21.7
2023-11-01|21.56|21.58|20.48|20.57
2023-11-02|19.83|20.0378|19.46|19.5
2023-11-03|19.31|19.34|18.61|18.82
2023-11-06|18.71|18.96|18.5112|18.61
2023-11-07|18.455|18.64|17.95|18.1
2023-11-08|18.04|18.4|17.94|18.06
2023-11-09|17.9899|18.58|17.81|18.51
2023-11-10|18.25|18.34|17.2401|17.28
2023-11-13|17.49|17.71|17.29|17.44
2023-11-14|16.55|16.62|16.19|16.34
2023-11-15|16.08|16.47|16.02|16.3
2023-11-16|16.42|16.59|16.25|16.275
2023-11-17|16.38|16.5|16.14|16.28
2023-11-20|16.29|16.29|15.6|15.7
2023-11-21|15.91|16.2|15.89|15.99
2023-11-22|15.75|15.9397|15.43|15.81
2023-11-24|15.87|16.01|15.8|15.9
2023-11-27|15.96|16.05|15.69|15.93
2023-11-28|16.04|16.09|15.75|15.82
2023-11-29|15.53|15.92|15.35|15.89
2023-11-30|15.87|16.39|15.81|16.02
2023-12-01|16.17|16.38|15.82|15.895
2023-12-04|16.37|16.8|16.31|16.35
2023-12-05|16.605|16.63|16.08|16.23
2023-12-06|15.87|16.57|15.85|16.52
2023-12-07|16.17|16.31|15.75|15.85
2023-12-08|16.07|16.1|15.6|15.66
2023-12-11|15.71|15.74|15.22|15.26
2023-12-12|15.26|15.4|14.89|14.9
2023-12-13|14.81|14.89|14.27|14.34
2023-12-14|14.23|14.73|14.09|14.41
2023-12-15|14.33|14.39|14.07|14.25
2023-12-18|14.16|14.2|13.84|13.93
2023-12-19|13.9|13.92|13.72|13.74
2023-12-20|13.55|14.07|13.33|14.06
2023-12-21|13.67|13.94|13.55|13.6
2023-12-22|13.48|13.73|13.38|13.53
2023-12-26|13.46|13.47|13.23|13.29
2023-12-27|13.28|13.36|13.19|13.22
2023-12-28|13.13|13.31|13.11|13.27
2023-12-29|13.29|13.64|13.25|13.45
2024-01-02|13.81|14.38|13.7906|14.14
2024-01-03|14.43|14.6499|14.32|14.59
2024-01-04|14.835|14.87|14.48|14.84
2024-01-05|14.84|14.96|14.49|14.8
2024-01-08|14.67|14.69|13.86|13.89