2018-08-01|12012|12228|11706|12084
2018-08-02|12384|12528|11676|11724
2018-08-03|11712|11892|11620.56|11676
2018-08-06|11724|11928|11448|11460
2018-08-07|11388|11436|11160|11184
2018-08-08|11280|11304.12|11040|11088
2018-08-09|11268|11454|11223.96|11448
2018-08-10|12120|12444|12004.32|12288
2018-08-13|12216|12287.88|11904|12264
2018-08-14|12084|12345.24|11966.4|12306
2018-08-15|12600|13212|12468|12816
2018-08-16|12516|12984|12504|12876
2018-08-17|13272|13740|13068|13164
2018-08-20|13008|13656|12965.04|13200
2018-08-21|13068|13104|12330|12420
2018-08-22|12552|12756|12210|12264
2018-08-23|12312|12312|11952|12228
2018-08-24|12084|12084|11688|11688
2018-08-27|11472|11496|10885.68|11160
2018-08-28|11040|11352|10884|11016
2018-08-29|11016|11136|10848|10944
2018-08-30|11016|11280|10889.4|11244
2018-08-31|11292|11351.52|10998|11052
2018-09-04|11160|11256|10776|10788
2018-09-05|10824|11220|10728|10956
2018-09-06|11064|11856|11040|11820
2018-09-07|11952|12060|11448|11976
2018-09-10|11700|11940.24|11580|11592
2018-09-11|11832|12108|11676.12|11928
2018-09-12|12300|13116|12300|12312
2018-09-13|11892|12048|11447.88|11916
2018-09-14|11736|11830.08|11381.76|11532
2018-09-17|11736|12060|11556|12024
2018-09-18|11844|11856|11484|11688
2018-09-19|11712|11784|11474.88|11616
2018-09-20|11388|11424|11088|11208
2018-09-21|11184|11412|11070|11340
2018-09-24|11532|11670|11184|11208
2018-09-25|11256|11796|11256|11748
2018-09-26|11808|12108|11664|12072
2018-09-27|11952|12072|11796|11904
2018-09-28|11988|12084|11592|11688
2018-10-01|11580|11676|11304|11592
2018-10-02|11616|11688|11124|11604
2018-10-03|11460|11892|11332.2|11556
2018-10-04|11736|12491.88|11736|12204
2018-10-05|12240|13392|12156|13056
2018-10-08|13356|13836|13008|13488
2018-10-09|13620|13801.8|13344|13536
2018-10-10|14076|15360|14040|15312
2018-10-11|15384|16152|14424|15816
2018-10-12|14472|15648|14220|14904
2018-10-15|15096|15480|14808|15300
2018-10-16|14748|14856|13752|13788
2018-10-17|13608|14280|13432.92|13980
2018-10-18|14112|15180|14112|15048
2018-10-19|14664|15912|14496|15744
2018-10-22|15420|15864|15144|15432
2018-10-23|16668|17148|15420|15696
2018-10-24|16416|18852|16416|18804
2018-10-25|18324|18516|17052|17496
2018-10-26|18576|19260.12|17508|18432
2018-10-29|17400|20028|17052|18972
2018-10-30|19068|19211.88|16560|16608
2018-10-31|15876|16428|15600|15996
2018-11-01|15792|15792|13644|13788
2018-11-02|13896|14904|13716|14400
2018-11-05|14400|15492|14400|14772
2018-11-06|14856|14868|14076|14256
2018-11-07|13704|14254.68|13621.2|13728
2018-11-08|14160|14280|13608|13920
2018-11-09|14448|15060|14328|14688
2018-11-12|15372|16788.12|15360|16632
2018-11-13|16392|16392|14952|15972
2018-11-14|15468|16236.12|15036|15780
2018-11-15|15948|16032|14004|14196
2018-11-16|15756|15756|14496|14688
2018-11-19|15048|16428|14760|16392
2018-11-20|17772|17832|15672|16332
2018-11-21|15684|16140.12|15384|16116
2018-11-23|16440|16500|15708|16128
2018-11-26|15456|15936|15216|15228
2018-11-27|15516|15720|14772|15144
2018-11-28|14760|15540|14076|14076
2018-11-29|14316|14520|14004|14436
2018-11-30|14352|14856|13800|13824
2018-12-03|12576|13140|12420|12720
2018-12-04|13032|14580|12960|14544
2018-12-06|15828|16476|14784|14784
2018-12-07|14844|16656|14760|16440
2018-12-10|16500|16714.8|15552|15744
2018-12-11|14964|15756|14364.12|15480
2018-12-12|14724|15156|14136|14796
2018-12-13|14532|15144|14304|14976
2018-12-14|15504|15624|14700|15612
2018-12-17|15756|16476|14964|16200
2018-12-18|15804|15804|14772|15540
2018-12-19|15756|17736|15300|17508
2018-12-20|17520|18600|16728|17964
2018-12-21|17628|18984|16968|18792
2018-12-24|19248|20412|18696|20388
2018-12-26|19620|20616|16860|16884
2018-12-27|17736|18168.48|16452|16452
2018-12-28|16152|16536|15204|16116
2018-12-31|15516|16287.48|15384|15828
2019-01-02|16824|16848|15036|15408
2019-01-03|16552.68|18161.64|16236|18108
2019-01-04|17232|17351.76|15534|15744
2019-01-07|15492|15780|14412|14868
2019-01-08|14424|15648|14388|15060
2019-01-09|14688|14688|13704|13932
2019-01-10|14328|14340|13464|13524
2019-01-11|13740|13836|12768.12|13140
2019-01-14|13632|13968|13488|13752
2019-01-15|13620|13836|13176|13680
2019-01-16|13512|14016|13320|13992
2019-01-17|14232|14532|13284|13524
2019-01-18|13116|13332|12336|12588
2019-01-22|12960|13932|12936|13656
2019-01-23|13440|14322|13248|13944
2019-01-24|13008|13080|11388|11568
2019-01-25|11436|11661|10692|10824
2019-01-28|12024|12108|11208|11460
2019-01-29|11388|12012|11328|11964
2019-01-30|11328|11724|10788|10932
2019-01-31|10956|11226|10644|10932
2019-02-01|10800|10908|10395.6|10536
2019-02-04|10524|10812|10392|10392
2019-02-05|10368|10452|10104|10248
2019-02-06|9888|9888|9192|9432
2019-02-07|9780|10284|9648|10044
2019-02-08|10488|10620|10034.76|10080
2019-02-11|9972|10224|9876|9936
2019-02-12|9564|9624|9252|9324
2019-02-13|9156|9335.88|9024|9228
2019-02-14|9360|9360|8964|9156
2019-02-15|8952|9192|8892|9036
2019-02-19|9168|9180|8892|9072
2019-02-20|9000|9000|8676|8844
2019-02-21|8808|9120|8779.68|9036
2019-02-22|8832|8940|8712|8760
2019-02-25|8328|8556|8232|8532
2019-02-26|8640|8777.64|8506.68|8700
2019-02-27|8832|9276.12|8832|9024
2019-02-28|9144|9216|8916|9000
2019-03-01|8700|9048|8628|8748
2019-03-04|8568|9084|8496|8748
2019-03-05|8796|8988|8712|8880
2019-03-06|8892|9324|8880|9324
2019-03-07|9444|9792|9420|9624
2019-03-08|10104|10212|9621.12|9636
2019-03-11|9456|9516|8820|8952
2019-03-12|8892|9096.48|8706.48|8844
2019-03-13|8700|8784|8532|8748
2019-03-14|8748|8916|8616.12|8904
2019-03-15|8616|8640|7932|8124
2019-03-18|8100|8328|7968|8184
2019-03-19|7980|7980|7764|7836
2019-03-20|7848|8196|7704|8058
2019-03-21|8052|8052|7080|7212
2019-03-22|7356|7848|7284|7824
2019-03-25|7968|8327.88|7782|8136
2019-03-26|7800|8076|7668|7884
2019-03-27|7872|8400|7800|8232
2019-03-28|8136|8435.88|7968|8268
2019-03-29|7980|8063.88|7848|7884
2019-04-01|7536|7644|7296|7308
2019-04-02|7308|7422|7236|7284
2019-04-03|7032|7044|6612|6792
2019-04-04|6876|6876|6636.12|6780
2019-04-05|6648|6762|6612|6612
2019-04-08|6720|6744|6552|6564
2019-04-09|6684|6876|6684|6792
2019-04-10|6792|6816|6564|6624
2019-04-11|6588|6696|6497.04|6624
2019-04-12|6444|6527.16|6360|6360
2019-04-15|6360|6612|6336|6492
2019-04-16|6372|6384|5880|5880
2019-04-17|5556|5736|5379.72|5616
2019-04-18|5604|5688|5544.36|5592
2019-04-22|5700|5746.08|5556|5604
2019-04-23|5544|5568|5376|5436
2019-04-24|5448|5448|5112|5268
2019-04-25|5328|5700|5316|5556
2019-04-26|5892|6054|5700|5700
2019-04-29|5700|5808|5653.56|5724
2019-04-30|5760|5772|5568|5604
2019-05-01|5424|5748|5352|5736
2019-05-02|5760|5784|5364|5544
2019-05-03|5460|5640|5436|5436
2019-05-06|6000|6045.6|5688|5724
2019-05-07|5916|6324|5892|6132
2019-05-08|6252|6312|5996.52|6276
2019-05-09|6588|6918.12|6408|6492
2019-05-10|6660|6936|6360|6468
2019-05-13|7152|7470|6996|7404
2019-05-14|7116|7210.8|6744|6852
2019-05-15|7080|7101|6552|6684
2019-05-16|6996|7152|6810|7032
2019-05-17|7356|7533.36|6936.12|7452
2019-05-20|8136|8484|7980|8340
2019-05-21|7812|8027.76|7668|7812
2019-05-22|8244|8376|8070|8304
2019-05-23|8760|9108|8688|8724
2019-05-24|8532|8964|8388|8952
2019-05-28|8796|9240|8688.48|9180
2019-05-29|9444|9480|8952|9060
2019-05-30|8988|9072|8628|8868
2019-05-31|9192|9276|8808|9228
2019-06-03|9000|9324|8640|9180
2019-06-04|8676|8915.88|7980|8004
2019-06-05|7752|8472|7728|8160
2019-06-06|8160|8220|7740|7836
2019-06-07|7800|7812|7500|7572
2019-06-10|7248|7284|6720|6972
2019-06-11|6600|7092|6575.88|6936
2019-06-12|7176|7440|7116|7416
2019-06-13|7248|7459.8|7200|7296
2019-06-14|7944|8004|7752|7860
2019-06-17|7812|8040|7764|8028
2019-06-18|7716|7770|6816|6984
2019-06-19|6888|7068|6816|6972
2019-06-20|6492|6876|6456|6756
2019-06-21|6876|6936|6696|6912
2019-06-24|6864|6936|6780|6852
2019-06-25|6852|7176|6732|7152
2019-06-26|6684|6708|6372|6468
2019-06-27|6336|6363.24|6085.68|6168
2019-06-28|6022.8|6205.2|5994|6181.2
2019-07-01|5360.4|5823.588|5190|5673.6
2019-07-02|5746.8|5984.4|5742|5908.8
2019-07-03|5894.4|6122.4|5893.2|5995.2
2019-07-05|6226.8|6295.2|6072|6103.2
2019-07-08|6268.8|6350.4|6183.612|6240
2019-07-09|6360|6384|6085.2|6102
2019-07-10|5902.8|6001.272|5712|5983.2
2019-07-11|5889.6|6030|5853.6|5911.2
2019-07-12|5874|5874|5585.016|5592
2019-07-15|5514|5551.2|5400|5457.6
2019-07-16|5518.8|5718|5504.4|5644.8
2019-07-17|5532|5644.8|5498.4|5594.4
2019-07-18|5574|5580|5298|5340
2019-07-19|5268|5374.8|5214|5367.6
2019-07-22|5268|5286|5029.116|5056.8
2019-07-23|4944|5032.812|4867.2|4870.8
2019-07-24|4765.2|4773.6|4388.4|4420.8
2019-07-25|4507.2|4677.6|4507.2|4646.4
2019-07-26|4540.8|4653.6|4540.8|4646.4
2019-07-29|4668|4792.8|4591.2|4617.6
2019-07-30|4743.6|4784.4|4609.2|4641.6
2019-07-31|4710|5235.6|4710|5100
2019-08-01|5184|5529.588|4725.6|5404.8
2019-08-02|5565.6|5784|5433.6|5646
2019-08-05|6164.4|6526.8|6123.6|6388.8
2019-08-06|6046.8|6351.672|5876.4|6132
2019-08-07|6420|6426|5955.6|6006
2019-08-08|5816.4|5966.808|5510.4|5522.4
2019-08-09|5702.4|5929.212|5620.8|5826
2019-08-12|5977.2|6120|5826|6019.2
2019-08-13|6079.2|6165.18|5354.412|5499.6
2019-08-14|5901.6|6096.204|5746.8|6015.6
2019-08-15|5871.6|6217.2|5856|6055.2
2019-08-16|5820|5841.6|5516.4|5560.8
2019-08-19|5186.4|5336.4|5109.6|5253.6
2019-08-20|5292|5415.54|5221.32|5329.2
2019-08-21|5185.2|5268|5109.6|5181.6
2019-08-22|5161.2|5350.8|5101.2|5190
2019-08-23|5377.2|5912.4|5260.728|5864.4
2019-08-26|5613.6|5788.8|5582.4|5716.8
2019-08-27|5580|5870.4|5514|5776.8
2019-08-28|5877.6|5983.2|5636.7|5670
2019-08-29|5400|5413.488|5169.6|5282.4
2019-08-30|5138.4|5277.6|5054.4|5191.2
2019-09-03|5354.4|5550|5308.812|5458.8
2019-09-04|5205.6|5205.6|5007.6|5012.4
2019-09-05|4702.8|4704|4375.2|4550.4
2019-09-06|4536|4617.6|4484.4|4531.2
2019-09-09|4440|4521.6|4356|4465.2
2019-09-10|4539.6|4621.2|4406.412|4408.8
2019-09-11|4362|4424.4|4209.6|4209.6
2019-09-12|4107.6|4260|4057.8|4177.2
2019-09-13|4177.2|4276.8|4149.6|4212
2019-09-16|4323.6|4410|4240.8|4297.2
2019-09-17|4317.6|4398|4248|4261.2
2019-09-18|4276.8|4429.2|4242|4251.6
2019-09-19|4212|4332|4183.2|4320
2019-09-20|4280.4|4611.6|4280.4|4555.2
2019-09-23|4585.2|4585.2|4342.824|4414.8
2019-09-24|4315.2|4668|4281.6|4604.4
2019-09-25|4650|4788|4320|4358.4
2019-09-26|4358.4|4479.6|4310.4|4360.8
2019-09-27|4420.8|4764|4396.848|4663.2
2019-09-30|4609.2|4657.224|4504.824|4527.6
2019-10-01|4441.2|4694.4|4267.2|4644
2019-10-02|4777.2|4953.72|4729.2|4866
2019-10-03|4869.6|5037.6|4604.1|4617.6
2019-10-04|4558.8|4579.2|4359.612|4369.2
2019-10-07|4412.4|4465.2|4326|4464
2019-10-08|4610.4|4883.448|4591.896|4874.4
2019-10-09|4671.6|4717.2|4531.332|4628.4
2019-10-10|4592.4|4610.4|4348.8|4492.8
2019-10-11|4260|4260|4029.6|4194
2019-10-14|4204.8|4254|4162.8|4194
2019-10-15|4129.2|4131.588|3885.6|3916.8
2019-10-16|3969.6|4108.788|3918|4088.4
2019-10-17|3927.6|4120.8|3901.2|4040.4
2019-10-18|4070.4|4291.2|4040.4|4179.6
2019-10-21|4071.6|4093.2|3938.172|3944.4
2019-10-22|3918|4038|3894.6|4032
2019-10-23|4254|4344|4162.2|4269.6
2019-10-24|4088.4|4123.2|3952.8|3956.4
2019-10-25|3942|3942|3704.4|3715.2
2019-10-28|3643.2|3643.2|3505.2|3519.6
2019-10-29|3510|3622.872|3432|3614.4
2019-10-30|3555.6|3693.6|3540|3612
2019-10-31|3652.8|3816|3646.8|3676.8
2019-11-01|3585.6|3618|3426|3426
2019-11-04|3307.2|3308.4|3183.612|3200.4
2019-11-05|3176.4|3219.6|3110.4|3181.2
2019-11-06|3202.8|3349.2|3199.2|3258
2019-11-07|3108|3238.8|3086.4|3188.4
2019-11-08|3234|3288|3140.4|3142.8
2019-11-11|3228|3261.6|3170.4|3192
2019-11-12|3147.6|3206.388|3092.4|3164.4
2019-11-13|3230.4|3262.8|3133.2|3165.6
2019-11-14|3192|3261.252|3180|3192
2019-11-15|3082.8|3148.8|3025.716|3109.2
2019-11-18|3103.2|3176.4|3066|3130.8
2019-11-19|3085.2|3225.36|3068.4|3176.4
2019-11-20|3223.2|3356.4|3169.2|3289.2
2019-11-21|3320.4|3434.4|3301.2|3393.6
2019-11-22|3354|3426|3308.4|3399.6
2019-11-25|3312|3312|3144|3146.4
2019-11-26|3157.2|3231.984|3157.2|3193.2
2019-11-27|3148.8|3168|3121.2|3124.8
2019-11-29|3166.8|3235.968|3160.8|3225.6
2019-12-02|3219.6|3386.4|3200.4|3369.6
2019-12-03|3578.4|3639.6|3519.6|3525.6
2019-12-04|3375.6|3399.024|3319.2|3360
2019-12-05|3301.2|3362.4|3266.4|3320.4
2019-12-06|3200.4|3211.2|3142.8|3165.6
2019-12-09|3166.8|3217.2|3138|3216
2019-12-10|3177.6|3218.4|3111.6|3183.6
2019-12-11|3146.4|3152.4|2964|2972.4
2019-12-12|2976|2989.2|2721.6|2733.6
2019-12-13|2738.4|2810.664|2649.6|2778
2019-12-16|2682|2698.8|2620.272|2696.4
2019-12-17|2662.8|2701.2|2641.2|2661.6
2019-12-18|2654.4|2691.192|2638.8|2666.4
2019-12-19|2640|2670|2599.2|2600.4
2019-12-20|2562|2578.8|2506.68|2517.6
2019-12-23|2455.2|2503.2|2454|2494.8
2019-12-24|2486.4|2520|2475.6|2475.6
2019-12-26|2455.2|2499.6|2455.2|2467.2
2019-12-27|2439.6|2512.8|2439.6|2492.4
2019-12-30|2502|2602.8|2502|2548.8
2019-12-31|2580|2589.372|2521.2|2530.8
2020-01-02|2431.2|2468.4|2371.2|2373.6
2020-01-03|2480.4|2516.4|2440.8|2502
2020-01-06|2589.6|2632.8|2556|2576.4
2020-01-07|2508|2536.8|2408.4|2446.8
2020-01-08|2443.2|2479.2|2397|2442
2020-01-09|2358|2470.8|2349.6|2397.6
2020-01-10|2367.6|2463.6|2364.372|2446.8
2020-01-13|2392.8|2422.788|2346|2352
2020-01-14|2349.6|2380.8|2283.6|2337.6
2020-01-15|2347.2|2444.988|2337.6|2420.4
2020-01-16|2361.6|2365.92|2299.2|2301.6
2020-01-17|2274|2307.588|2251.788|2256
2020-01-21|2280|2284.8|2232|2260.8
2020-01-22|2214|2224.8|2132.4|2205.6
2020-01-23|2181.6|2245.5|2151.6|2152.8
2020-01-24|2074.8|2272.8|2054.4|2227.2
2020-01-27|2419.2|2495.82|2401.2|2485.2
2020-01-28|2386.8|2444.4|2282.4|2306.4
2020-01-29|2340|2439.72|2316|2434.8
2020-01-30|2487.6|2583.612|2418|2440.8
2020-01-31|2491.2|2735.22|2491.2|2702.4
2020-02-03|2666.4|2683.2|2589.6|2605.2
2020-02-04|2401.2|2442|2352|2359.2
2020-02-05|2228.4|2307.6|2190.252|2204.4
2020-02-06|2200.8|2283.6|2194.8|2200.8
2020-02-07|2271.6|2362.8|2264.4|2361.6
2020-02-10|2424|2424|2252.4|2253.6
2020-02-11|2192.4|2192.4|2080.8|2114.4
2020-02-12|2052|2054.4|2012.4|2023.2
2020-02-13|2078.4|2080.8|1975.524|2020.8
2020-02-14|1980|2067.6|1950|2031.6
2020-02-18|2144.4|2158.8|2104.8|2118
2020-02-19|2028|2035.2|1944|1952.4
2020-02-20|1980|2128.8|1957.2|2038.8
2020-02-21|2082|2246.4|2075.616|2223.6
2020-02-24|2532|2580|2443.2|2539.2
2020-02-25|2432.4|2812.8|2430|2774.4
2020-02-26|2692.8|2810.4|2570.4|2750.4
2020-02-27|3004.8|3154.8|2838|3136.8
2020-02-28|3471.6|3484.8|2860.8|2913.6
2020-03-02|2742|3058.8|2620.32|2622
2020-03-03|2604|2950.8|2478|2892
2020-03-04|2692.8|2834.4|2460|2461.2
2020-03-05|2649.6|2737.2|2493.6|2679.6
2020-03-06|2922|3040.8|2775.6|2844
2020-03-09|3452.4|3566.4|3151.2|3566.4
2020-03-10|3129.6|3545.472|2888.4|2888.4
2020-03-11|3160.8|3462|3042|3384
2020-03-12|4056|4500|3670.8|4500
2020-03-13|3577.2|4488|3012|3012
2020-03-16|4078.8|4440|3565.2|4405.2
2020-03-17|4122|4620|3085.2|3154.8
2020-03-18|3884.4|4376.4|3463.2|3920.4
2020-03-19|4150.8|4360.8|3180|3547.2
2020-03-20|3170.4|3854.4|2976|3853.2
2020-03-23|3626.4|4007.988|3253.2|3504
2020-03-24|2925.6|2939.964|2310|2341.2
2020-03-25|2256|2505.6|2036.4|2388
2020-03-26|2221.2|2277.6|1920|1922.4
2020-03-27|2114.4|2209.2|2008.2|2193.6
2020-03-30|2120.4|2172|1950|1954.8
2020-03-31|1963.14|2126.4|1861.2|2084.4
2020-04-01|2280|2478|2133.6|2419.2
2020-04-02|2460|2481.684|2181.6|2190
2020-04-03|2217.6|2401.836|2121.6|2314.8
2020-04-06|2028|2040|1590|1615.2
2020-04-07|1428|1626|1425.06|1623.6
2020-04-08|1536|1608|1441.2|1460.4
2020-04-09|1398|1593.72|1368|1551.6
2020-04-13|1561.2|1604.4|1482|1490.4
2020-04-14|1392|1399.2|1293.6|1297.2
2020-04-15|1371.6|1442.4|1371.6|1395.6
2020-04-16|1336.8|1388.4|1280.4|1292.4
2020-04-17|1215.6|1307.988|1212|1260
2020-04-20|1309.2|1344|1260|1340.4
2020-04-21|1410|1551.6|1380|1536
2020-04-22|1396.8|1413.552|1254|1268.4
2020-04-23|1260|1314|1222.812|1302
2020-04-24|1300.8|1335.6|1209.6|1216.8
2020-04-27|1168.8|1185.6|1132.8|1167.6
2020-04-28|1105.2|1190.4|1084.8|1189.2
2020-04-29|1129.2|1130.4|1003.2|1014
2020-04-30|1034.4|1128|1033.2|1122
2020-05-01|1204.8|1303.2|1192.8|1291.2
2020-05-04|1332|1339.152|1248|1254
2020-05-05|1179.6|1214.388|1118.412|1189.2
2020-05-06|1155.6|1158|1098|1149.6
2020-05-07|1084.8|1132.8|1072.8|1114.8
2020-05-08|1083.6|1092|1014|1015.2
2020-05-11|1047.6|1051.2|991.2|1017.6
2020-05-12|1000.8|1104|988.8|1101.6
2020-05-13|1082.4|1213.2|1068.6|1166.4
2020-05-14|1192.8|1251.6|1066.872|1069.2
2020-05-15|1173.6|1196.4|1125.6|1136.4
2020-05-18|1056|1056.12|962.4|974.4
2020-05-19|982.8|990|924|987.6
2020-05-20|930|930|864|877.2
2020-05-21|874.8|948|874.8|944.4
2020-05-22|938.4|976.8|925.8|927.6
2020-05-26|855.6|906|842.4|901.2
2020-05-27|889.2|970.8|860.4|861.6
2020-05-28|877.2|930|844.8|918
2020-05-29|907.2|915|837.6|844.8
2020-06-01|864|879.6|847.2|858
2020-06-02|852|863.76|801.6|802.8
2020-06-03|772.8|772.8|722.4|733.2
2020-06-04|741.6|748.8|696|712.8
2020-06-05|664.8|667.2|630|656.4
2020-06-08|645.6|684|645.6|662.4
2020-06-09|685.2|693.6|655.2|662.4
2020-06-10|649.2|663.6|636|657.6
2020-06-11|704.4|782.4|698.4|781.2
2020-06-12|711.6|800.4|700.2|747.6
2020-06-15|804|805.2|714|715.2
2020-06-16|654|715.2|642|676.8
2020-06-17|664.8|672|641.088|657.6
2020-06-18|667.2|672.6|652.8|662.4
2020-06-19|639.6|678|632.4|673.2
2020-06-22|675.6|693.6|652.8|657.6
2020-06-23|645.6|654|630|650.4
2020-06-24|662.4|709.2|651|693.6
2020-06-25|698.4|728.4|674.4|678
2020-06-26|682.8|721.872|673.2|715.2
2020-06-29|716.4|742.8|693|693.6
2020-06-30|684|684|631.2|638.4
2020-07-01|637.2|664.8|636|663.6
2020-07-02|636|645.6|619.2|638.4
2020-07-06|606|606|580.8|585.6
2020-07-07|595.2|612|580.8|609.6
2020-07-08|594|608.676|582|583.2
2020-07-09|578.4|602.4|549.6|558
2020-07-10|565.2|582|554.4|564
2020-07-13|541.2|597|523.08|595.2
2020-07-14|604.8|630|559.2|561.6
2020-07-15|550.8|593.4|550.2|566.4
2020-07-16|585.6|594|567.6|573.6
2020-07-17|565.2|573.6|558|562.8
2020-07-20|562.8|572.4|525.612|530.4
2020-07-21|520.8|546|517.2|541.2
2020-07-22|535.2|547.2|520.8|531.6
2020-07-23|532.8|572.4|519.6|558
2020-07-24|586.8|609.6|560.4|586.8
2020-07-27|562.8|562.8|528|528
2020-07-28|538.8|562.8|538.8|559.2
2020-07-29|541.2|546|517.2|524.4
2020-07-30|529.2|529.2|492|492
2020-07-31|486|522|486|500.4
2020-08-03|489.6|490.8|468|471.6
2020-08-04|474|474|450|450
2020-08-05|451.2|462|446.4|451.2
2020-08-06|453.6|466.8|451.2|453.6
2020-08-07|457.2|484.8|449.988|468
2020-08-10|464.4|488.4|462|468
2020-08-11|470.4|487.2|454.956|484.8
2020-08-12|469.2|475.2|433.2|434.4
2020-08-13|434.4|454.8|433.2|448.8
2020-08-14|444|453.6|433.2|448.8
2020-08-17|441.6|441.6|427.2|433.2
2020-08-18|428.4|444.6|425.076|441.6
2020-08-19|439.2|452.4|436.8|450
2020-08-20|466.8|470.4|453.6|460.8
2020-08-21|460.8|468.552|450|451.2
2020-08-24|436.8|447.6|432|436.8
2020-08-25|436.8|436.8|423.6|423.6
2020-08-26|421.2|427.02|415.212|420
2020-08-27|418.8|442.8|414|435.6
2020-08-28|431.4|434.6|409.7|409.8
2020-08-31|410|420.8|402.25|411.5
2020-09-01|405|409.4|387.3|387.3
2020-09-02|370.7|381.3|347.855|353.6
2020-09-03|368.8|420.222|368.8|414.8
2020-09-04|424|469.8|404.5|427.3
2020-09-08|473.5|487|448.1|486
2020-09-09|450|468.5|432.6|444.1
2020-09-10|430.1|471.099|423.8|463.8
2020-09-11|452.3|479.3|438.383|464
2020-09-14|435.6|446.7|426.724|435.6
2020-09-15|417.9|420.38|404.099|412.2
2020-09-16|406.3|426.3|402.8|425
2020-09-17|456.3|460.5|422.6|426.6
2020-09-18|418|461.295|416.1|445.6
2020-09-21|473.4|481.462|447.7|448.6
2020-09-22|437.8|462.2|431.216|432.4
2020-09-23|433|467.9|425.961|463.7
2020-09-24|474|474.8|431.8|451.4
2020-09-25|448.3|468.8|428|431.4
2020-09-28|415.1|422.7|395.5|395.5
2020-09-29|397.4|398.2|382.8|392.8
2020-09-30|395.1|398.4|380|392.1
2020-10-01|377|381.275|364.1|367.3
2020-10-02|393.9|401.2|377.3|401.1
2020-10-05|388.6|388.7|360.9|360.9
2020-10-06|362.4|371.199|341.1|366.6
2020-10-07|351.8|351.8|342.2|344.4
2020-10-08|336.4|339.567|330.4|332
2020-10-09|320.1|322|312.2|314.8
2020-10-12|303.2|307.419|296.071|300.1
2020-10-13|299.7|306.6|294.8|301.6
2020-10-14|298.9|311.448|296|306.2
2020-10-15|321.9|325.1|306.7|309
2020-10-16|300.4|313.5|300.4|312.9
2020-10-19|305.7|321.2|300|318.2
2020-10-20|313.2|321.4|310.61|318.9
2020-10-21|318.2|326.1|315.2|326.1
2020-10-22|323.6|336.9|319.9|324.4
2020-10-23|326.9|338|326.9|329.6
2020-10-26|336.8|362.4|333.128|350.5
2020-10-27|343.4|357.8|339.66|354.4
2020-10-28|370.5|390.5|370.5|390.5
2020-10-29|387|389.9|346.512|358.3
2020-10-30|369.35|386.7|363.2|373.5
2020-11-02|362.5|378.5|357|367.7
2020-11-03|359.2|359.2|338.199|346.4
2020-11-04|325.1|338|305.804|310.3
2020-11-05|285.1|285.1|267.3|268.7
2020-11-06|272.6|273.8|253.392|255.7
2020-11-09|239.9|265.8|232.305|265
2020-11-10|271.3|290.7|268.5|289.3
2020-11-11|276.2|276.2|256.1|257.6
2020-11-12|257.5|270.9|254.15|267
2020-11-13|257.4|262.6|250.2|257
2020-11-16|251.5|252.8|237.75|237.8
2020-11-17|240.4|249.2|240.1|244
2020-11-18|242.4|249.5|237.2|249.3
2020-11-19|251|255.2|237.2|237.9
2020-11-20|237.3|242|231.719|241.2
2020-11-23|237.5|240.2|228.157|230.2
2020-11-24|225.5|237.362|225.5|226.5
2020-11-25|227|231.592|223.2|228.9
2020-11-27|225.5|225.5|216.3|220.8
2020-11-30|219.9|227.56|211.7|211.7
2020-12-01|207.1|209.2|198|201.4
2020-12-02|203.9|204.4|197.092|200
2020-12-03|197.1|200.4|193.192|199.6
2020-12-04|196.7|197.8|182.6|182.6
2020-12-07|180.5|185.5|179.7|180.3
2020-12-08|181.7|183.322|176.2|178.1
2020-12-09|179.45|196.7|176.8|193.5
2020-12-10|198.7|200.6|189.3|194.2
2020-12-11|198|206.3|195.692|199.6
2020-12-14|194.7|195.4|189.5|192.8
2020-12-15|185.6|189.3|183|184.6
2020-12-16|183.2|189.3|183|184.9
2020-12-17|182|186.2|181.4|183.8
2020-12-18|183.3|189.9|182|186.5
2020-12-21|194|198.6|188.9|189.9
2020-12-22|187.1|195|187.1|190.3
2020-12-23|189.3|195|188.3|195
2020-12-24|193.2|193.2|188.9|189.3
2020-12-28|182.6|190.7|182.284|189.9
2020-12-29|186.9|197.7|186.9|191.3
2020-12-30|189.5|189.5|180.8|181.7
2020-12-31|181.2|185.1|179.1|179.4
2021-01-04|176.8|186.104|164.8|181.7
2021-01-05|183.15|183.2|171.3|171.3
2021-01-06|177|177.477|162.5|172.8
2021-01-07|165.4|165.4|151.9|153.4
2021-01-08|147.8|158.235|144.4|153
2021-01-11|157.7|157.7|144.3|148
2021-01-12|146.3|149.308|141.1|144.9
2021-01-13|142|146.6|140.5|144.6
2021-01-14|140|140|130.4|135.4
2021-01-15|135.8|145.9|135.7|143.4
2021-01-19|137.5|137.6|128.6|129
2021-01-20|124.6|131.275|123.4|130.2
2021-01-21|126.7|130.753|122.9|124.2
2021-01-22|127.5|131.1|126.011|130.9
2021-01-25|127.6|137.9|126.6|130.4
2021-01-26|130.1|136.7|130.1|136.5
2021-01-27|143.5|159.6|143.5|157.5
2021-01-28|148.8|152.3|140.5|147.8
2021-01-29|146|156.8|144.4|154.7
2021-02-01|147.3|149|135.608|136.7
2021-02-02|130.2|136.1|129.85|129.9
2021-02-03|129.1|138.5|127.7|138.3
2021-02-04|139.1|142.35|134.5|134.6
2021-02-05|132|138.2|131.9|137.7
2021-02-08|134.7|134.8|124.9|124.9
2021-02-09|126.9|128.3|123.5|126.5
2021-02-10|123.3|130.3|121|125.1
2021-02-11|122.7|122.7|112.4|112.5
2021-02-12|113.601|115.008|107.5|107.9
2021-02-16|104.4|107.9|103.1|106.4
2021-02-17|109|116.3|108.1|111.9
2021-02-18|116.6|119.6|113.8|115.3
2021-02-19|110.5|111|104.9|106.7
2021-02-22|111.3|119.9|108.9|118.8
2021-02-23|125.8|135.4|118.5|121
2021-02-24|123.7|126.8|109|109.1
2021-02-25|113.3|129.4|111|128.7
2021-02-26|122.9|129.6|115.8|119.3
2021-03-01|113.5|116.5|107.35|107.4
2021-03-02|106.5|117.7|106.5|117.4
2021-03-03|117.1|128.8|116.1|128.3
2021-03-04|129.2|152.2|127.6|147.1
2021-03-05|136.2|157.5|131.9|133
2021-03-08|133.4|155|132.1|154.5
2021-03-09|139|139.7|122.8|126.2
2021-03-10|119.3|133.15|119.3|132.9
2021-03-11|121.8|123.5|114|116.5
2021-03-12|123.15|125.39|119.55|120.2
2021-03-15|118.1|120.8|112|112
2021-03-16|108.6|110.1|102.75|108
2021-03-17|112.3|115|101.414|103.6
2021-03-18|108.2|117.2|107.7|116.9
2021-03-19|115.9|120.699|109.289|112.5
2021-03-22|108.4|109.6|101.25|105.1
2021-03-23|104.1|115.063|103.6|113.6
2021-03-24|108.2|118.45|106.5|118.3
2021-03-25|124.3|127.3|116.15|117.5
2021-03-26|117.3|117.8|100|100.3
2021-03-29|103.3|108.442|102|105.3
2021-03-30|107|109.484|105.05|106
2021-03-31|103|103.4|95.43|97.7
2021-04-01|92.85|92.9|86.901|87.1
2021-04-05|82.85|86|81.1|81.9
2021-04-06|83.3|86.985|81.8|84.4
2021-04-07|83.8|86.64|83.3|84.7
2021-04-08|82|84.15|81.5|81.8
2021-04-09|83.4|84.899|82.2|82.2
2021-04-12|83.5|87.3|83.5|85
2021-04-13|83.3|87.9|82.8|85.5
2021-04-14|86.2|89.8|84.111|88.6
2021-04-15|86|87.8|83.4|83.9
2021-04-16|84|85.699|83.5|85.2
2021-04-19|87.5|94.192|86.1|91.6
2021-04-20|93.6|97.381|91.6|95.9
2021-04-21|95.5|96.7|87.95|88
2021-04-22|88.65|95.5|88.3|94.2
2021-04-23|93|93.1|87.47|88.5
2021-04-26|88.6|88.8|83.45|84.2
2021-04-27|82.8|86.45|82.6|85.7
2021-04-28|87.1|89.9|86.9|89.5
2021-04-29|85.9|91.8|85.5|87.7
2021-04-30|91.6|95.8|90.15|95.2
2021-05-03|93|99.7|92.712|98.5
2021-05-04|101.9|108.4|101.6|103.1
2021-05-05|99.3|103.4|97.2|101.4
2021-05-06|101.8|105.15|98.5|98.9
2021-05-07|95.399|97.1|92.5|94.5
2021-05-10|96.6|107.6|96.6|107.6
2021-05-11|116.6|117.801|105.55|106.5
2021-05-12|112.9|120.8|111.4|120.1
2021-05-13|113.5|118.599|109.15|114.2
2021-05-14|109.6|113.2|101|104.2
2021-05-17|107.3|112.05|106.6|106.6
2021-05-18|104.5|109.7|103.25|109.6
2021-05-19|115.9|116.9|102.6|102.9
2021-05-20|100.7|101|93.6|94.7
2021-05-21|92.9|96.9|92.8|95.9
2021-05-24|93.6|93.9|87.6|89.4
2021-05-25|87.25|89.911|86.3|88.6
2021-05-26|87.9|90.1|86.5|87.7
2021-05-27|88.1|88.7|85.184|86.1
2021-05-28|85.5|86|82.9|84.1
2021-06-01|82.5|86.2|80.2|85.1
2021-06-02|84.7|85.8|82.2|83.1
2021-06-03|86|88.7|84.9|87.4
2021-06-04|84.9|85.1|80.6|81.3
2021-06-07|82.2|84.435|81.8|82.9
2021-06-08|80.9|86.3|80.6|84.4
2021-06-09|83.2|85.7|82.85|85.5
2021-06-10|85.2|85.85|81.6|82.5
2021-06-11|82.1|83.4|81.4|81.6
2021-06-14|81.1|82.384|78|78.1
2021-06-15|78.8|80.7|77.2|80.2
2021-06-16|79.1|84|78.4|81.8
2021-06-17|83|83|77.699|79.6
2021-06-18|81.4|86.5|80.9|85.2
2021-06-21|84.6|86.95|83.4|83.5
2021-06-22|84|85.099|82|82.4
2021-06-23|82.5|82.5|80.2|81.7
2021-06-24|79.5|79.6|76.9|77.4
2021-06-25|77.2|78.6|76.1|78.1
2021-06-28|76.5|76.5|71.4|72.3
2021-06-29|72.7|73.5|70.5|70.5
2021-06-30|70.9|72.1|70.412|70.7
2021-07-01|71.5|74.5|71.001|73.9
2021-07-02|72|74.3|71.8|72.5
2021-07-06|71.8|75.8|71.1|73
2021-07-07|71.6|77|71.4|76
2021-07-08|81.05|82.4|77.6|78.7
2021-07-09|78|79.7|74.401|74.7
2021-07-12|74|74.65|71.9|72
2021-07-13|72.8|73.95|71.9|73.2
2021-07-14|71.6|74.4|69.4|74
2021-07-15|74.5|80.291|74.4|78.7
2021-07-16|77.4|84.3|76.6|84.1
2021-07-19|87.7|88.7|83.51|84
2021-07-20|83.2|86|78.7|80.4
2021-07-21|79.6|79.8|73|73
2021-07-22|74.6|76.4|73.4|75.1
2021-07-23|73.6|76.35|73.2|73.4
2021-07-26|74.6|75.05|72.917|73.7
2021-07-27|74.5|82.1|74.5|77.7
2021-07-28|76.9|77.9|72.9|73.6
2021-07-29|73.6|73.6|69.1|69.7
2021-07-30|71.6|71.7|67.8|68.2
2021-08-02|66.9|67.299|64.2|66.9
2021-08-03|66.7|69.1|65.6|65.7
2021-08-04|65.7|65.7|62.516|63.5
2021-08-05|62.7|64.801|62.5|63.8
2021-08-06|64.9|65.185|63.7|64.5
2021-08-09|64|66.1|63.7|65.3
2021-08-10|64.8|68.9|64.6|67.5
2021-08-11|66.6|70.7|66.6|68.1
2021-08-12|69|72.1|69|70.4
2021-08-13|70.4|71|68.8|69
2021-08-16|69.9|71.4|69.1|69.8
2021-08-17|71.4|75.7|71.4|73.8
2021-08-18|74|77.3|73|77.2
2021-08-19|78|80|73.9|75.3
2021-08-20|74.7|76.4|73.2|73.6
2021-08-23|71.5|71.5|67.301|67.8
2021-08-24|67.1|68.1|66.5|67.5
2021-08-25|66.9|67|64.5|66.1
2021-08-26|66.5|67.5|65.101|66
2021-08-27|65.7|66|61.8|62.2
2021-08-30|61.3|62.4|59.9|61.6
2021-08-31|61.6|64.6|61.4|63
2021-09-01|62.2|64.1|62|64
2021-09-02|63.4|64.25|62.8|63.5
2021-09-03|63.6|63.9|61.3|62.1
2021-09-07|62.1|63.89|62|62.8
2021-09-08|63.75|66.8|63.3|65.1
2021-09-09|65.3|65.3|63.225|64.4
2021-09-10|63|63|59.9|62.8
2021-09-13|61|63.7|60.7|61.2
2021-09-14|60.6|62|59.6|60.9
2021-09-15|60.9|62.5|60|60.2
2021-09-16|61.2|62.1|59|59.7
2021-09-17|60.1|63.3|60.001|62.4
2021-09-20|66.2|69.8|65.7|67.1
2021-09-21|65.6|68.4|65|66.4
2021-09-22|65|65.7|61.9|62.3
2021-09-23|61.5|62.15|59.3|59.8
2021-09-24|61.4|61.5|59.7|60.1
2021-09-27|61.9|63.05|59.75|60.3
2021-09-28|63.5|67.6|62.8|67.4
2021-09-29|67.2|71.179|66.5|70.8
2021-09-30|69.1|70.899|67.4|70.8
2021-10-01|69.8|74.2|69.5|70.8
2021-10-04|72|76.814|71.7|76.2
2021-10-05|74.8|75.5|71.1|72.7
2021-10-06|75|75.9|71.7|72
2021-10-07|69.1|69.6|66.4|69.3
2021-10-08|68.5|71.684|68.3|71.2
2021-10-11|72.6|73|69.3|72.9
2021-10-12|71.3|76.6|71.2|75.4
2021-10-13|74.2|75.075|72.9|74.1
2021-10-14|70|70.9|67.5|67.5
2021-10-15|66|67.1|65.4|66
2021-10-18|67.4|68.4|64.4|64.4
2021-10-19|64.1|65|62.1|62.2
2021-10-20|62.7|63.3|61.779|62.6
2021-10-21|63.8|63.8|60.3|60.5
2021-10-22|61.6|62.9|59.6|62.6
2021-10-25|61.8|62.39|60.2|61.3
2021-10-26|59.8|61.8|59.2|61.2
2021-10-27|62.3|63.1|60.327|62.6
2021-10-28|60|60.3|58.1|58.1
2021-10-29|59.7|59.95|57.4|57.5
2021-11-01|57.35|57.6|54.6|54.8
2021-11-02|54.899|55|52.6|52.8
2021-11-03|52.5|53|50.5|50.8
2021-11-04|49.3|49.899|45|45.8
2021-11-05|44.7|45.5|43.1|44.2
2021-11-08|43.4|43.77|41.4|42.3
2021-11-09|41.05|43.7|40.9|42.3
2021-11-10|44.65|46.6|43|46
2021-11-11|43.7|44.8|42.8|43.1
2021-11-12|42.5|43.4|41.2|41.9
2021-11-15|41.1|43.2|40.8|41.8
2021-11-16|42.6|42.7|39.8|40.1
2021-11-17|40|41.5|40|40.9
2021-11-18|38.8|40|38.2|38.9
2021-11-19|38.95|39.4|37.7|38.4
2021-11-22|37.7|40.3|36.2|40.2
2021-11-23|40.5|42.7|39.4|40.5
2021-11-24|41.634|42.8|39.2|39.3
2021-11-26|41.5|43.4|40.301|42.5
2021-11-29|40.6|41.1|37.3|37.3
2021-11-30|38|40.5|37|39.4
2021-12-01|37.9|40.5|35.6|40.3
2021-12-02|41.6|42.6|39.4|40.3
2021-12-03|38.6|42|37.3|40.6
2021-12-06|41.08|44.55|40.3|40.7
2021-12-07|38|38.008|34.3|34.6
2021-12-08|35.05|36.37|35|35.2
2021-12-09|35.9|37.8|34.8|37.6
2021-12-10|35.6|38.05|35|36.6
2021-12-13|36.3|39.7|36.1|39.5
2021-12-14|40.9|41.6|39.4|39.9
2021-12-15|39.6|41.5|35.6|35.6
2021-12-16|35.3|40.952|35.05|40.5
2021-12-17|41.6|41.9|38.6|40.4
2021-12-20|42.3|42.9|40.6|41.3
2021-12-21|38.8|40.5|37|37.2
2021-12-22|37.75|38.2|36.2|36.2
2021-12-23|35.8|35.8|34.2|34.8
2021-12-27|34.5|34.5|32|32
2021-12-28|31.5|33.5|31.5|33
2021-12-29|33.2|33.5|32.222|33
2021-12-30|33|34.274|32.7|34.2
2021-12-31|34|34.3|33.2|34.2
2022-01-03|33.7|34|32.2|32.2
2022-01-04|31.9|34.9|31.2|32.6
2022-01-05|33.35|35.9|32.4|35.8
2022-01-06|36|37.099|34.5|34.9
2022-01-07|35.2|38.4|34.7|38
2022-01-10|39.3|41.9|37.7|37.8
2022-01-11|38.5|39.2|35.7|35.7
2022-01-12|34.8|36.2|34|35
2022-01-13|33.5|37.8|32.6|37.4
2022-01-14|38.4|38.48|34.7|34.8
2022-01-18|36.65|39.7|36.499|39.3
2022-01-19|38.6|43|37.7|42.9
2022-01-20|41.85|47.2|40.9|47.1
2022-01-21|47.6|49.7|43.9|49.5
2022-01-24|52.8|57.4|47.3|47.3
2022-01-25|51.4|53.75|49.5|53
2022-01-26|48.4|52.95|43.8|50.2
2022-01-27|48.6|57.68|48.6|57.2
2022-01-28|57.7|62.3|53.9|54
2022-01-31|53.001|53.999|45|45.1
2022-02-01|43.9|47.4|43.5|43.7
2022-02-02|41.3|43.276|40.3|40.5
2022-02-03|43.687|46.4|41.7|45.9
2022-02-04|46.8|48.4|43.8|45
2022-02-07|44.7|45.7|42.95|45
2022-02-08|45.8|45.95|41.4|42
2022-02-09|40.2|41.7|37.6|37.8
2022-02-10|40.35|41.8|36.9|41.3
2022-02-11|40.9|48.299|40|47.3
2022-02-14|46.9|49.2|44.4|47.3
2022-02-15|44.3|44.5|39.3|39.3
2022-02-16|40.7|41.9|39|39.4
2022-02-17|41|44|40.8|43.8
2022-02-18|43.6|47.1|43.2|45
2022-02-22|46.7|48.299|42.8|46.1
2022-02-23|44.5|49.8|43|49.5
2022-02-24|54.9|55.5|43.7|44
2022-02-25|43.7|45.8|41.8|41.9
2022-02-28|43.3|45|41.3|42.7
2022-03-01|42.9|48.45|42.248|47.1
2022-03-02|46.067|46.299|41.6|42.5
2022-03-03|41.7|46|41.7|45.2
2022-03-04|46.6|50.3|45.3|48.5
2022-03-07|48.2|56.1|47.35|55.9
2022-03-08|55|57.8|46.6|52.8
2022-03-09|47.7|49.4|45.05|46.3
2022-03-10|48.8|51.783|48.5|49.1
2022-03-11|46.9|52.5|46.6|52.2
2022-03-14|52.6|58.1|51.9|57
2022-03-15|55.3|56.7|49.1|49.6
2022-03-16|47.2|48.599|42.1|42.2
2022-03-17|43|44.2|41.1|41.2
2022-03-18|41.8|42.7|38.1|38.6
2022-03-21|38.9|40.9|37.9|38.8
2022-03-22|38.8|39.2|36.8|38.2
2022-03-23|39.317|41.1|37.8|41
2022-03-24|39.8|40.3|34.9|35
2022-03-25|34.9|36.9|34.6|34.9
2022-03-28|35.85|37.2|34.27|34.27
2022-03-29|32.62|34.03|31.73|31.97
2022-03-30|32.7|35.475|32.31|35
2022-03-31|35.13|37.62|34.55|37.44
2022-04-01|36.86|41.17|36.55|39.55
2022-04-04|39.18|39.67|37.42|37.69
2022-04-05|38.58|43.08|38.41|42.86
2022-04-06|45.57|47.04|43.68|45.85
2022-04-07|46.2|48.58|44.4|45.8
2022-04-08|46.82|49.31|46.7|49.08
2022-04-11|51.38|52.46|50.05|52.16
2022-04-12|49.06|53.4|47.55|52.77
2022-04-13|51.64|52.5|48.05|48.95
2022-04-14|48.24|53.39|48.16|53.25
2022-04-18|54.01|54.2|48.955|50.25
2022-04-19|51|51.7833|46.7757|47.02
2022-04-20|44.81|47.89|43.6103|47.42
2022-04-21|45.62|51.97|44|51.32
2022-04-22|51.83|54.88|50.55|54.68
2022-04-25|55.77|56.4699|51.72|51.92
2022-04-26|53.85|58.92|53.52|58.66
2022-04-27|60.96|61.05|55.33|59.72
2022-04-28|56.11|58.39|47.77|49.69
2022-04-29|52.26|56.53|49.02|56.23
2022-05-02|55.9101|57.24|50.2|50.41
2022-05-03|50.7|51.89|47.94|49.04
2022-05-04|48.01|52.63|43.18|43.38
2022-05-05|45.64|51.5484|45.52|49.47
2022-05-06|51.11|53.77|47.65|50.97
2022-05-09|54.3|59.63|52.49|58.81
2022-05-10|53.55|58.68|51.35|54.38
2022-05-11|56.24|59.96|52.16|59.5
2022-05-12|61.4|63.21|56.85|58.57
2022-05-13|55.15|56.31|48.1601|49.34
2022-05-16|50.89|52.18|49.31|51.72
2022-05-17|47.56|48.18|43.695|44.01
2022-05-18|46.1|51.16|44.4|50.58
2022-05-19|51.78|52.87|47.63|51.45
2022-05-20|48.64|58.53|48.51|51.75
2022-05-23|52.75|54.03|50.52|51.04
2022-05-24|53.16|56.48|52.87|54.88
2022-05-25|55.98|55.99|50.16|51.6
2022-05-26|52.9817|53.4999|45|45.59
2022-05-27|43.58|43.58|39.82|40.14
2022-05-31|40.32|42.5|39.5801|40.68
2022-06-01|39.95|44.2699|39.3548|42.66
2022-06-02|43.198|43.33|38.02|38.1
2022-06-03|40.57|42.02|39.95|41.38
2022-06-06|39.04|42.15|38.5|41.32
2022-06-07|42.93|43.74|39.96|40.21
2022-06-08|40.92|43.75|40.4315|43
2022-06-09|44.09|46.5|41.74|46.47
2022-06-10|48.82|51.75|47.63|51.55
2022-06-13|56.63|60.97|55.22|60.5
2022-06-14|58.49|61.57|57.5701|59.28
2022-06-15|57.12|60.45|53.14|56.03
2022-06-16|61.19|68.4399|61.04|66.44
2022-06-17|66.0199|70.26|64.11|65.63
2022-06-21|61.63|61.65|57.35|60.29
2022-06-22|63.334|63.82|59.63|62.29
2022-06-23|61.18|66.52|60.94|63.59
2022-06-24|60.45|61|55.15|55.19
2022-06-27|53.55|56.8|53.06|55.21
2022-06-28|54.58|59.83|52.5717|59.66
2022-06-29|61.99|65.98|61.83|63.85
2022-06-30|66.5|69.3|62.51|66.13
2022-07-01|70|75.88|68.5|73.44
2022-07-05|79.1604|80.3099|71.64|71.7
2022-07-06|71.58|73.78|68|70.48
2022-07-07|65.41|65.6362|60.02|61.01
2022-07-08|63.768|64.3413|58.95|60.06
2022-07-11|62.96|65.54|62.04|64.41
2022-07-12|62.95|65.2495|61.64|63.91
2022-07-13|67.88|68.22|61.18|62.56
2022-07-14|63.17|65.98|57.91|58.66
2022-07-15|56.06|58.89|54.31|54.38
2022-07-18|51.92|56.11|50.6|55.18
2022-07-19|52.47|52.95|46.83|47.82
2022-07-20|47.97|48.81|43.39|43.88
2022-07-21|43.37|45.3|41.8385|41.95
2022-07-22|42.4|46.17|42.27|45.16
2022-07-25|46.1|48.155|45.78|46.04
2022-07-26|46.87|48.72|46.11|48.33
2022-07-27|45.66|46.04|40.3401|41.56
2022-07-28|41.35|43.98|39.74|40.04
2022-07-29|41.69|42.183|38.75|39.08
2022-08-01|39.93|40.69|37.571|38.71
2022-08-02|39.9|40.48|37.0501|38.89
2022-08-03|38.79|38.99|35.381|35.71
2022-08-04|35.88|36.2381|34.5287|34.78
2022-08-05|36.63|37.2|34.8|35.65
2022-08-08|37.23|38.95|35.96|37.38
2022-08-09|39.85|43.96|39.75|42.54
2022-08-10|39.09|40.78|36.89|37.05
2022-08-11|36.14|37.51|34|37.36
2022-08-12|36.4201|36.95|33.69|33.92
2022-08-15|34.53|35.14|33.321|33.58
2022-08-16|34.1065|35.759|33.69|34.62
2022-08-17|36.16|38.6|36.0975|37.25
2022-08-18|36.92|37.32|33.76|34.62
2022-08-19|35.99|37.97|35.5105|37.49
2022-08-22|39.71|42.1999|39.5|41.72
2022-08-23|41.64|41.87|39.1|40.83
2022-08-24|41.05|42.22|40.28|40.75
2022-08-25|40.68|40.68|36.11|36.11
2022-08-26|36.44|42.575|36.2|42.49
2022-08-29|43.828|45.2|42.26|44.99
2022-08-30|43.63|48.18|43.4|46.72
2022-08-31|45.91|49.2599|45.91|48.11
2022-09-01|51.53|55.16|50.7|50.9
2022-09-02|48.44|53.11|47.31|52.47
2022-09-06|52.0181|55.45|51.54|54.05
2022-09-07|53.83|54.86|50.1|51.42
2022-09-08|52.84|53.99|48.34|48.76
2022-09-09|46.7537|46.97|44.66|45.27
2022-09-12|44.76|46.4|44.08|44.78
2022-09-13|49.88|53.56|48.83|53.14
2022-09-14|52.24|53.73|50.18|51.2
2022-09-15|52.33|54.9283|50.52|53.69
2022-09-16|55.44|56.919|52.75|52.89
2022-09-19|54.95|55.09|51.2886|52.01
2022-09-20|53.6|55.41|52.83|54.39
2022-09-21|53.95|55.75|48.61|55.67
2022-09-22|56.818|61.37|56.1|60.44
2022-09-23|62.9|66.1|62.09|63
2022-09-26|63.59|66.05|60.57|65.77
2022-09-27|62.37|66.8|60.63|63.71
2022-09-28|65.44|66.25|60.39|61.25
2022-09-29|64.46|69.76|64.11|67.09
2022-09-30|69.708|70.73|64.37|70.73
2022-10-03|67.85|69.565|60.58|62.71
2022-10-04|57.39|57.499|53.99|54.2
2022-10-05|56.82|58.3|51.275|52.72
2022-10-06|52.78|54.1|50.1|53.72
2022-10-07|58.358|64.12|57.87|63.21
2022-10-10|63.83|72.25|63.66|69.73
2022-10-11|73.1913|78.365|71.4|75.59
2022-10-12|75.7|78.64|74.651|77.72
2022-10-13|87.29|89.59|66.52|70.63
2022-10-14|68.2|80.6|68.15|80.05
2022-10-17|73.62|76.7669|71.35|75.25
2022-10-18|68.0199|78.04|66.2501|74.27
2022-10-19|75.63|76.5|70.5|72.44
2022-10-20|71.57|72.55|64.6|71.16
2022-10-21|72.038|72.81|62.865|63.5
2022-10-24|62.87|67.03|61.67|62.29
2022-10-25|61.762|62.1|56.98|58.39
2022-10-26|61.76|62.82|55.89|60.12
2022-10-27|59.03|63.48|57.15|63.28
2022-10-28|63.01|63.5|55.5657|55.81
2022-10-31|57.14|60.32|56.85|59.39
2022-11-01|56|59.17|55.28|58.05
2022-11-02|57.03|63.84|53.89|63.58
2022-11-03|67.168|69.09|63.231|66.23
2022-11-04|59.3692|61.8099|56.5601|56.82
2022-11-07|55.26|57.64|52.5467|53.06
2022-11-08|50.34|53.06|47.8|49.91
2022-11-09|52.0901|54.78|51.68|54.61
2022-11-10|45.172|46.6|37.11|37.77
2022-11-11|36.9093|38.265|33.4001|33.89
2022-11-14|34.64|35.22|33.23|35.07
2022-11-15|30.898|33.62|30.55|32
2022-11-16|34.28|36.69|34.14|36.17
2022-11-17|38.52|38.58|34.73|35.16
2022-11-18|33.562|36.19|33.39|34.97
2022-11-21|36.17|37.11|35.82|36.73
2022-11-22|35.96|36.79|33.41|33.44
2022-11-23|33.5|33.65|31.31|32.37
2022-11-25|32.73|33.63|32.59|33.63
2022-11-28|34.88|36.86|33.82|36.28
2022-11-29|35.98|37.27|35.2|36.53
2022-11-30|36.268|37.23|29.95|30.01
2022-12-01|29.49|31.92|29.38|30.71
2022-12-02|33.05|33.47|31.57|31.79
2022-12-05|32.348|33.81|31.4607|32.86
2022-12-06|32.9|36.03|32.85|35.15
2022-12-07|36.14|36.3041|34.51|35.16
2022-12-08|34.6107|35.3599|32.15|32.3
2022-12-09|32.74|33.54|31.48|33.23
2022-12-12|33.6|34.2|31.31|31.32
2022-12-13|27.2|31|26.8|29.79
2022-12-14|30.03|32.19|28.955|31.18
2022-12-15|33.128|35.26|32.7|35.06
2022-12-16|35.67|37.01|34.8|35.97
2022-12-19|35.92|38.39|35.8268|37.35
2022-12-20|38.63|38.92|36.87|37.96
2022-12-21|37.318|37.4286|34.97|35.29
2022-12-22|37.21|41.79|37.21|39.7
2022-12-23|40.7|41.97|39.575|39.66
2022-12-27|40.48|42.32|40.45|41.86
2022-12-28|42.58|44.14|41.04|43.6
2022-12-29|41.55|41.99|38.84|39.3
2022-12-30|41.208|42.0593|39.445|39.51
2023-01-03|37.5|41.5|37.4|40.89
2023-01-04|38.61|39.9|36.88|37.56
2023-01-05|38.701|39.73|37.97|39.63
2023-01-06|38.08|39.6|33.37|34.09
2023-01-09|32.14|32.85|29.8|32.11
2023-01-10|32.53|32.995|30.8|30.87
2023-01-11|30.84|31.66|29.68|29.71
2023-01-12|29.31|31.1304|28.12|28.74
2023-01-13|29.76|29.98|28.35|28.45
2023-01-17|28.61|29.08|27.41|28.19
2023-01-18|27.39|28.75|26.73|28.71
2023-01-19|29.519|31.44|29.42|31.15
2023-01-20|30.25|31.14|28.18|28.28
2023-01-23|27.49|27.61|23.73|24.05
2023-01-24|24.83|24.98|23.88|24.48
2023-01-25|25.77|26.42|24.2109|24.3
2023-01-26|23.541|24.76|23.08|23.17
2023-01-27|24.37|24.55|23.01|23.62
2023-01-30|24.58|25.56|24.17|25.4
2023-01-31|25.73|25.73|24.05|24.07
2023-02-01|23.77|23.8|19.56|20.31
2023-02-02|19.71|20.31|18.41|18.99
2023-02-03|20.19|20.38|18.76|20.02
2023-02-06|20.98|21.305|20.11|21
2023-02-07|20.86|20.97|18.718|19
2023-02-08|19.36|20.38|18.94|20.22
2023-02-09|19.19|20.58|18.5|20.08
2023-02-10|20.75|21.75|20.572|21.09
2023-02-13|20.83|21.39|19.98|20.19
2023-02-14|20.69|21.18|18.88|19.07
2023-02-15|19.71|20.12|18.8399|18.85
2023-02-16|19.85|20.355|19.29|20.23
2023-02-17|20.63|21.8|20.45|21.21
2023-02-21|22.22|23.44|21.5|23.3
2023-02-22|23.12|24.0899|22.6|23.65
2023-02-23|21.32|22.78|21|21.31
2023-02-24|22.53|22.9901|22.18|22.43
2023-02-27|21.47|22.18|21.38|22.09
2023-02-28|22.32|22.48|21.02|21.94
2023-03-01|21.75|22.22|21.13|21.88
2023-03-02|22.92|23.46|21.09|21.4
2023-03-03|21.38|21.96|20.38|20.47
2023-03-06|20.3|21.326|19.75|21.15
2023-03-07|21.14|22.115|20.815|21.85
2023-03-08|21.57|21.59|20.04|20.12
2023-03-09|20.24|21.435|19.24|21.32
2023-03-10|21.02|22.88|20.82|22.52
2023-03-13|23.2401|23.98|21.73|22.58
2023-03-14|21.4|21.7497|20.1701|20.52
2023-03-15|21.49|22.62|21.17|21.3
2023-03-16|21.63|21.9185|18.7|18.85
2023-03-17|18.77|19.51|18.3|19.14
2023-03-20|19.12|19.5801|18.39|18.53
2023-03-21|17.94|19.14|17.36|18.32
2023-03-22|18.3|18.83|16.84|18.81
2023-03-23|17.9|18.35|16.55|17.3
2023-03-24|17.73|18.7712|17.61|18.2
2023-03-27|18.05|19.09|17.87|18.9
2023-03-28|19.05|20.2|19.02|19.32
2023-03-29|18.44|18.49|17.05|17.45
2023-03-30|16.84|17|16.32|16.65
2023-03-31|17|17.12|16.27|16.28
2023-04-03|16.64|17.36|16.44|16.75
2023-04-04|16.7|17.98|16.6609|17.7
2023-04-05|18.3|19.22|18.23|18.67
2023-04-06|19.23|19.64|18.55|18.94
2023-04-10|19.49|19.59|17.93|17.99
2023-04-11|17.66|18.369|17.63|18.29
2023-04-12|17.75|19.32|17.67|19.25
2023-04-13|19.18|19.62|18.47|18.82
2023-04-14|18.88|19.53|18.21|18.9
2023-04-17|19.55|19.71|18.885|18.93
2023-04-18|18.42|19.15|18|18.65
2023-04-19|19.39|19.67|19.17|19.3
2023-04-20|19.93|19.97|18.51|19.35
2023-04-21|19.58|20.34|19.57|19.8
2023-04-24|19.95|20.51|19.6|20.1
2023-04-25|20.47|22.1689|20.46|22.15
2023-04-26|21.42|22.14|21.12|21.76
2023-04-27|22|23.22|21.46|21.53
2023-04-28|21.31|21.55|20.4|20.42
2023-05-01|20.14|20.335|19.67|19.85
2023-05-02|19.85|20.87|19.52|20.3
2023-05-03|20.6|21.04|19.89|20.99
2023-05-04|21.53|21.95|20.75|21.37
2023-05-05|21.33|21.65|19.69|19.98
2023-05-08|20.03|20.54|19.68|19.72
2023-05-09|20.56|20.98|20.48|20.74
2023-05-10|20.05|20.75|19.67|20.12
2023-05-11|20.1|21.0999|19.9992|20.51
2023-05-12|20.35|21.21|20.07|20.54
2023-05-15|20.47|20.65|18.93|18.95
2023-05-16|19.16|19.17|18.4|19.04
2023-05-17|18.52|18.95|17.42|17.66
2023-05-18|17.44|17.48|15.88|15.98
2023-05-19|16.098|16.55|16.035|16.25
2023-05-22|16.6999|16.738|15.95|16.09
2023-05-23|16.42|16.8|16.11|16.69
2023-05-24|17.7|18.11|17.36|17.57
2023-05-25|15.23|15.81|13.9|14.1
2023-05-26|13.5|13.51|11.13|11.35
2023-05-30|10.56|10.8|10.435|10.54
2023-05-31|11.97|12.28|11.49|12.25
2023-06-01|12.06|12.43|11.32|11.66
2023-06-02|11.37|12|11.28|11.72
2023-06-05|11.9|12.47|11.85|12.3
2023-06-06|12.56|12.62|11.66|11.86
2023-06-07|11.64|11.99|11.1113|11.9
2023-06-08|11.84|12.01|11.46|11.56
2023-06-09|11.17|11.67|10.94|11.48
2023-06-12|11.08|11.128|10.33|10.38
2023-06-13|9.88|10.32|9.75|9.95
2023-06-14|10.07|10.26|9.52|9.55
2023-06-15|9.87|9.99|9.57|9.8
2023-06-16|9.49|10.11|9.48|10.1
2023-06-20|10.228|10.585|9.95|10.31
2023-06-21|10.39|10.99|10.24|10.95
2023-06-22|11.22|11.24|10.67|10.77
2023-06-23|11.34|11.55|11.2|11.39
2023-06-26|11.17|11.29|10.63|11.27
2023-06-27|11.17|11.32|10.05|10.11
2023-06-28|10.61|10.635|10.08|10.39
2023-06-29|10.22|10.62|10.2|10.31
2023-06-30|10.04|10.14|9.75|9.87
2023-07-03|9.74|9.96|9.54|9.62
2023-07-05|9.84|10.27|9.7601|10.26
2023-07-06|10.81|11.06|10.61|10.64
2023-07-07|10.59|10.71|10.15|10.64
2023-07-10|10.57|10.6|9.96|9.99
2023-07-11|9.88|10.45|9.85|9.98
2023-07-12|9.57|9.75|9.39|9.45
2023-07-13|9.17|9.27|8.81|8.87
2023-07-14|8.87|9.325|8.63|9.19
2023-07-17|9.2|9.38|8.41|8.55
2023-07-18|8.68|8.87|8.42|8.51
2023-07-19|8.47|8.89|8.47|8.81
2023-07-20|9.3|9.9245|9.21|9.79
2023-07-21|9.49|9.71|9.26|9.52
2023-07-24|9.53|9.69|9.33|9.53
2023-07-25|9.39|9.39|8.89|9.05
2023-07-26|9.39|9.73|9.2101|9.45
2023-07-27|8.73|9.08|8.32|8.9
2023-07-28|8.4|8.68|8.25|8.35
2023-07-31|8.27|8.41|8.17|8.25
2023-08-01|8.44|8.55|8.18|8.22
2023-08-02|8.55|9.32|8.54|9.17
2023-08-03|9.55|9.6155|9.05|9.25
2023-08-04|9.36|9.63|8.93|9.32
2023-08-07|9.11|9.29|8.99|9.01
2023-08-08|9.45|9.82|9.42|9.47
2023-08-09|9.49|10.04|9.465|9.98
2023-08-10|9.75|10.3299|9.42|10.13
2023-08-11|10.51|10.92|10.48|10.84
2023-08-14|11.01|11.105|9.93|9.93
2023-08-15|10.06|10.47|9.98|10.44
2023-08-16|10.48|11.07|10.44|11.05
2023-08-17|10.99|11.48|10.92|11.38
2023-08-18|11.76|11.84|11.08|11.2
2023-08-21|11.03|11.105|10.19|10.26
2023-08-22|9.88|10.64|9.8314|10.52
2023-08-23|10.72|10.75|9.76|9.9
2023-08-24|9.35|10.94|9.33|10.89
2023-08-25|10.9|11.4|10.46|10.72
2023-08-28|10.42|10.67|10.24|10.33
2023-08-29|10.49|10.55|9.42|9.53
2023-08-30|9.6|9.82|9.27|9.4
2023-08-31|9.5|9.52|9.05|9.21
2023-09-01|9.03|9.36|8.97|9.14
2023-09-05|9.27|9.41|8.95|9.16
2023-09-06|9.23|9.69|9.06|9.37
2023-09-07|10.03|10.38|9.94|10.02
2023-09-08|10.09|10.32|9.88|10.19
2023-09-11|9.84|10.63|9.81|10.21
2023-09-12|10.44|10.51|9.96|10.46
2023-09-13|10.5|10.54|10|10.29
2023-09-14|10.01|10.41|9.98|10.1
2023-09-15|10.31|11.15|10.3017|10.99
2023-09-18|11.27|11.33|10.76|10.89
2023-09-19|10.82|11.19|10.79|11
2023-09-20|10.86|11.57|10.73|11.57
2023-09-21|12|12.23|11.7601|12.2
2023-09-22|11.88|12.065|11.55|11.9
2023-09-25|12.08|12.255|11.62|11.67
2023-09-26|11.98|12.455|11.86|12.28
2023-09-27|11.99|12.54|11.695|11.97
2023-09-28|12.08|12.22|10.94|11.32
2023-09-29|10.86|11.33|10.72|11.2
2023-10-02|11.15|11.47|10.78|11.05
2023-10-03|11.37|11.98|10.9|11.75
2023-10-04|11.58|11.85|11.1601|11.27
2023-10-05|11.3|11.77|11.14|11.43
2023-10-06|11.65|11.8819|10.56|10.73
2023-10-09|11.08|11.32|10.72|10.82
2023-10-10|10.72|10.855|10.11|10.41
2023-10-11|10.3|10.55|10.11|10.18
2023-10-12|10.13|10.41|9.6737|10.11
2023-10-13|10.06|11.01|10.02|10.94
2023-10-16|10.87|10.89|10.36|10.47
2023-10-17|11.1|11.48|10.495|10.73
2023-10-18|11.26|11.4792|11.02|11.3
2023-10-19|11|11.97|10.91|11.84
2023-10-20|11.84|12.4265|11.6|12.37
2023-10-23|12.59|12.9883|11.92|12.56
2023-10-24|12.37|12.55|12.009|12.05
2023-10-25|12.58|13.73|12.435|13.53
2023-10-26|13.4|13.9897|12.9|13.78
2023-10-27|13.23|13.57|12.975|13.37
2023-10-30|13.66|14.37|13.41|13.92
2023-10-31|13.91|14.42|13.44|13.56
2023-11-01|13.528|13.54|12.54|12.59
2023-11-02|11.9|12.275|11.465|11.73
2023-11-03|11.37|11.45|10.57|10.82
2023-11-06|10.79|11.22|10.68|10.88
2023-11-07|10.97|11.03|10.54|10.7
2023-11-08|10.66|10.8861|10.5|10.66
2023-11-09|10.46|10.89|10.085|10.83
2023-11-10|10.43|10.5699|9.42|9.53
2023-11-13|9.75|9.99|9.71|9.79
2023-11-14|9.06|9.12|8.63|8.74
2023-11-15|8.57|8.74|8.34|8.55
2023-11-16|8.665|8.74|8.45|8.53
2023-11-17|8.62|8.66|8.31|8.37
2023-11-20|8.39|8.399|7.9|7.98
2023-11-21|8.19|8.57|8.19|8.43
2023-11-22|8.3|8.45|7.96|8.37
2023-11-24|8.4|8.48|8.33|8.36
2023-11-27|8.47|8.53|8.19|8.41
2023-11-28|8.58|8.7688|8.425|8.56
2023-11-29|8.21|8.33|7.89|8.29
2023-11-30|8.23|8.67|8.22|8.45
2023-12-01|8.62|8.82|8.3015|8.34
2023-12-04|8.62|9|8.58|8.63
2023-12-05|8.89|9.01|8.72|8.79
2023-12-06|8.42|8.99|8.4|8.97
2023-12-07|8.74|8.83|8.16|8.26
2023-12-08|8.329|8.34|7.95|8.07
2023-12-11|7.84|7.87|7.16|7.25
2023-12-12|7.36|7.3988|7.08|7.1
2023-12-13|7.09|7.17|6.63|6.75
2023-12-14|6.6|6.61|6.14|6.22
2023-12-15|6.17|6.19|5.93|6.15
2023-12-18|6.14|6.37|6.11|6.19
2023-12-19|6.19|6.2|6.06|6.11
2023-12-20|6.21|6.64|6.13|6.63
2023-12-21|6.16|6.25|6|6.04
2023-12-22|5.97|6.12|5.87|5.98
2023-12-26|5.9|5.91|5.59|5.67
2023-12-27|5.6|5.72|5.56|5.65
2023-12-28|5.6|5.69|5.56|5.66
2023-12-29|5.67|5.9|5.64|5.82
2024-01-02|6.08|6.58|6.08|6.43
2024-01-03|6.77|6.928|6.66|6.85
2024-01-04|7.19|7.23|6.82|7.03
2024-01-05|7|7.07|6.73|6.92
2024-01-08|6.78|6.7966|6.19|6.25