2020-10-13|121.08|121.97|120.56|121.05
2020-10-14|121.33|121.719|119.369|119.97
2020-10-15|118.03|119.28|117.789|119.1072
2020-10-16|119.9|120.4099|118.5|118.5
2020-10-19|119.83|119.83|116.2347|116.45
2020-10-20|116.91|118.0858|116.29|116.89
2020-10-21|116.95|117.9999|116.67|117.04
2020-10-22|117.11|117.349|115.46|116.72
2020-10-23|116.99|117|115.81|117
2020-10-26|116.01|116.98|113.849|115.18
2020-10-27|115.62|116.45|115.14|116.09
2020-10-28|114.28|114.28|111.5|111.69
2020-10-29|112.16|114.669|112.001|113.51
2020-10-30|112.7|113.01|109.69|110.86
2020-11-02|111.65|112.24|109.7|110.9
2020-11-03|111.71|113.63|111.3101|113.431
2020-11-04|116.45|118.5522|115.9699|117.79
2020-11-05|120.51|121.299|120.02|120.92
2020-11-06|120.63|121.22|119.075|121
2020-11-09|122.21|122.71|118.5|118.5
2020-11-10|117.15|117.68|115.3511|116.3166
2020-11-11|117.47|119.2|117.47|119.11
2020-11-12|119.48|119.94|118|118.42
2020-11-13|119.19|119.618|118.303|119.55
2020-11-16|119.46|120.491|119.03|120.07
2020-11-17|120.56|120.63|119.86|120.06
2020-11-18|119.86|120.47|119.4076|119.5477
2020-11-19|118.97|120.13|118.81|120.13
2020-11-20|120.07|120.299|119.39|119.39
2020-11-23|119.77|120.17|118.36|119.3
2020-11-24|119.8|121.11|119.075|121.04
2020-11-25|121.39|121.949|121.192|121.719
2020-11-27|122.55|123.3|122.4216|122.75
2020-11-30|122.97|123.16|121.14|123.01
2020-12-01|124.07|125.32|123.6787|124.72
2020-12-02|124.16|124.92|123.44|124.84
2020-12-03|124.95|125.6134|124.74|125.02
2020-12-04|125.05|125.53|124.78|125.45
2020-12-07|125.62|126.329|125.48|125.83
2020-12-08|126.02|126.72|125.3086|126.605
2020-12-09|126.59|126.62|123.369|123.85
2020-12-10|122.95|124.67|122.441|124.26
2020-12-11|123.55|124.02|122.61|123.97
2020-12-14|124.54|125.7|124.54|124.89
2020-12-15|125.89|126.23|125|126.23
2020-12-16|126.44|127.24|125.98|126.91
2020-12-17|127.62|127.7869|127.1003|127.76
2020-12-18|128.11|128.11|126.37|127.43
2020-12-21|126.12|127.07|124.79|126.89
2020-12-22|127.25|127.66|126.29|127.24
2020-12-23|127.5|127.5|126.61|126.66
2020-12-24|126.96|127.37|126.7694|127.19
2020-12-28|128.43|128.659|127.57|128.48
2020-12-29|129.08|129.29|128.2541|128.63
2020-12-30|129.36|129.36|128.34|128.53
2020-12-31|128.78|129.0033|128.195|128.91
2021-01-04|129.6|129.6|125.45|127.08
2021-01-05|126.76|128.17|126.76|128.095
2021-01-06|126.37|128.08|125.76|126.33
2021-01-07|127.58|129.734|127.58|129.46
2021-01-08|130.52|131.2|129.5|131.14
2021-01-11|129.99|130.31|128.962|129.18
2021-01-12|129.29|129.63|127.95|129.14
2021-01-13|129|130.15|128.92|129.84
2021-01-14|130.27|130.4162|129|129.14
2021-01-15|128.83|129.5|127.71|128.1
2021-01-19|129.2|130.18|128.7968|130.03
2021-01-20|131.69|133.41|131.45|133.07
2021-01-21|133.7|134.3719|133.05|134.15
2021-01-22|133.61|134.13|133.49|133.78
2021-01-25|135.31|135.68|132.25|134.63
2021-01-26|135.26|135.3615|134.47|135.04
2021-01-27|134.24|134.24|130.5|131.45
2021-01-28|131.91|134.06|131.6177|132.08
2021-01-29|131.51|131.65|128.5899|129.37
2021-02-01|130.91|132.88|129.97|132.54
2021-02-02|133.82|135.04|133.75|134.715
2021-02-03|135.7|135.7|134.22|134.22
2021-02-04|134.87|135.67|134.17|135.65
2021-02-05|136.26|136.5745|135.48|136.19
2021-02-08|137|137.1193|136.2|137.04
2021-02-09|136.84|137.56|136.84|137.01
2021-02-10|137.65|137.7199|135.5|136.67
2021-02-11|137.57|137.64|136.5|137.4394
2021-02-12|137.03|138.29|136.75|138.29
2021-02-16|138.74|138.9301|137.4376|137.91
2021-02-17|136.77|137.2599|135.7|137.23
2021-02-18|135.83|136.9|134.9967|136.65
2021-02-19|137.34|137.34|135.7|135.96
2021-02-22|134.29|134.61|132.48|132.55
2021-02-23|130.36|132.76|127.885|132.16
2021-02-24|130.91|133.3|129.8539|133.24
2021-02-25|132.18|133.09|127.97|128.53
2021-02-26|129.8168|130.98|127.8885|129.72
2021-03-01|131.23|133.1|130.775|132.96
2021-03-02|133.37|133.37|130.8|130.8
2021-03-03|130.32|130.61|127.05|127.05
2021-03-04|127.02|128.2|123.36|124.91
2021-03-05|126.41|127.199|122.33|126.98
2021-03-08|126.76|127.38|123.24|123.25
2021-03-09|126.35|128.89|126.08|128.24
2021-03-10|130.01|130.01|127.5|127.7
2021-03-11|129.95|131.38|129.4981|130.78
2021-03-12|128.94|129.67|128.0277|129.62
2021-03-15|129.85|131.1|129.2906|131.04
2021-03-16|131.93|133.19|131.177|131.73
2021-03-17|130.52|132.91|129.78|132.26
2021-03-18|130.36|130.62|128.03|128.27
2021-03-19|128.27|129.34|127.26|128.78
2021-03-22|129.71|131.78|129.5|130.98
2021-03-23|131.46|131.8999|130.17|130.3
2021-03-24|131.12|131.12|128.2|128.2
2021-03-25|127.41|128.44|126.36|127.98
2021-03-26|127.92|129.94|127.35|129.94
2021-03-29|129.51|130.2184|128.4566|129.66
2021-03-30|129|129.325|128.04|129.21
2021-03-31|130|131.715|129.97|131.22
2021-04-01|132.65|133.42|132.56|133.39
2021-04-05|134.55|136.27|134.41|136.1
2021-04-06|136.02|136.72|135.65|135.895
2021-04-07|135.88|136.62|135.47|136.27
2021-04-08|137.55|137.73|137.18|137.68
2021-04-09|137.18|138.5987|136.85|138.5
2021-04-12|138.22|138.52|137.62|138.39
2021-04-13|139.02|140.09|139|139.97
2021-04-14|140.16|140.16|137.95|138.26
2021-04-15|139.48|140.5|139.48|140.34
2021-04-16|140.61|140.6396|139.825|140.59
2021-04-19|139.93|140.32|138.5|139.32
2021-04-20|139.1|139.4384|137.432|138.25
2021-04-21|137.72|139.485|137.5|139.4
2021-04-22|139.36|139.64|137.3|137.84
2021-04-23|138.18|140.01|138.1283|139.5
2021-04-26|139.69|140.48|139.315|140.4
2021-04-27|140.59|140.59|139.41|139.69
2021-04-28|139.67|140.02|139.1|139.25
2021-04-29|140.79|140.85|138.49|139.79
2021-04-30|138.79|139.71|138.566|138.83
2021-05-03|139.42|139.71|137.97|138.14
2021-05-04|137.07|137.07|134.1|135.81
2021-05-05|136.68|136.87|134.86|135.23
2021-05-06|135.13|136.28|134.23|136.25
2021-05-07|137.55|138.29|136.9753|137.43
2021-05-10|136.82|136.82|133.78|133.94
2021-05-11|131.44|134.02|131.1|133.75
2021-05-12|131.64|132.475|129.91|130.26
2021-05-13|131.44|132.36|130.27|131.22
2021-05-14|132.76|134.5|132.44|134.19
2021-05-17|133.47|133.64|132.21|133.3
2021-05-18|133.86|134.21|132.36|132.36
2021-05-19|130.22|132.65|130.1652|132.65
2021-05-20|133.21|135.471|133.21|135.12
2021-05-21|135.93|135.93|134.25|134.33
2021-05-24|135.37|137.13|135.28|136.63
2021-05-25|137.31|137.6|136.395|136.89
2021-05-26|137.13|137.5|136.84|137.34
2021-05-27|137.21|137.4499|136.789|136.89
2021-05-28|137.47|137.909|137.12|137.23
2021-06-01|137.85|137.96|136.3201|136.81
2021-06-02|136.94|137.4015|136.33|137.03
2021-06-03|135.89|136.2927|135|135.59
2021-06-04|136.42|138.11|136.42|137.95
2021-06-07|137.77|138.36|137.52|138.33
2021-06-08|139.04|139.415|137.72|138.35
2021-06-09|139|139.29|138.386|138.47
2021-06-10|138.7|139.88|138.47|139.875
2021-06-11|140|140.224|139.7|140.22
2021-06-14|140.45|141.503|140.0595|141.503
2021-06-15|141.61|141.61|140.45|140.73
2021-06-16|140.96|141.3|138.7001|140.17
2021-06-17|139.83|142.33|139.83|141.94
2021-06-18|141.43|141.61|140.58|140.79
2021-06-21|140.8|141.58|139.81|141.51
2021-06-22|141.55|143|141.41|142.84
2021-06-23|142.94|143.3699|142.7273|142.84
2021-06-24|143.76|144.38|143.48|143.72
2021-06-25|144.1|144.1|143.4|143.62
2021-06-28|144.22|145.4035|144.22|145.38
2021-06-29|145.4|145.89|145|145.85
2021-06-30|145.89|145.95|145.4801|145.73
2021-07-01|145.59|145.85|145|145.73
2021-07-02|146.56|147.51|146.47|147.37
2021-07-06|147.73|148.099|146.52|147.96
2021-07-07|149.14|149.14|147.57|148.25
2021-07-08|146.13|147.78|145.69|147.44
2021-07-09|147.22|148.5201|146.955|148.34
2021-07-12|149.01|149.1201|148.29|148.95
2021-07-13|148.78|150.15|148.6859|148.94
2021-07-14|149.91|150.18|148.95|149.18
2021-07-15|149.15|149.21|147.355|148.14
2021-07-16|148.5|148.92|146.83|146.96
2021-07-19|145.52|145.92|144.75|145.78
2021-07-20|146.19|148.06|145.46|147.46
2021-07-21|147.33|148.55|147.29|148.52
2021-07-22|148.72|149.57|148.72|149.57
2021-07-23|150.21|151.42|149.71|151.22
2021-07-26|151.03|151.5899|150.7267|151.43
2021-07-27|151.32|151.32|148.04|149.8
2021-07-28|150.23|150.97|149.33|150.34
2021-07-29|150.21|151.07|150.1563|150.6
2021-07-30|148.97|150.06|148.94|149.84
2021-08-02|150.57|150.73|149.6|149.83
2021-08-03|150.19|150.78|148.83|150.74
2021-08-04|150.75|151.35|150.335|150.97
2021-08-05|151.34|152|151.05|151.92
2021-08-06|151.45|151.76|150.86|151.26
2021-08-09|151.5|151.75|151|151.54
2021-08-10|151.76|151.8687|150.27|150.77
2021-08-11|151.29|151.45|149.9498|150.5
2021-08-12|150.28|151.18|149.73|151.05
2021-08-13|151.21|151.7|150.99|151.57
2021-08-16|151.15|151.66|149.46|151.65
2021-08-17|150.4933|150.885|149.29|150.31
2021-08-18|150.01|150.6317|148.73|148.87
2021-08-19|148.03|150.225|147.94|149.57
2021-08-20|150.07|151.29|149.94|151.12
2021-08-23|151.57|153.655|151.57|153.36
2021-08-24|153.64|154.1037|153.45|153.87
2021-08-25|154.01|154.27|153.67|153.96
2021-08-26|153.75|153.96|152.9|153.07
2021-08-27|153.3|154.73|153.12|154.53
2021-08-30|154.88|156.4745|154.88|156.28
2021-08-31|156.38|156.38|155.5|156.13
2021-09-01|156.63|157.27|156.34|156.41
2021-09-02|156.98|157.12|155.86|156.35
2021-09-03|155.93|156.95|155.93|156.82
2021-09-07|156.86|157.3098|156.38|157.04
2021-09-08|156.95|156.95|155.55|156.51
2021-09-09|156.58|157.03|155.87|155.96
2021-09-10|156.71|156.97|154.6502|154.8
2021-09-13|155.77|155.93|153.8|154.68
2021-09-14|155.31|155.57|153.84|154.24
2021-09-15|154.43|155.51|153.5|155.36
2021-09-16|154.83|155.71|154.01|155.47
2021-09-17|155.16|155.16|153.23|153.67
2021-09-20|151.09|151.9|148.35|150.4
2021-09-21|151.26|151.55|150.06|150.45
2021-09-22|150.95|152.5|150.45|151.87
2021-09-23|152.4|153.72|152.19|153.25
2021-09-24|152.33|153.6|152.2|153.44
2021-09-27|152.11|152.56|151.17|152.22
2021-09-28|150.27|150.527|147.75|148.05
2021-09-29|148.43|149.2902|147.46|147.67
2021-09-30|148.38|149.04|147|147.11
2021-10-01|147.4|148.46|145.68|148.03
2021-10-04|147.31|147.4|143.98|145.01
2021-10-05|145.39|147.8|145.29|146.88
2021-10-06|145.49|147.94|145.17|147.88
2021-10-07|149.17|150.29|148.9|149.18
2021-10-08|149.72|149.72|148.23|148.45
2021-10-11|147.79|149.26|147.29|147.32
2021-10-12|147.9|148.07|146.54|146.82
2021-10-13|147.8|148.2|146.92|147.95
2021-10-14|149.49|150.75|149.23|150.69
2021-10-15|151.3|151.69|150.77|151.66
2021-10-18|151.12|153.25|150.91|153.17
2021-10-19|153.69|154.34|153.35|154.26
2021-10-20|154.53|154.75|153.55|154.11
2021-10-21|153.8|155.15|153.8|155.08
2021-10-22|154.5|154.919|153.15|153.76
2021-10-25|154.37|155.7|153.65|155.35
2021-10-26|156.31|157.27|155.38|155.77
2021-10-27|156.01|157.4698|155.91|156.21
2021-10-28|156.94|158.01|156.74|157.91
2021-10-29|156.55|158.76|156.47|158.75
2021-11-01|158.97|159.287|158.04|159.22
2021-11-02|159.04|160.11|158.98|159.89
2021-11-03|160.16|161.78|159.71|161.63
2021-11-04|162.15|164.06|161.96|163.68
2021-11-05|164.4|164.78|163.32|163.83
2021-11-08|163.85|164.24|163.35|163.62
2021-11-09|164.13|164.23|161.92|162.51
2021-11-10|161.3|162.48|159.32|160.12
2021-11-11|161.41|161.41|160.4|160.55
2021-11-12|161.04|162.439|160.39|162.23
2021-11-15|162.74|162.86|161.17|162.2
2021-11-16|161.94|163.5499|161.92|163.38
2021-11-17|163.53|164.27|163.08|163.43
2021-11-18|164.34|165.34|163.39|165.11
2021-11-19|165.87|166.58|165.5|166.07
2021-11-22|166.82|167.91|164.1|164.18
2021-11-23|163.65|164.49|161.53|163.39
2021-11-24|162.35|164.03|161.4|163.9
2021-11-26|162.85|163.4|160.27|160.8
2021-11-29|162.73|164.69|162.45|164.26
2021-11-30|163.88|164.84|161.11|161.89
2021-12-01|163.78|164.6|158.97|159.22
2021-12-02|158.64|161.02|157.99|160.31
2021-12-03|160.92|161.24|155.7899|157.54
2021-12-06|157.6|159.3|155.99|158.76
2021-12-07|161.63|163.78|161.5913|163.62
2021-12-08|163.71|164.35|162.92|164.3
2021-12-09|163.8|164.4963|161.79|161.96
2021-12-10|163.11|163.74|161.72|163.65
2021-12-13|163.67|163.71|161.12|161.27
2021-12-14|159.22|160.36|157.78|159.67
2021-12-15|159.56|163.3462|157.85|163.12
2021-12-16|163.7|163.82|158.36|159.12
2021-12-17|157.54|159.93|156.9563|158.25
2021-12-20|156.19|156.81|155.26|156.59
2021-12-21|158.03|160.17|156.44|160
2021-12-22|159.87|162.08|159.65|161.96
2021-12-23|162.17|163.82|162.14|163.25
2021-12-27|163.83|165.92|163.74|165.9
2021-12-28|166.37|166.38|164.81|165.19
2021-12-29|165.29|165.72|164.16|165.15
2021-12-30|165.05|165.9|164.39|164.51
2021-12-31|164.45|164.87|163.42|163.55
2022-01-03|164.11|165.28|163.25|165.24
2022-01-04|165.4|165.4|161.74|163.07
2022-01-05|162.45|162.8|157.94|158.15
2022-01-06|157.2246|159.27|156.34|157.96
2022-01-07|157.855|158.62|155.5|156.27
2022-01-10|154.145|156.52|151.88|156.42
2022-01-11|156.085|158.72|155.18|158.61
2022-01-12|159.78|160.45|158.36|159.36
2022-01-13|159.81|160.11|154.92|155.47
2022-01-14|154.34|156.41|154.21|156.28
2022-01-18|153.99|154.68|152.07|152.62
2022-01-19|153.08|154.03|150.62|150.78
2022-01-20|152.03|153.76|148.54|148.81
2022-01-21|147.89|148.93|144.52|144.64
2022-01-24|142.04|145.56|137.44|145.25
2022-01-25|142.5345|144.35|140.54|141.82
2022-01-26|145.31|146.67|140.15|141.81
2022-01-27|143.72|144.405|139.87|140.36
2022-01-28|141.11|144.76|139|144.68
2022-01-31|145.28|149.54|144.6|149.31
2022-02-01|149.9|150.59|147.721|150.34
2022-02-02|152.1252|152.19|149.85|151.56
2022-02-03|147.38|148.82|144.96|145.48
2022-02-04|145.7|148.63|144.8242|147.15
2022-02-07|147.53|148.43|145.54|146.1
2022-02-08|145.64|148.14|145.11|147.74
2022-02-09|149.59|150.84|148.94|150.8
2022-02-10|147.92|150.719|146.66|147.52
2022-02-11|147.5|148.06|142.21|142.81
2022-02-14|142.5|144.32|141.46|142.99
2022-02-15|145.17|146.55|144.72|146.44
2022-02-16|145.52|146.85|144.25|146.44
2022-02-17|145.11|145.35|141.901|142.11
2022-02-18|142.52|142.62|139.51|140.51
2022-02-22|139.21|141.47|137.57|139.1
2022-02-23|140.41|140.67|135.37|135.47
2022-02-24|131.15|140.27|130.8775|139.97
2022-02-25|140.325|142.3|138.85|142.24
2022-02-28|140.88|143.34|140.41|142.79
2022-03-01|142.2|143.15|139.44|140.42
2022-03-02|141.12|143.29|139.96|142.84
2022-03-03|143.92|143.92|140.01|140.82
2022-03-04|139.8|140.35|137.8|138.78
2022-03-07|138.59|139.2|133.5367|133.65
2022-03-08|133.37|137.02|131.59|133.04
2022-03-09|136.55|138.29|135.37|137.71
2022-03-10|136.12|136.72|134.38|136.28
2022-03-11|137.54|137.62|133.26|133.48
2022-03-14|132.93|134.31|130.6|130.92
2022-03-15|132.04|135.27|131.31|135.02
2022-03-16|136.87|140|135.1106|139.92
2022-03-17|139.18|141.65|138.65|141.65
2022-03-18|141.08|144.6917|140.5|144.58
2022-03-21|144.14|144.91|142.14|144.03
2022-03-22|144.27|147.28|144.03|146.82
2022-03-23|145.67|147.08|144.7|144.73
2022-03-24|145.5|147.92|144.67|147.88
2022-03-25|147.92|148.31|145.9802|147.82
2022-03-28|147.8|150.11|147.31|150.03
2022-03-29|151.84|152.92|150.62|152.67
2022-03-30|151.96|152.54|150.3799|151.05
2022-03-31|151.07|151.17|148.76|148.97
2022-04-01|149.22|149.52|147.49|148.84
2022-04-04|149.21|151.9|149.0702|151.87
2022-04-05|151.35|151.55|148.13|148.52
2022-04-06|146.36|146.68|144.2|145.24
2022-04-07|144.95|146.5597|143.41|145.62
2022-04-08|144.89|145.21|143.38|143.66
2022-04-11|141.77|142.165|140.08|140.34
2022-04-12|142.16|142.92|139.05|139.63
2022-04-13|139.75|142.86|139.48|142.47
2022-04-14|142.53|142.61|139.11|139.21
2022-04-18|138.79|140.25|138.115|139.39
2022-04-19|139.04|142.64|138.69|142.41
2022-04-20|142.83|142.92|139.84|140.36
2022-04-21|142.07|143.05|137.07|137.51
2022-04-22|137.46|138|133.66|133.85
2022-04-25|133.18|135.68|132.62|135.6
2022-04-26|134.73|134.73|130.35|130.49
2022-04-27|130.45|132.74|129.56|130.36
2022-04-28|132.39|135.67|130.64|134.95
2022-04-29|133.1|134.52|128.6|128.94
2022-05-02|128.7|131.07|127.38|131.06
2022-05-03|130.92|132.06|130|131.24
2022-05-04|131.35|135.83|129.13|135.64
2022-05-05|133.69|133.75|127.38|128.99
2022-05-06|128.01|129.54|125.51|127.27
2022-05-09|124.81|125.84|121.65|122.38
2022-05-10|125.27|125.68|121.9901|123.81
2022-05-11|122.76|125.0396|119.69|120.11
2022-05-12|118.26|121.62|117.2299|119.83
2022-05-13|121.62|124.59|120.99|124.09
2022-05-16|123.48|124.31|122.22|122.86
2022-05-17|125.22|126.08|123.64|125.99
2022-05-18|124.06|124.26|119.23|119.88
2022-05-19|118.99|121.07|118.3|119.1
2022-05-20|120.56|120.84|115.28|118.78
2022-05-23|119.22|120.86|118.2|120.69
2022-05-24|118.485|118.73|116.11|118.17
2022-05-25|117.59|120.66|117.45|119.81
2022-05-26|119.46|123.769|119.42|123.14
2022-05-27|124.44|127.19|124.41|127.19
2022-05-31|127.1|128.03|125.19|126.94
2022-06-01|127.71|128.5883|124.96|125.87
2022-06-02|125.42|129.36|124.82|129.36
2022-06-03|127.13|127.66|125.44|125.91
2022-06-06|127.83|128.4699|125.74|126.5
2022-06-07|124.902|127.74|124.55|127.47
2022-06-08|127.11|128.15|126.2|126.54
2022-06-09|125.85|127.12|123.1|123.21
2022-06-10|120.81|121.24|118.6301|118.81
2022-06-13|115.07|116.04|112.92|113.42
2022-06-14|114.23|114.59|112.43|113.59
2022-06-15|114.93|117.95|113.77|116.4
2022-06-16|113.35|113.49|110.78|111.72
2022-06-17|111.94|113.99|111.26|113
2022-06-21|114.66|116.5899|114.63|115.62
2022-06-22|114.46|117.2959|114.33|115.48
2022-06-23|116.51|117.515|115.35|117.17
2022-06-24|118.43|121.41|118.31|121.41
2022-06-27|121.78|121.95|119.83|120.3
2022-06-28|120.55|121.58|116.55|116.67
2022-06-29|116.59|117.33|115.52|116.78
2022-06-30|115.55|116.72|113.47|115.2
2022-07-01|114.69|116.14|113.96|116.06
2022-07-05|114.51|118.09|113.86|118.01
2022-07-06|118.22|119.67|117.5|118.76
2022-07-07|119.15|121.64|119.15|121.33
2022-07-08|120.14|122.07|119.7763|121.46
2022-07-11|120.46|120.55|118.56|118.87
2022-07-12|119.38|120.17|117.08|117.75
2022-07-13|115.44|118.42|115.24|117.56
2022-07-14|116.41|118.26|115.13|117.96
2022-07-15|119.22|120.09|118.55|120.01
2022-07-18|121.2|121.7817|118.62|119.04
2022-07-19|120.62|122.82|119.9|122.64
2022-07-20|122.89|125.14|122.6|124.66
2022-07-21|124.85|126.45|123.82|126.45
2022-07-22|126.06|126.91|123.47|124.27
2022-07-25|124.22|124.37|122.7|123.58
2022-07-26|122.8|122.87|120.77|121.14
2022-07-27|123.08|126.91|122.82|126.25
2022-07-28|126.13|127.668|124.585|127.47
2022-07-29|128.07|130.11|127.51|129.79
2022-08-01|129.06|131.14|128.5863|129.73
2022-08-02|128.73|131.03|128.33|129.29
2022-08-03|130.12|133.16|130|132.73
2022-08-04|132.87|133.56|131.9904|133.5
2022-08-05|131.31|133.19|130.99|132.4
2022-08-08|132.57|134.2799|131.34|131.95
2022-08-09|131.09|131.23|129.8|130.45
2022-08-10|133.52|134.2|132.51|134.03
2022-08-11|135.06|135.9|133.05|133.38
2022-08-12|134.27|136|133.78|135.96
2022-08-15|135.58|137.22|135.57|137.02
2022-08-16|136.73|137.55|135.45|136.78
2022-08-17|135.39|136.34|134.3|135.16
2022-08-18|135.1|135.94|134.46|135.47
2022-08-19|134.13|134.42|132.51|132.82
2022-08-22|131.02|131.11|128.99|129.38
2022-08-23|129.19|130.41|128.94|129.25
2022-08-24|129.01|130.34|128.78|129.55
2022-08-25|130.34|131.9|129.9018|131.9
2022-08-26|131.77|132.24|126.46|126.53
2022-08-29|125.32|126.35|124.84|125.23
2022-08-30|125.95|126.13|122.81|123.85
2022-08-31|125.05|125.38|123.1|123.22
2022-09-01|122.03|123.33|120.55|123.17
2022-09-02|124.41|124.9497|120.7644|121.51
2022-09-06|121.63|121.99|119.675|120.61
2022-09-07|120.74|123.38|120.66|123.01
2022-09-08|122.03|124.14|121.55|123.62
2022-09-09|124.59|126.53|124.59|126.25
2022-09-12|126.95|127.96|126.8|127.81
2022-09-13|124.17|124.66|120.466|120.84
2022-09-14|121.34|122.15|120.59|121.82
2022-09-15|120.92|121.99|119.11|119.75
2022-09-16|118.33|119.19|117.52|118.93
2022-09-19|117.7|119.74|117.67|119.73
2022-09-20|118.66|119.71|117.8|118.76
2022-09-21|119.19|120.88|116.58|116.63
2022-09-22|115.98|116.39|114.68|115.2
2022-09-23|114.18|114.23|111.89|113.4
2022-09-26|113.12|114.93|112.54|112.72
2022-09-27|114.29|115.23|111.98|112.92
2022-09-28|112.87|115.67|112.28|115.21
2022-09-29|113.45|113.61|110.58|111.94
2022-09-30|111.44|113.18|109.86|109.95
2022-10-03|110.77|113.17|110.07|112.53
2022-10-04|114.77|116.3275|114.77|116.09
2022-10-05|114.44|116.73|113.33|115.96
2022-10-06|115.56|116.87|114.95|115.12
2022-10-07|113.09|113.14|110.16|110.67
2022-10-10|110.78|110.86|108.46|109.54
2022-10-11|108.89|110.06|107.38|108.16
2022-10-12|108.43|109.12|107.78|108.11
2022-10-13|104.96|111.12|104.62|110.56
2022-10-14|111.56|111.76|107.01|107.28
2022-10-17|109.72|111.13|109.71|110.74
2022-10-18|113.74|114|110.55|111.72
2022-10-19|111.03|112.55|110.27|111.3
2022-10-20|110.89|113.04|110.22|110.67
2022-10-21|110.22|113.5|109.82|113.33
2022-10-24|113.47|114.92|111.89|114.57
2022-10-25|114.97|117.05|114.97|116.88
2022-10-26|114.52|116.77|114.13|114.3
2022-10-27|113.86|114.43|112.03|112.21
2022-10-28|111.93|115.86|111.92|115.68
2022-10-31|114.74|114.98|113.55|114.35
2022-11-01|115.87|116.02|113.0161|113.17
2022-11-02|113.15|114.41|109.2616|109.34
2022-11-03|108.1|108.75|107|107.21
2022-11-04|109.29|109.65|106.57|108.84
2022-11-07|109.33|110.27|108.43|110.06
2022-11-08|110.74|112.22|109.225|110.88
2022-11-09|110.07|110.45|108.2|108.34
2022-11-10|113.51|116.42|112.67|116.24
2022-11-11|116.28|118.72|115.69|118.46
2022-11-14|117.59|118.95|117.02|117.42
2022-11-15|120.3|120.62|117.66|119.05
2022-11-16|118.15|118.3|117.09|117.4
2022-11-17|115.55|117.75|115.48|117.17
2022-11-18|118.44|118.46|116.15|117.29
2022-11-21|116.58|117.04|115.6076|115.98
2022-11-22|116.27|117.68|115.37|117.59
2022-11-23|117.64|119.04|117.56|118.9
2022-11-25|118.14|118.4|117.85|118.04
2022-11-28|117.2|118.03|115.91|116.28
2022-11-29|116.35|116.51|114.83|115.46
2022-11-30|115.54|120.74|115.21|120.74
2022-12-01|120.82|121.68|119.64|120.86
2022-12-02|118.76|120.68|118.65|120.35
2022-12-05|119.42|119.9899|117.78|118.39
2022-12-06|118.26|118.31|115.29|116.03
2022-12-07|115.31|116.23|114.71|115.39
2022-12-08|115.98|117.16|115.13|116.74
2022-12-09|116.37|117.485|115.87|116.07
2022-12-12|116.09|117.48|115.69|117.47
2022-12-13|122.06|122.1|117.62|118.78
2022-12-14|118.53|119.88|116.54|117.77
2022-12-15|116.15|116.3914|113.4|114
2022-12-16|113.61|114.21|112.16|112.86
2022-12-19|112.66|112.66|110.45|111.01
2022-12-20|110.46|111.58|109.82|110.89
2022-12-21|111.31|113.02|110.97|112.5
2022-12-22|111.21|111.21|107.97|109.79
2022-12-23|109.2|110.21|108.42|110.03
2022-12-27|109.76|109.76|108.23|108.39
2022-12-28|108.25|109.13|106.88|107
2022-12-29|108.2|109.98|107.88|109.65
2022-12-30|108.45|109.58|107.9|109.53
2023-01-03|110.5|111.11|107.85|108.75
2023-01-04|109.68|110.01|108|109.31
2023-01-05|108.57|108.66|107.48|107.7
2023-01-06|108.36|111.01|107.14|110.54
2023-01-09|111.49|113.24|111.045|111.34
2023-01-10|110.9|112.28|110.7|112.27
2023-01-11|112.8|114.24|112.36|114.24
2023-01-12|114.55|115.2|112.66|114.81
2023-01-13|113.76|115.675|113.7|115.6
2023-01-17|115.55|116.34|115.0572|115.84
2023-01-18|116.56|117.11|114.23|114.32
2023-01-19|113.57|114.09|112.69|113.2
2023-01-20|113.86|116.43|113.44|116.31
2023-01-23|116.65|119.3891|116.35|118.86
2023-01-24|118.23|119.07|118|118.64
2023-01-25|116.7|118.62|115.67|118.39
2023-01-26|119.825|120.75|118.71|120.69
2023-01-27|120.15|122.7|120.08|121.87
2023-01-30|120.48|121.07|119.28|119.39
2023-01-31|119.5|121.24|119.44|121.22
2023-02-01|121.12|124.82|120.26|123.82
2023-02-02|126.56|129.05|126.22|128.2
2023-02-03|125.36|128.51|125.31|125.99
2023-02-06|124.87|125.84|124.38|124.87
2023-02-07|124.84|127.9485|124.42|127.49
2023-02-08|126.93|127.28|124.95|125.22
2023-02-09|127.14|127.14|123.5|124.13
2023-02-10|123.19|124.01|122.31|123.32
2023-02-13|123.87|125.51|123.39|125.31
2023-02-14|124.65|126.59|123.9|126.21
2023-02-15|125.45|127.23|125.22|127.18
2023-02-16|125.23|126.86|124.72|124.79
2023-02-17|123.83|124.19|122.65|123.9
2023-02-21|122.26|122.86|120.9|121.01
2023-02-22|121.22|121.9|120.4|121.02
2023-02-23|122.58|122.64|120.3601|122.08
2023-02-24|119.98|120.49|119.3299|120.05
2023-02-27|121.41|121.96|120.69|120.93
2023-02-28|120.67|121.8|120.5696|120.79
2023-03-01|120.62|120.9055|119.4|119.78
2023-03-02|118.74|121.125|118.65|120.87
2023-03-03|121.54|123.38|121.3197|123.3
2023-03-06|123.87|125.0587|123.36|123.45
2023-03-07|123.46|123.805|121.661|121.93
2023-03-08|122.11|122.75|121.35|122.53
2023-03-09|122.72|123.8|120.07|120.37
2023-03-10|120.45|121.0677|118.26|118.74
2023-03-13|117.91|121.11|117.35|119.55
2023-03-14|121.12|122.55|120.75|122.27
2023-03-15|121.21|123.11|120.67|122.94
2023-03-16|122.59|126.37|122.28|126.2
2023-03-17|126.13|127.2|124.82|125.63
2023-03-20|125.12|125.94|124.22|125.78
2023-03-21|126.64|127.81|126.01|127.61
2023-03-22|127.63|129.63|125.83|125.85
2023-03-23|127.47|129.2|126.28|127.41
2023-03-24|127.2|127.88|126.25|127.86
2023-03-27|128.16|128.56|126.64|127
2023-03-28|126.71|126.74|125.34|126.32
2023-03-29|127.86|128.86|127.52|128.64
2023-03-30|129.63|130.07|129.11|129.84
2023-03-31|129.93|132.07|129.81|132.01
2023-04-03|131.06|131.77|130.54|131.66
2023-04-04|131.88|132.22|130.71|131.23
2023-04-05|130.79|130.9|129.17|129.88
2023-04-06|129.25|131|128.6818|130.81
2023-04-10|129.56|130.74|128.87|130.72
2023-04-11|130.71|130.71|129.68|129.87
2023-04-12|130.73|130.95|128.545|128.71
2023-04-13|129.48|131.43|129.43|131.3
2023-04-14|130.62|131.71|129.83|131.04
2023-04-17|130.85|131.2782|130.01|131.14
2023-04-18|132.02|132.19|130.6505|131.11
2023-04-19|130.14|131.51|130.11|131.11
2023-04-20|129.84|131.3|129.54|130.07
2023-04-21|129.93|130.52|129.19|130.19
2023-04-24|130.12|130.67|129.04|129.95
2023-04-25|129.31|129.51|127.47|127.48
2023-04-26|128.84|129.51|128.05|128.23
2023-04-27|129.84|131.9513|129.6|131.74
2023-04-28|131.65|132.68|131.24|132.68
2023-05-01|132.46|133.025|132.06|132.48
2023-05-02|132.5|132.58|130.63|131.31
2023-05-03|131.51|132.59|130.4501|130.5
2023-05-04|130.39|130.83|129.6|130.1
2023-05-05|130.89|133.15|130.84|132.83
2023-05-08|132.65|133.265|132.17|133.18
2023-05-09|132.46|132.77|132.15|132.32
2023-05-10|133.32|134.08|132.29|133.72
2023-05-11|133.98|134.38|133.31|134.18
2023-05-12|134.42|134.5689|132.84|133.65
2023-05-15|133.87|134.5|133.25|134.43
2023-05-16|134.16|135.28|134.13|134.56
2023-05-17|135.01|136.4213|134.55|136.15
2023-05-18|136.38|138.8|136.331|138.71
2023-05-19|138.82|139.1|137.97|138.38
2023-05-22|138.36|139.27|138.31|138.94
2023-05-23|138.19|138.62|136.98|137.1
2023-05-24|136.29|136.92|135.56|136.43
2023-05-25|139.52|140.23|138.5|139.72
2023-05-26|140.19|143.65|140.14|143.31
2023-05-30|145.15|145.56|143.38|143.93
2023-05-31|143.31|144.07|142.54|143.09
2023-06-01|143.06|145.31|142.6|144.79
2023-06-02|145.51|146.36|144.815|145.91
2023-06-05|145.84|147.05|145.58|145.96
2023-06-06|145.72|146.36|145.21|145.96
2023-06-07|146.14|146.8867|143.2241|143.49
2023-06-08|143.62|145.4591|143.56|145.18
2023-06-09|145.93|147.09|145.2641|145.78
2023-06-12|146.53|148.3|146.131|148.27
2023-06-13|149.46|149.75|148.13|149.45
2023-06-14|149.47|150.6205|148.28|150.53
2023-06-15|150|152.93|149.76|152.29
2023-06-16|153.33|153.36|151.19|151.32
2023-06-20|150.55|151.46|149.7175|150.95
2023-06-21|150.45|150.59|148.49|148.96
2023-06-22|148.38|150.68|148.22|150.64
2023-06-23|148.99|150.09|148.4594|149.12
2023-06-26|148.96|150.08|147.1|147.2
2023-06-27|147.79|149.97|147.48|149.69
2023-06-28|148.93|150.75|148.9|149.99
2023-06-29|149.84|150.07|148.9748|149.68
2023-06-30|151.2|152.35|151.06|151.98
2023-07-03|152.22|152.5736|151.795|152.36
2023-07-05|151.68|153.04|151.65|152.31
2023-07-06|150.78|151.33|149.9423|151.14
2023-07-07|151.09|152.38|150.58|150.71
2023-07-10|150.53|150.955|149.51|150.74
2023-07-11|150.9|151.63|150|151.43
2023-07-12|153.22|153.92|152.35|153.36
2023-07-13|154.72|156.305|154.475|155.94
2023-07-14|156.2|157.48|155.6|155.97
2023-07-17|156.26|157.75|156.051|157.34
2023-07-18|157.15|159.23|156.36|158.7
2023-07-19|159.14|159.57|158.1|158.53
2023-07-20|157.4|157.9842|154.5801|154.99
2023-07-21|155.99|156.26|154.378|154.54
2023-07-24|154.88|155.32|154|154.79
2023-07-25|155.11|156.515|155.09|155.88
2023-07-26|155.4|156.01|154.39|155.29
2023-07-27|157.59|158.25|154.4067|154.93
2023-07-28|156.66|158.18|156.47|157.73
2023-07-31|157.92|158.31|157.32|157.93
2023-08-01|157.28|157.78|156.64|157.49
2023-08-02|156.04|156.04|153.51|154.03
2023-08-03|153.03|154.65|152.96|153.74
2023-08-04|154.58|155.535|152.87|153.06
2023-08-07|153.82|154.39|152.8513|154.32
2023-08-08|153.32|153.32|151.73|153.01
2023-08-09|153.13|153.16|151.05|151.31
2023-08-10|152.6|153.99|150.9914|151.66
2023-08-11|150.54|151.37|150.03|150.67
2023-08-14|150.38|152.4|150.0947|152.4
2023-08-15|151.96|152.24|150.47|150.78
2023-08-16|150.54|151.09|149.11|149.13
2023-08-17|149.74|149.85|147.3422|147.51
2023-08-18|146.1|147.84|145.91|147.31
2023-08-21|147.93|149.9996|147.77|149.75
2023-08-22|150.8|150.8|149.23|149.5
2023-08-23|149.97|152.2989|149.9|151.9
2023-08-24|153.32|153.35|148.54|148.58
2023-08-25|148.96|150.44|147.54|149.81
2023-08-28|151.03|151.256|149.87|150.95
2023-08-29|150.79|154.3287|150.7|154.15
2023-08-30|154.25|155.29|153.83|155.08
2023-08-31|155.06|156.21|155.06|155.43
2023-09-01|156.51|156.67|154.73|155.37
2023-09-05|155|156.0485|154.65|155.55
2023-09-06|155.21|155.34|153.34|154.23
2023-09-07|152.31|153.39|151.88|153.06
2023-09-08|153.05|154.22|152.89|153.28
2023-09-11|154.56|155.3078|153.75|155.11
2023-09-12|154.4|154.96|153.25|153.39
2023-09-13|153.46|154.6105|153|153.99
2023-09-14|154.69|155.61|153.84|155.23
2023-09-15|154.67|154.78|152.19|152.5
2023-09-18|151.92|152.93|151.8115|152.49
2023-09-19|151.91|152.45|150.9|152.18
2023-09-20|152.6|152.73|149.95|149.99
2023-09-21|148.43|148.7013|147.15|147.16
2023-09-22|147.98|148.82|147.115|147.25
2023-09-25|146.82|147.95|146.4243|147.95
2023-09-26|146.93|147.059|145.3|145.69
2023-09-27|146.18|146.835|144.53|146.06
2023-09-28|145.66|148.13|145.33|147.23
2023-09-29|148.72|149.29|146.88|147.41
2023-10-02|147.48|149.17|147.25|148.65
2023-10-03|147.59|148.45|145.33|145.99
2023-10-04|146.42|148.34|146.19|148.01
2023-10-05|147.99|148.11|146.1|147.53
2023-10-06|146.33|150.51|145.98|149.99
2023-10-09|149.03|151.02|148.46|150.79
2023-10-10|150.95|152.7399|150.74|151.61
2023-10-11|152.18|152.79|151.48|152.71
2023-10-12|152.96|153.67|151.2|152.16
2023-10-13|152.45|152.63|149.7|150.27
2023-10-16|150.81|152.3907|150.75|152.01
2023-10-17|150.47|152.16|149.63|151.5
2023-10-18|150.42|151.3499|148.9326|149.49
2023-10-19|150.06|150.5584|147.76|148.07
2023-10-20|147.9|148.09|145.79|145.89
2023-10-23|145.29|147.78|144.47|146.32
2023-10-24|147.08|148.05|146.39|147.73
2023-10-25|146.73|146.78|143.89|144.13
2023-10-26|143.63|143.98|140.84|141.26
2023-10-27|142.53|143.49|141.56|142.09
2023-10-30|143.09|144.1727|142.55|143.67
2023-10-31|143.66|144.49|142.62|144.33
2023-11-01|144.69|147.09|144.66|146.93
2023-11-02|148.73|149.63|148.25|149.51
2023-11-03|150.06|151.8099|149.96|151.3
2023-11-06|151.61|152.12|150.95|151.87
2023-11-07|152.33|153.69|151.85|153.33
2023-11-08|153.49|153.77|152.48|153.45
2023-11-09|153.72|154.19|152.05|152.29
2023-11-10|152.97|155.72|152.79|155.64
2023-11-13|155.05|155.61|154.41|155.22
2023-11-14|157.87|158.914|157.65|158.53
2023-11-15|159.35|159.51|158.09|158.66
2023-11-16|158.32|158.87|157.8|158.8
2023-11-17|158.49|159.24|158.1101|158.84
2023-11-20|158.82|161.04|158.82|160.76
2023-11-21|160.06|160.11|159.12|159.83
2023-11-22|160.71|161.71|160.1|160.49
2023-11-24|160.35|160.54|159.84|160.26
2023-11-27|160.05|160.9174|159.755|160.1
2023-11-28|159.81|160.765|159.66|160.52
2023-11-29|161.55|162.15|160.24|160.4
2023-11-30|160.47|160.63|158.75|159.95
2023-12-01|159.52|160.68|158.85|160.43
2023-12-04|158.87|159.05|157.44|158.93
2023-12-05|158.13|159.83|158.1|159.35
2023-12-06|160.57|160.61|158.28|158.4
2023-12-07|159.66|160.98|159.22|160.69
2023-12-08|159.92|161.5456|159.9|161.37
2023-12-11|161.23|162.85|161.13|162.75
2023-12-12|162.77|164.08|162.2975|164.08
2023-12-13|164.42|166.38|164.12|166.12
2023-12-14|166.66|167.17|164.73|165.97
2023-12-15|166.35|167.27|166.07|166.63
2023-12-18|166.58|167.82|166.45|167.48
2023-12-19|167.68|168.36|167.58|168.29
2023-12-20|168|168.84|165.755|165.81
2023-12-21|167.44|167.89|166.41|167.75
2023-12-22|168.27|168.64|167.22|168.02
2023-12-26|168.36|169.305|168.312|169.03
2023-12-27|169.18|169.48|168.79|169.35
2023-12-28|169.84|169.94|169.1499|169.28
2023-12-29|169.3|169.43|167.79|168.54
2024-01-02|167.03|167.14|164.75|165.7
2024-01-03|164.62|165.0392|163.78|163.92
2024-01-04|163.18|164.46|163.03|163.11
2024-01-05|163.18|164.4305|162.74|163.32