2018-08-01|253.9|254.64|252.561|253.11
2018-08-02|251.45|253.41|251.03|253.1
2018-08-03|253.04|254.5|253.04|254.39
2018-08-06|254.22|255.24|253.63|254.85
2018-08-07|255.98|256.76|255.65|256.12
2018-08-08|255.97|256.121|255.38|255.62
2018-08-09|255.76|256.23|255|255.16
2018-08-10|253.68|253.9|252.4|253.3
2018-08-13|253.57|253.96|251.7|252.04
2018-08-14|252.76|253.5532|252.2292|253.21
2018-08-15|251.84|252.2|249.86|251.76
2018-08-16|254.37|256.41|254.28|255.94
2018-08-17|255.23|257.12|255.03|256.51
2018-08-20|257.11|257.72|256.97|257.43
2018-08-21|257.93|258.7|257.76|258.07
2018-08-22|258|258.2|257.05|257.18
2018-08-23|256.8|257.56|255.98|256.49
2018-08-24|257.24|258.18|256.99|257.85
2018-08-27|259.25|260.645|259.25|260.58
2018-08-28|261.3|261.32|260.35|260.64
2018-08-29|260.8|261.767|260.44|261.33
2018-08-30|260.74|261.15|259.45|260.01
2018-08-31|259.59|260.49|258.98|259.85
2018-09-04|259.22|259.92|258.21|259.73
2018-09-05|259.22|260.31|258.92|259.92
2018-09-06|260.14|261.05|259.04|260.29
2018-09-07|259.33|260.34|258.46|259.54
2018-09-10|260.52|260.65|258.86|258.94
2018-09-11|258.1|260.51|257.82|260.03
2018-09-12|260.15|261.77|259.58|260.25
2018-09-13|261.42|262.2236|260.99|261.78
2018-09-14|262.01|262.47|261.02|261.89
2018-09-17|261.72|262.1899|260.64|260.98
2018-09-18|261.25|263.53|261.18|262.91
2018-09-19|263.1|264.99|263.1|264.42
2018-09-20|266|267.31|265.99|267.04
2018-09-21|267.55|267.61|266.59|267.12
2018-09-24|266.68|266.7|265.25|265.42
2018-09-25|266.03|266.12|264.53|264.73
2018-09-26|264.81|265.84|263.27|263.78
2018-09-27|264.25|265.37|263.59|264.25
2018-09-28|263.56|264.94|263.5|264.4
2018-10-01|266.1|267.15|265.74|266.73
2018-10-02|266.11|268.02|266.05|267.57
2018-10-03|268.77|269.28|267.67|267.95
2018-10-04|267.69|267.71|264.58|266.25
2018-10-05|266.34|266.62|262.9|264.32
2018-10-08|263.25|265.21|262.085|264.83
2018-10-09|264.38|265.32|263.14|264.23
2018-10-10|264.04|264.12|255.8|256.06
2018-10-11|254.7301|256.73|248.86|250.27
2018-10-12|254.3553|254.609|249.93|253.3
2018-10-15|252.87|254.74|252.34|252.34
2018-10-16|254.62|258.11|253.98|257.92
2018-10-17|256.92|258.02|254.67|256.97
2018-10-18|256.11|256.86|252.32|253.68
2018-10-19|254.23|255.98|253.34|254.32
2018-10-22|255.07|255.44|252.2|253.04
2018-10-23|249.04|252.93|247.52|251.67
2018-10-24|252.4|252.89|245.18|245.64
2018-10-25|247.33|250.93|246.25|249.77
2018-10-26|247.38|249.04|244.31|246.53
2018-10-29|248.72|250.24|241.05|244.47
2018-10-30|244.44|248.94|244.0882|248.7
2018-10-31|250.94|253.2198|250.39|251.19
2018-11-01|252.15|253.83|250.91|253.73
2018-11-02|255.38|255.6|250.58|252.46
2018-11-05|252.84|254.93|252.5|254.48
2018-11-06|254.53|256.38|254.33|256.23
2018-11-07|258.46|261.86|257.5|261.78
2018-11-08|261.5255|262.97|260.971|262.1
2018-11-09|261.16|261.45|259.04|260.09
2018-11-12|259.7|259.92|253.68|254.22
2018-11-13|253.83|255.37|252.23|253.06
2018-11-14|255.02|255.2901|249.67|250.91
2018-11-15|250.2|254|248.3507|253.22
2018-11-16|251.79|254.96|251.34|254.05
2018-11-19|253.61|253.78|248.841|249.86
2018-11-20|246.36|246.9312|243.53|244.5
2018-11-21|245.84|246.6255|244.58|244.65
2018-11-23|243.25|244.03|242.71|242.81
2018-11-26|244.87|246.73|244.68|246.39
2018-11-27|245.18|247.53|244.14|247.5
2018-11-28|249.12|253.84|248.586|253.84
2018-11-29|253.6|254.9732|252.22|253.59
2018-11-30|253.1|255.84|252.83|255.51
2018-12-03|260.17|260.3|257.02|258.73
2018-12-04|257.64|258.04|250.38|250.73
2018-12-06|246.36|249.87|242.82|249.72
2018-12-07|249.66|251.4081|243.29|244.31
2018-12-10|243.94|245.49|239.25|244.71
2018-12-11|248.4441|248.5|242.66|244.23
2018-12-12|247.39|248.76|245.65|245.88
2018-12-13|246.42|247.86|245.17|246.27
2018-12-14|244.06|244.83|240.82|241.42
2018-12-17|240.04|241.4|235.05|236.43
2018-12-18|238.44|239.81|235.67|237.36
2018-12-19|237.55|241.2|232.07|233.42
2018-12-20|232.59|233.37|226.95|228.89
2018-12-21|229.01|232.47|223.85|224.09
2018-12-24|222.5|223.31|217.88|218.1
2018-12-26|219.19|228.74|216.97|228.71
2018-12-27|225.54|231.37|222.5304|231.26
2018-12-28|232.71|233.81|229.67|230.48
2018-12-31|232.33|233.26|231.05|233.2
2019-01-02|229.27|234|229.14|233.36
2019-01-03|231.25|231.42|226.3604|226.72
2019-01-04|230|235.18|229.73|234.28
2019-01-07|234.84|236.88|232.951|235.36
2019-01-08|237.94|238.66|235.79|237.92
2019-01-09|238.9319|239.8762|237.78|238.92
2019-01-10|237.64|240.16|237.04|240
2019-01-11|238.87|239.94|237.96|239.88
2019-01-14|237.93|239.65|237.64|238.94
2019-01-15|238.94|241.03|238.89|240.64
2019-01-16|241.355|242.9|241.14|241.86
2019-01-17|241.23|244.81|241.04|243.8
2019-01-18|245.65|247.4|244.51|247.05
2019-01-22|245.35|245.7389|242.35|244
2019-01-23|246.15|246.92|242.98|245.72
2019-01-24|245.47|246.2|244.13|245.47
2019-01-25|247.39|248.55|246.68|247.39
2019-01-28|244.73|245.23|243.14|245.1
2019-01-29|245.35|246.65|244.95|245.71
2019-01-30|248.41|251|247.78|250.18
2019-01-31|248.95|250.43|248.34|250.12
2019-02-01|250.67|251.85|249.75|250.48
2019-02-04|250.43|252.35|249.68|252.32
2019-02-05|253.3599|254.2|252.81|253.96
2019-02-06|253.63|254.35|253.05|253.87
2019-02-07|252.4|253.34|250.17|251.9
2019-02-08|250.51|251.37|249.1299|251.32
2019-02-11|252.12|252.32|250.35|250.94
2019-02-12|252.72|254.88|252.67|254.53
2019-02-13|255.53|256.556|255.1177|255.8
2019-02-14|254.54|256.17|253.62|255.16
2019-02-15|256.17|258.68|256.15|258.65
2019-02-19|257.96|259.48|257.96|258.81
2019-02-20|258.82|259.76|258.32|259.5
2019-02-21|258.94|259.2414|257.5|258.53
2019-02-22|259.26|260.41|259.01|260.17
2019-02-25|261.8549|262.36|260.75|260.89
2019-02-26|259.96|261.5|259.6|260.54
2019-02-27|259.82|260.42|258.77|259.87
2019-02-28|259.86|260.37|259.06|259.28
2019-03-01|261.15|261.54|259.2349|260.42
2019-03-04|261.5|261.68|256.201|258.28
2019-03-05|258.22|258.86|257.39|258.19
2019-03-06|258.24|258.4526|256.45|256.87
2019-03-07|256.4|256.49|253.61|254.81
2019-03-08|252.88|254.895|252.74|254.71
2019-03-11|252.85|256.83|252.46|256.76
2019-03-12|256.24|256.97|255.43|255.86
2019-03-13|256.84|258.07|256.01|257.35
2019-03-14|257.33|257.94|256.62|257.54
2019-03-15|257.58|259.15|256.33|258.34
2019-03-18|257.94|259.1167|257.7102|258.99
2019-03-19|260.11|260.96|258|258.88
2019-03-20|258.46|259.17|256.55|257.29
2019-03-21|256.38|259.97|256.35|259.58
2019-03-22|257.92|258.64|254.865|254.96
2019-03-25|254.69|255.89|253.57|255.07
2019-03-26|257.05|257.83|255.3|256.46
2019-03-27|256.63|257.43|254.1|256.11
2019-03-28|256.92|257.28|255.59|257.08
2019-03-29|258.5821|259.34|257.57|259.13
2019-04-01|261.23|262.66|260.58|262.39
2019-04-02|262|262.07|261.08|261.69
2019-04-03|262.58|262.72|261.22|262
2019-04-04|262.22|263.94|262.11|263.78
2019-04-05|264.56|264.84|263.61|264.16
2019-04-08|262.83|263.4|262.37|263.22
2019-04-09|262.12|262.14|260.95|261.51
2019-04-10|261.9|262.07|261|261.6
2019-04-11|261.92|262.25|260.58|261.4
2019-04-12|263.8739|264.3877|263.08|264.07
2019-04-15|264.02|264.19|263.15|263.81
2019-04-16|265.28|265.32|263.93|264.53
2019-04-17|265.1|265.19|263.92|264.53
2019-04-18|264.98|265.93|264.36|265.56
2019-04-22|264.6|265.44|264.44|265.07
2019-04-23|265.4501|266.86|265.0632|266.48
2019-04-24|266.38|266.7|265.73|265.92
2019-04-25|264.06|265.25|262.98|264.53
2019-04-26|264.42|265.34|263.86|265.34
2019-04-29|265.32|265.91|265.08|265.44
2019-04-30|266.01|266.055|264.1|265.79
2019-05-01|266.47|266.81|264.14|264.15
2019-05-02|263.76|264.445|261.68|262.88
2019-05-03|264.32|265.25|263.6|264.97
2019-05-06|260.3501|264.7|260.08|264.27
2019-05-07|261.98|262.49|257.81|259.52
2019-05-08|259.41|261.1067|258.81|259.66
2019-05-09|257.74|259.09|255.3701|258.44
2019-05-10|257.58|260.54|255.04|259.92
2019-05-13|254.67|255.7|252.59|253.47
2019-05-14|254.4|257.23|254.24|255.81
2019-05-15|254.17|257.63|253.74|256.92
2019-05-16|258|260.08|257.85|259.16
2019-05-17|256.36|259.3926|256.21|257.44
2019-05-20|256.21|257.41|255.49|256.67
2019-05-21|258.2|258.88|257.68|258.77
2019-05-22|257.91|258.86|257.47|257.6
2019-05-23|255.32|255.35|253.28|254.76
2019-05-24|256.21|256.68|255.02|256.12
2019-05-28|256.12|257.21|253.46|253.47
2019-05-29|252.08|252.28|249.48|251.27
2019-05-30|251.77|252.34|250.82|251.87
2019-05-31|249.39|250.07|248.22|248.22
2019-06-03|248.34|249.61|247.04|248.5
2019-06-04|250.73|253.7|250.51|253.65
2019-06-05|255.22|255.8|254.07|255.73
2019-06-06|256.12|258.35|255.53|257.72
2019-06-07|258.46|261.12|258.4|260.25
2019-06-10|261.88|262.5|260.94|260.99
2019-06-11|262.66|262.87|256.95|260.88
2019-06-12|260.8|261.26|259.99|260.45
2019-06-13|261.34|261.88|260.3737|261.56
2019-06-14|261.24|262.13|260.43|261.51
2019-06-17|261.64|262.18|260.97|261.68
2019-06-18|263.23|265.8|262.94|265.33
2019-06-19|265.4|266.21|264.63|265.56
2019-06-20|268.05|268.5|265.9|268.08
2019-06-21|267.29|268.96|266.901|267.1
2019-06-24|267.33|267.91|267.1|267.17
2019-06-25|267.39|267.4|265.13|265.26
2019-06-26|266.12|266.49|265.21|265.22
2019-06-27|265.45|265.91|264.5|265.15
2019-06-28|265.94|266.26|265.07|265.85
2019-07-01|268.45|268.75|266|266.97
2019-07-02|266.84|267.73|266.14|267.66
2019-07-03|268.34|269.6|268.28|269.56
2019-07-05|268.71|269.48|267.32|269.27
2019-07-08|267.9|268.43|267.47|268.06
2019-07-09|266.72|268.12|266.69|267.86
2019-07-10|268.84|269.88|268.17|268.69
2019-07-11|269.66|270.92|269.23|270.92
2019-07-12|271.66|273.39|271.6|273.39
2019-07-15|273.55|273.6|272.96|273.6
2019-07-16|273.62|273.99|272.9012|273.42
2019-07-17|273.34|273.45|272.18|272.28
2019-07-18|271.66|272.75|270.75|272.27
2019-07-19|273.18|273.34|271.36|271.45
2019-07-22|271.77|272.16|270.8|271.65
2019-07-23|272.79|273.61|271.95|273.35
2019-07-24|272.25|272.85|271.8286|272.61
2019-07-25|272.48|272.58|270.5199|271.39
2019-07-26|271.655|272.05|271.11|271.86
2019-07-29|271.86|272.68|271.69|272.13
2019-07-30|271.09|272.155|270.62|271.91
2019-07-31|272.3|272.68|267.1025|268.52
2019-08-01|268.82|271.71|265.4|265.76
2019-08-02|265.21|265.766|262.43|264.81
2019-08-05|260.99|261.15|255.13|257.1
2019-08-06|258.55|260.36|257.05|260.29
2019-08-07|257.13|260.69|254.36|260.24
2019-08-08|261.46|264.13|260.5768|264.13
2019-08-09|263.44|264.44|261.25|263.18
2019-08-12|261.42|262.17|258.56|259.37
2019-08-13|259.07|264.63|258.63|263.17
2019-08-14|259.18|259.73|255.06|255.08
2019-08-15|256.24|256.9473|253.93|256.36
2019-08-16|257.39|259.25|256.87|258.88
2019-08-19|262.04|262.25|260.82|261.34
2019-08-20|261.01|261.56|259.4735|259.69
2019-08-21|261.83|262.66|261.49|262.03
2019-08-22|262.71|263.82|260.95|262.56
2019-08-23|261.27|263.19|255.04|256.29
2019-08-26|259|259.42|257.18|259.1
2019-08-27|260.51|260.56|257.24|257.8
2019-08-28|257.02|260.46|256.34|260.39
2019-08-29|262.94|264.24|262|263.9
2019-08-30|265.27|265.4|263.1701|264.13
2019-09-03|262.07|262.2|260.03|261.42
2019-09-04|263.58|263.95|262.77|263.93
2019-09-05|266.73|268.7089|266.7|267.68
2019-09-06|268.07|268.94|267.41|268.32
2019-09-09|268.85|269.405|268.03|268.8
2019-09-10|268.48|269.42|267.55|269.39
2019-09-11|269.72|271.735|269.22|271.69
2019-09-12|272.62|273.44|271.46|272.32
2019-09-13|273.02|273.28|272.46|272.6
2019-09-16|271.6|272.21|270.8|271.17
2019-09-17|270.59|271.58|270.37|271.56
2019-09-18|271.24|272.13|269.48|271.97
2019-09-19|272.47|273.2|271.13|271.42
2019-09-20|271.39|271.76|269.09|269.25
2019-09-23|268.25|269.97|268.07|269.36
2019-09-24|270.42|270.609|266.88|267.97
2019-09-25|268.4|270.13|267.42|269.58
2019-09-26|270.01|270.01|267.9|268.88
2019-09-27|269.58|269.97|267|267.99
2019-09-30|268.51|269.83|268.51|269.18
2019-10-01|269.76|270.29|265.45|265.5
2019-10-02|264.06|264.06|259.5739|260.72
2019-10-03|260.31|262.03|257.38|262.01
2019-10-04|262.88|265.85|262.72|265.66
2019-10-07|264.92|266.5|264.1851|264.74
2019-10-08|262.64|264.21|261.35|261.58
2019-10-09|263.44|264.24|262.48|263.43
2019-10-10|263.23|266.0289|263.11|265.01
2019-10-11|267.7699|270.14|267.62|268.16
2019-10-14|267.6|268.73|267.4352|267.86
2019-10-15|269.12|271.19|268.86|270.22
2019-10-16|269.79|270.56|269.4|270.08
2019-10-17|270.67|271.15|269.71|270.38
2019-10-18|269.61|275|267.62|267.64
2019-10-21|268.06|268.37|267.4|268.21
2019-10-22|268.48|269.38|267.76|267.82
2019-10-23|268.12|268.9|267.36|268.24
2019-10-24|269.02|269.12|267.06|267.98
2019-10-25|267.72|270.12|267.625|269.6
2019-10-28|270.78|271.58|270.1868|270.81
2019-10-29|270.47|271.6|270.31|270.87
2019-10-30|270.87|271.99|269.88|271.74
2019-10-31|271.57|271.66|269.07|270.48
2019-11-01|271.86|273.34|271.69|273.34
2019-11-04|274.73|275.05|273.96|274.55
2019-11-05|275.08|275.51|274.43|274.81
2019-11-06|275.02|275.21|273.99|274.8
2019-11-07|276.5567|278.05|276.5567|277.05
2019-11-08|277.16|277.24|276.05|277.07
2019-11-11|275.79|277.41|275.39|277.16
2019-11-12|277.43|277.99|276.64|277.29
2019-11-13|276.34|278.4|276.17|278.05
2019-11-14|277.88|278.32|277.09|278.23
2019-11-15|278.87|279.95|278.495|279.94
2019-11-18|279.76|280.36|279.61|280.27
2019-11-19|280.83|280.84|278.87|279.33
2019-11-20|278.64|278.9|276.72|278.2
2019-11-21|278.33|278.42|277.16|277.72
2019-11-22|278.38|279.03|277.7901|278.86
2019-11-25|279.68|280.81|279.64|280.8
2019-11-26|281.07|281.58|280.6053|281.36
2019-11-27|281.61|281.91|281.01|281.91
2019-11-29|281.3|281.57|280.84|280.95
2019-12-02|281.45|281.49|278.2|278.2
2019-12-03|275.43|275.64|273.62|275.51
2019-12-04|277|277.76|276.61|277.05
2019-12-05|277.86|277.86|276.1514|277.36
2019-12-06|279.45|280.94|279.39|280.7
2019-12-09|280.44|280.72|279.697|279.76
2019-12-10|279.69|280.14|278.63|279.46
2019-12-11|279.13|279.9|278.65|279.72
2019-12-12|279.52|282.95|279.24|281.95
2019-12-13|281.93|283.61|281|282.11
2019-12-16|282.93|284.11|282.93|283.07
2019-12-17|283.19|284|282.91|283.4
2019-12-18|283.79|283.91|283.15|283.21
2019-12-19|283.65|284.54|283.5701|284.46
2019-12-20|284.76|285.0584|284.32|284.46
2019-12-23|285.34|285.66|285.15|285.33
2019-12-24|285.63|285.63|284.87|285.01
2019-12-26|285.23|286.1|285.2|286.06
2019-12-27|286.83|286.85|285.9|286.33
2019-12-30|286.34|286.41|284.1184|284.53
2019-12-31|283.91|285.31|283.56|285.1
2020-01-02|286.44|288.63|286.15|288.62
2020-01-03|285.34|287.11|285.18|286.32
2020-01-06|284.29|287.03|284.16|286.98
2020-01-07|286.3|286.7873|285.58|285.74
2020-01-08|285.32|288.67|285.0825|287.4
2020-01-09|288.95|289.84|288.43|289.56
2020-01-10|289.96|290.043|287.84|288.24
2020-01-13|288.79|289.08|288.14|289.02
2020-01-14|288.87|290.49|288.72|289.22
2020-01-15|289.01|291.242|288.9527|290.35
2020-01-16|291.63|292.97|291.47|292.93
2020-01-17|293.52|293.61|292.79|293.27
2020-01-21|292.44|293.28|291.37|291.83
2020-01-22|292.5|293.0693|291.58|291.81
2020-01-23|290.75|291.86|289.6|291.54
2020-01-24|292.54|292.77|288.34|289.8
2020-01-27|284.85|286.645|283.86|285.36
2020-01-28|286.22|288.19|285.75|287.29
2020-01-29|288.99|289.28|287.2139|287.29
2020-01-30|285.67|288.77|284.85|288.54
2020-01-31|286.96|287.23|281.61|282.42
2020-02-03|283.69|286.26|283.5006|283.98
2020-02-04|287.68|289|287.4238|288.04
2020-02-05|290.76|293.04|289.95|292.86
2020-02-06|294.02|294.14|292.45|293.74
2020-02-07|292.76|292.81|290.66|291.19
2020-02-10|290.2|292.96|290.16|292.95
2020-02-11|294.35|294.42|292.28|292.94
2020-02-12|294.63|295.87|294.53|295.72
2020-02-13|294.39|295.84|293.92|294.82
2020-02-14|294.97|295.13|293.4|294.54
2020-02-18|293.15|293.88|291.76|292.95
2020-02-19|293.77|294.72|293.385|294.1
2020-02-20|293.56|294.2925|290.17|292.78
2020-02-21|290.8|291.05|288.75|289.74
2020-02-24|280.33|282.7799|278.97|279.56
2020-02-25|280.8|281.36|269.8835|270.7
2020-02-26|271.99|275.31|268.83|269.74
2020-02-27|264.86|267.73|257.39|257.5
2020-02-28|250.52|255.12|247|254.56
2020-03-02|256.71|267.25|254.06|267.03
2020-03-03|267.8|271.02|257.18|259.3
2020-03-04|265.45|271.11|262.96|270.89
2020-03-05|264.27|266.5299|259.56|261.46
2020-03-06|253.67|260.1|252.43|258.85
2020-03-09|241.5|247.0714|237.1701|238.72
2020-03-10|247.29|250.54|237.09|250.47
2020-03-11|243.54|244.91|233.6|235.84
2020-03-12|220.5|229|211.83|212.11
2020-03-13|225.65|232.48|213.2946|232.11
2020-03-16|206.5|218.31|201.51|202.49
2020-03-17|207.01|214.47|199.35|213.47
2020-03-18|199.07|205.44|189.67|199.39
2020-03-19|198.37|204.98|192.32|201.31
2020-03-20|203.29|205.29|191|191.9
2020-03-23|190.13|191.2|182.1|186.13
2020-03-24|196.27|207.21|196.205|206.64
2020-03-25|210.57|220.17|205.32|212.06
2020-03-26|214.43|225.87|214.01|225.07
2020-03-27|217.61|223.26|214.57|216.35
2020-03-30|217.36|223.72|215.1|223.1
2020-03-31|221.95|224.75|218.44|219.23
2020-04-01|210.65|214.78|207.767|209.38
2020-04-02|208.31|214.79|207.18|213.96
2020-04-03|212.73|214.55|208.69|210.6
2020-04-06|218.95|227.91|218.12|226.53
2020-04-07|235.46|236.16|226.45|226.6
2020-04-08|229.14|235.25|226.84|234.33
2020-04-09|237.84|240.19|235.105|237.14
2020-04-13|236.41|236.69|230.96|233.96
2020-04-14|238.7|240.47|236.88|239.68
2020-04-15|234.48|236.58|232.3908|235.08
2020-04-16|235.7|236.06|232.18|235.34
2020-04-17|241.6|242.6598|238.25|242.43
2020-04-20|238.24|241.11|236.26|236.64
2020-04-21|231.33|233.34|229.41|230.22
2020-04-22|234.4|236.27|233.39|234.77
2020-04-23|235.51|238.92|234.83|235.07
2020-04-24|236.61|238.33|234.2|237.83
2020-04-27|239.12|242.19|238.45|241.32
2020-04-28|245.01|245.16|240.36|241.09
2020-04-29|245.48|247.665|244.2|246.45
2020-04-30|244.2|245.17|241.91|243.22
2020-05-01|239.58|240.33|236.5|237.28
2020-05-04|235.21|237.7497|233.64|237.42
2020-05-05|240.02|241.735|238.7|238.8
2020-05-06|240.34|240.54|236.6017|236.86
2020-05-07|239.24|241.18|238.55|238.91
2020-05-08|242.27|243.8|241.34|243.62
2020-05-11|241.68|243.94|241|242.56
2020-05-12|243.81|244.14|237.94|238.08
2020-05-13|236.96|237.5|231.0233|232.82
2020-05-14|230.08|236.76|228.3|236.75
2020-05-15|234.16|237.25|233.41|236.91
2020-05-18|243.51|247.2|243.361|245.93
2020-05-19|245.45|246.02|242.07|242.22
2020-05-20|245.4|246.58|244.73|245.73
2020-05-21|245.55|247.38|243.88|245.02
2020-05-22|244.91|245.1|243.17|244.88
2020-05-26|250.84|252.02|249.88|250.25
2020-05-27|253.73|255.79|250.33|255.77
2020-05-28|257.87|257.94|253.8877|254.35
2020-05-29|253.27|255.32|250.68|254.29
2020-06-01|253.78|255.55|252.7|255.27
2020-06-02|256.55|257.92|255.71|257.85
2020-06-03|260.35|264|259.66|263.17
2020-06-04|262.37|264.43|261.385|263.33
2020-06-05|270.4|273.95|269.79|271.54
2020-06-08|272.9|276.38|272.9|276.28
2020-06-09|273.24|275.02|272.13|273.38
2020-06-10|273.2|274.1799|270.01|270.46
2020-06-11|262.14|263.51|251.3801|252.03
2020-06-12|259|260.32|251.43|256.74
2020-06-15|250.29|259.6|249.1|258.35
2020-06-16|267.09|267.14|258.69|263.82
2020-06-17|264.61|264.7|261.26|261.82
2020-06-18|260.04|262.26|259.11|261.45
2020-06-19|264.21|264.46|257.61|258.8
2020-06-22|257.88|260.58|256.68|260.32
2020-06-23|262.83|263.15|261.02|261.5
2020-06-24|259.22|259.52|252.94|254.63
2020-06-25|253.34|257.7125|252.06|257.44
2020-06-26|255.65|256.0543|249.7|250.38
2020-06-29|252.18|256.12|250.95|255.91
2020-06-30|255.07|259.05|254.7226|257.87
2020-07-01|258.87|260.2563|257.14|257.31
2020-07-02|261.15|262.17|257.88|258.42
2020-07-06|262.16|263.14|260.87|263
2020-07-07|261.1|261.85|258.78|259.04
2020-07-08|259.64|261.19|258.25|260.72
2020-07-09|260.87|261.189|255.35|257.24
2020-07-10|257.2|261.16|256.46|260.82
2020-07-13|263.06|266.52|260.58|261.04
2020-07-14|260.54|267.05|260.1|266.59
2020-07-15|270.47|270.54|267.05|268.91
2020-07-16|267.16|268.93|266.02|267.47
2020-07-17|267.95|268.07|266.17|266.74
2020-07-20|266.39|267.64|265.03|266.82
2020-07-21|268.82|270.27|267.65|268.34
2020-07-22|267.82|270.35|267.77|269.98
2020-07-23|269.64|269.78|265.62|266.69
2020-07-24|265.15|266.3399|264.05|264.69
2020-07-27|264.77|266.31|264.35|265.95
2020-07-28|264.92|265.61|263.63|263.93
2020-07-29|264.19|266.07|263.8|265.5
2020-07-30|262.48|263.82|259.941|263.28
2020-07-31|263.76|264.49|260.18|264.35
2020-08-03|265.67|267.15|265.35|266.72
2020-08-04|266.29|268.42|266.03|268.41
2020-08-05|269.99|272.27|269.9|272
2020-08-06|271.63|274.03|271.57|273.9
2020-08-07|273.2299|274.82|272.475|274.62
2020-08-10|275.5099|278.28|275.48|278.14
2020-08-11|280.9|281.78|276.47|277.19
2020-08-12|279.84|280.74|278.72|280.04
2020-08-13|279.13|280.22|278.2262|279.42
2020-08-14|278.23|280.1599|277.9|279.8
2020-08-17|280.14|280.25|278.5|278.95
2020-08-18|279.1|279.37|277.11|278.2
2020-08-19|278.68|279.74|276.97|277.43
2020-08-20|276.04|278.34|275.87|277.87
2020-08-21|277.04|279.61|276.86|279.29
2020-08-24|281.72|283.25|280.47|283.18
2020-08-25|284.23|284.23|281.02|282.62
2020-08-26|282.61|283.61|281.57|283.43
2020-08-27|284.44|286.45|283.68|285.04
2020-08-28|286.23|287.45|285|286.7
2020-08-31|286.26|286.34|283.8919|284.28
2020-09-01|283.73|286.93|283.17|286.79
2020-09-02|288.08|292.06|287.6|291.21
2020-09-03|290.97|292.36|281.1|283.34
2020-09-04|284.91|285.79|277.01|281.77
2020-09-08|278.82|278.83|275.0105|275.42
2020-09-09|278.09|282.49|277.39|279.85
2020-09-10|281.13|282.17|274.85|275.79
2020-09-11|276.95|278.82|274.96|277.09
2020-09-14|278.92|281.43|278.6721|280.53
2020-09-15|282.42|282.9|279.88|280.58
2020-09-16|281.54|284.2334|280.7803|281.03
2020-09-17|277.69|281.15|277.09|279.57
2020-09-18|279.02|279.4|274.7731|276.52
2020-09-21|271.58|272.17|267.05|271.44
2020-09-22|271.67|273.24|269.79|272.81
2020-09-23|274.18|274.59|267.08|267.58
2020-09-24|266.86|270.8777|265.27|268.1
2020-09-25|266.76|272.31|266.23|271.7
2020-09-28|275.26|277.12|274.72|275.9
2020-09-29|275.6|275.98|273.29|274.42
2020-09-30|275|280.17|275|277.5
2020-10-01|279.33|280.35|276.57|278.14
2020-10-02|274.17|278.51|273.6|276.8
2020-10-05|278.79|281.59|278.75|281.51
2020-10-06|282.54|283.52|277.24|277.72
2020-10-07|280.28|283.67|280.23|282.92
2020-10-08|284.52|284.68|282.69|284.29
2020-10-09|285.61|286.81|284.41|285.93
2020-10-12|286.95|289.61|286.68|288.46
2020-10-13|287.66|288.1099|286.02|286.74
2020-10-14|287.22|287.95|284.58|285.13
2020-10-15|282.03|285.4|281.66|285.04
2020-10-16|286.24|288.37|285.89|285.97
2020-10-19|286.64|287.06|281.28|282.03
2020-10-20|283.16|285.66|282.25|282.95
2020-10-21|282.54|284.47|281.83|281.97
2020-10-22|282.1|284.16|280.3001|283.65
2020-10-23|284.45|284.54|281.51|283.34
2020-10-26|280.14|280.39|273.7|277
2020-10-27|276.95|277.07|274.6|274.66
2020-10-28|269|270.75|265.02|265.48
2020-10-29|265.13|268.94|262.81|266.59
2020-10-30|265.03|266.32|261.41|265.06
2020-11-02|268.9|270.5|266.93|269.2
2020-11-03|272.66|276.43|272.2|274.65
2020-11-04|275.9|283.06|275.5601|278.51
2020-11-05|282.29|284.9599|282.07|283.91
2020-11-06|283.95|284.38|281.89|283.22
2020-11-09|298.61|299.49|291.39|291.72
2020-11-10|293.3|294.96|291.4|294.51
2020-11-11|296.07|296.14|292.93|294.11
2020-11-12|292.22|293.32|289.19|291.05
2020-11-13|292.97|295.9235|292.42|295.15
2020-11-16|299.28|300.08|297.568|299.98
2020-11-17|297.31|299.15|295.6|298.31
2020-11-18|299.2|299.75|294.76|294.76
2020-11-19|294.06|295.81|292.9|295.33
2020-11-20|294.22|294.5895|292.2|292.53
2020-11-23|294.26|296.65|293.48|295.89
2020-11-24|298.94|301.11|298.3|300.43
2020-11-25|299.95|300.04|298.05|298.74
2020-11-27|299.44|300.2|298.1701|299.24
2020-11-30|297.52|297.8|294.75|296.62
2020-12-01|299.73|301.0099|298.18|298.44
2020-12-02|297.1|299.34|296.35|299.18
2020-12-03|299.38|301.4|299.0531|300.06
2020-12-04|300.74|302.59|300.6|302.59
2020-12-07|301.77|302.16|300|301.1
2020-12-08|300.01|302.87|299.98|302.2
2020-12-09|303.22|303.6|299.97|300.88
2020-12-10|299.99|301.15|299.2|300.54
2020-12-11|299.43|301.18|298.68|300.93
2020-12-14|303.02|303.799|299|299.1
2020-12-15|300.95|302.94|299.48|302.62
2020-12-16|302.54|302.8721|301.32|302.15
2020-12-17|303.2165|303.71|302.85|303.49
2020-12-18|303.07|303.14|300.23|301.9
2020-12-21|298.79|302.97|297.42|302.14
2020-12-22|301.84|301.88|299.8597|300.07
2020-12-23|301.2|302.7899|301.14|301.28
2020-12-24|301.66|302.1|300.93|302.02
2020-12-28|303.69|305.15|303.3517|304
2020-12-29|305.43|305.7|302.64|303.46
2020-12-30|304.11|305.13|303.86|304.13
2020-12-31|304|306.29|303.35|305.79
2021-01-04|306.59|306.66|298.74|302.32
2021-01-05|301.93|305.05|301.38|303.84
2021-01-06|303.75|310.24|303.06|308.21
2021-01-07|309.72|311.98|309.059|310.5
2021-01-08|311.25|311.43|307.99|311.04
2021-01-11|308.49|311|308.42|310.17
2021-01-12|310.18|311.25|308.91|310.74
2021-01-13|310.63|311.6|309.92|310.63
2021-01-14|311.59|312.2683|309.89|310.05
2021-01-15|308.01|309.32|306.03|308.12
2021-01-19|310.36|310.74|308.6|309.32
2021-01-20|310.43|312.3385|309.94|311.77
2021-01-21|312.01|312.7098|311.2|311.87
2021-01-22|309.86|311.02|309.09|309.97
2021-01-25|308.99|309.78|305.62|309.65
2021-01-26|310.54|311.19|309.21|309.39
2021-01-27|306.54|306.7199|302.0971|303.26
2021-01-28|304.98|309.42|304.83|306.07
2021-01-29|303.92|304.78|298.59|299.81
2021-02-01|302.28|303.35|300.14|302.02
2021-02-02|304.5399|308.43|304.52|306.82
2021-02-03|306.1|307.9353|305.18|307.26
2021-02-04|307.85|310.67|307.77|310.67
2021-02-05|312.36|312.55|310.87|311.54
2021-02-08|312.6953|313.89|312.41|313.89
2021-02-09|313.26|314.5|312.57|313.92
2021-02-10|315.17|315.24|312.3|314.5
2021-02-11|315.09|315.76|312.8|314.68
2021-02-12|314.28|315.14|313.83|315.04
2021-02-16|316.33|316.54|314.8701|315.58
2021-02-17|314.69|316.91|313.87|316.6
2021-02-18|314.75|316|313.38|315.56
2021-02-19|315.61|316.34|314.58|314.92
2021-02-22|312.9|316.49|312.77|315.21
2021-02-23|314.77|316.49|311.6|315.39
2021-02-24|314.68|320.043|314.18|319.53
2021-02-25|319.7144|319.92|312.96|313.98
2021-02-26|314.42|314.44|308.78|309.45
2021-03-01|313.48|316.92|313.45|315.59
2021-03-02|315.72|316.43|314.01|314.19
2021-03-03|313.94|315.87|312.83|312.99
2021-03-04|313.19|314.92|305.68|309.58
2021-03-05|312.5|316.05|307.9|315.24
2021-03-08|316.75|321.73|315.83|318.25
2021-03-09|319.47|321.77|318.44|318.61
2021-03-10|320.53|324.31|320.47|323.33
2021-03-11|324.71|326.97|323.83|325.33
2021-03-12|325.67|328.49|325.5|328.31
2021-03-15|329.18|330.24|326.8101|330.09
2021-03-16|329.85|330|328.32|328.86
2021-03-17|329.21|331.03|328.38|330.77
2021-03-18|330.3|332.86|328.77|329.36
2021-03-19|328.09|328.18|324.98|326.01
2021-03-22|325.55|327.98|325.03|327.24
2021-03-23|326.32|327.48|323.44|324.06
2021-03-24|325.28|327.73|324.08|324.08
2021-03-25|322.71|326.62|320.62|326.19
2021-03-26|327.6|330.89|326.68|330.61
2021-03-29|329.29|332.46|328.9|331.66
2021-03-30|331.05|331.6|329.78|330.82
2021-03-31|330.61|331.62|329.94|330.18
2021-04-01|330.78|331.6|329.72|331.45
2021-04-05|333.94|336.1521|333.91|335.2
2021-04-06|334.69|335.42|333.78|334.37
2021-04-07|334.14|335.17|333.44|334.37
2021-04-08|334.3|335.15|333.43|335.13
2021-04-09|335.72|338.08|335.36|337.86
2021-04-12|337.26|337.86|336.65|337.55
2021-04-13|336.63|337.42|335.49|336.79
2021-04-14|336.81|339.11|336.74|337.53
2021-04-15|338.83|340.72|338.83|340.44
2021-04-16|341.73|342.43|340.982|341.86
2021-04-19|341.07|341.31|339.65|340.75
2021-04-20|339.4|339.86|336.7507|338.12
2021-04-21|337.63|341.54|337.56|341.3
2021-04-22|341.12|341.21|337.0901|338.12
2021-04-23|337.75|341.59|337.13|340.43
2021-04-26|341.15|341.48|339.39|339.87
2021-04-27|339.6|340.425|338.695|339.83
2021-04-28|339.23|339.49|338.06|338.37
2021-04-29|339.89|340.86|337.37|340.57
2021-04-30|338.92|339.65|337.85|338.94
2021-05-03|340.79|342.18|340.5535|341.11
2021-05-04|339.99|341.53|337.62|341.49
2021-05-05|342.25|343.3|340.37|342.28
2021-05-06|342.93|345.64|341.91|345.51
2021-05-07|345.17|348.29|344.81|347.88
2021-05-10|349.26|351.0885|347.59|347.74
2021-05-11|344.99|345.22|340.89|342.91
2021-05-12|341.55|342.23|335.71|336
2021-05-13|336.3|342.04|336.27|340.45
2021-05-14|342.31|344.93|341.8817|344.26
2021-05-17|343.33|345.125|342.04|343.65
2021-05-18|343.85|344.5|340.87|341.11
2021-05-19|337.56|339.56|335.2|339.44
2021-05-20|339.74|342.94|339.34|341.52
2021-05-21|342.29|344.07|341.275|342.04
2021-05-24|343.37|344.69|343.05|343.96
2021-05-25|344.68|345|342.66|343.18
2021-05-26|343.56|344.1194|342.67|343.27
2021-05-27|345.3499|346.16|343.87|344.6
2021-05-28|346.38|346.48|345.35|345.64
2021-06-01|348.5401|348.65|345.6|345.87
2021-06-02|346.75|347.35|345.75|346.36
2021-06-03|344.6079|346.96|343.56|346.02
2021-06-04|347.07|347.99|346.54|347.9
2021-06-07|348.5|348.54|346.02|346.59
2021-06-08|346.69|346.91|344.75|346.34
2021-06-09|346.5375|346.88|344.69|344.79
2021-06-10|346.54|347.73|344.8|344.98
2021-06-11|346.03|346.5485|343.57|345.12
2021-06-14|344.83|344.87|342.47|344.3
2021-06-15|344.51|344.53|342.3701|343.41
2021-06-16|343.41|343.64|339.49|340.76
2021-06-17|340.5599|341.28|336.62|338.65
2021-06-18|334.35|335.25|332.68|332.96
2021-06-21|335.26|339.0899|334.41|338.78
2021-06-22|338.73|340.41|337.45|339.45
2021-06-23|339.59|340.16|338.68|338.78
2021-06-24|340.67|342.3161|340.37|341.98
2021-06-25|343.69|344.98|343.0901|344.45
2021-06-28|344.33|344.42|341.82|342.8
2021-06-29|343.98|344.73|342.611|342.86
2021-06-30|342.38|345.51|342.35|344.95
2021-07-01|345.78|346.4|344.92|346.36
2021-07-02|347.04|348.29|346.18|347.94
2021-07-06|347.75|348.11|343.6|345.82
2021-07-07|345.65|347.14|344.4299|346.92
2021-07-08|342.56|345|341.53|344.38
2021-07-09|346.57|349.07|345.844|348.73
2021-07-12|348.01|350.29|347.37|350.03
2021-07-13|349.53|350.25|348.85|349
2021-07-14|350.19|350.69|348.36|349.41
2021-07-15|347.9|350|347.64|349.94
2021-07-16|350.72|350.74|346.34|346.74
2021-07-19|341.79|350.03|337.38|339.88
2021-07-20|340.29|346.12|339.75|345.08
2021-07-21|346.97|348.15|346.37|347.99
2021-07-22|347.77|348.81|346.68|348.26
2021-07-23|349.9999|350.99|349.205|350.57
2021-07-26|350|351.45|349.49|351.41
2021-07-27|350.02|350.68|348.725|350.62
2021-07-28|351.02|351.23|348.71|349.36
2021-07-29|350.95|351.7086|350.38|350.82
2021-07-30|349.88|351.01|348.67|349.48
2021-08-02|350.45|351.91|348.06|348.35
2021-08-03|349.09|351.19|347.11|351.09
2021-08-04|349.59|350.08|347.88|347.99
2021-08-05|348.85|350.65|348.67|350.61
2021-08-06|351.62|352.49|351.46|352.09
2021-08-09|351.6|352.06|350.55|351.15
2021-08-10|351.41|352.94|351.01|352.73
2021-08-11|353.94|355.12|353.7|354.94
2021-08-12|355.19|355.25|353.735|355.23
2021-08-13|355.85|356.37|355|355.39
2021-08-16|354.41|356.6|352.66|356.57
2021-08-17|353.91|354.67|351.51|353.83
2021-08-18|352.62|354.04|349.89|350.12
2021-08-19|347.33|350.48|347.31|349.48
2021-08-20|348.98|351.75|348.53|351.16
2021-08-23|352.96|354.31|352.92|353.45
2021-08-24|354.08|354.49|353.62|353.74
2021-08-25|353.78|355.04|352.92|354.18
2021-08-26|354.47|355|352.07|352.16
2021-08-27|352.65|354.8496|352.65|354.57
2021-08-30|354.96|355.22|353.88|354.08
2021-08-31|353.8|354.802|353.18|353.92
2021-09-01|354.29|354.35|353.29|353.55
2021-09-02|354.78|355.18|353.92|354.87
2021-09-03|353.68|354.6517|353.09|354.14
2021-09-07|353.64|353.69|350.99|351.44
2021-09-08|350.82|352.17|349.64|350.73
2021-09-09|350.56|352.5084|348.9223|349.31
2021-09-10|351.25|351.66|346.57|346.7
2021-09-13|348.91|349.94|347.47|349.3
2021-09-14|350.4|350.57|345.705|346.47
2021-09-15|346.41|349.46|345.78|348.82
2021-09-16|348.91|350.08|346|348.18
2021-09-17|346.85|347.7|345.06|345.64
2021-09-20|340.22|342.16|335.99|339.4
2021-09-21|341.41|343.07|339.01|339.11
2021-09-22|341.16|344.329|340.44|342.5
2021-09-23|344.81|348.67|344.53|347.56
2021-09-24|346.5|348.43|346.31|347.87
2021-09-27|348.29|350.5|348.17|348.61
2021-09-28|347.31|347.82|342.41|342.92
2021-09-29|343.87|345.67|342.88|343.77
2021-09-30|345.08|345.44|338.11|338.29
2021-10-01|340.03|344.78|337.68|343.18
2021-10-04|342.61|344.03|338.07|340.01
2021-10-05|341.13|344.87|340.47|343.13
2021-10-06|340.48|344.2999|338.47|344.12
2021-10-07|346.87|349.7699|346.77|347.63
2021-10-08|347.92|348.46|346.58|347.53
2021-10-11|347.66|349.56|344.86|344.98
2021-10-12|345.49|346.0999|343.19|343.78
2021-10-13|343.9499|344.56|341.12|343.89
2021-10-14|347.21|349.22|346.6|349.13
2021-10-15|351.65|353.08|350.9188|352.85
2021-10-18|351.34|353.13|350.245|352.5
2021-10-19|353.67|354.51|352.8|354.46
2021-10-20|354.51|356.58|354.37|356.03
2021-10-21|355.39|356.09|354.3|355.96
2021-10-22|355.97|357.62|355.32|356.74
2021-10-25|357.36|357.8916|356.29|357.55
2021-10-26|358.56|358.93|357.37|357.5
2021-10-27|358.09|358.3|354.96|354.98
2021-10-28|355.75|357.38|355.75|357.3
2021-10-29|356.65|358.52|356.391|358.23
2021-11-01|359.45|360.05|357.98|359.13
2021-11-02|359.41|360.88|358.79|360.57
2021-11-03|359.91|361.84|358.9|361.56
2021-11-04|361.34|361.65|359.87|361.35
2021-11-05|362.96|364.94|361.89|363.3
2021-11-08|365.06|365.64|363.33|364.32
2021-11-09|364.19|364.3|361.82|363.28
2021-11-10|362.52|363.73|360.2801|361.07
2021-11-11|361.19|361.26|359.38|359.46
2021-11-12|360.69|361.74|359.58|361.28
2021-11-15|362.6|362.73|360.67|361.24
2021-11-16|361.82|363.54|361.7|361.93
2021-11-17|361.44|361.58|359.54|359.85
2021-11-18|360.03|360.05|357.13|359.35
2021-11-19|357.89|357.89|355.38|355.91
2021-11-22|357.48|359.24|356.09|356.2
2021-11-23|356.28|358.37|355.34|358.02
2021-11-24|356.06|358.2|355.8|358.03
2021-11-26|350.33|351.46|347.36|349.02
2021-11-29|352.59|352.77|348.923|351.19
2021-11-30|348.7|350.01|344.36|344.9
2021-12-01|348.04|350.3775|340.32|340.46
2021-12-02|341.81|347.95|341.17|346.61
2021-12-03|347.86|348.5|343.08|346.24
2021-12-06|349.26|354.02|348.8262|352.82
2021-12-07|355.93|358.61|355.79|357.74
2021-12-08|358.17|358.87|356.42|357.99
2021-12-09|356.75|359.18|356.35|358.11
2021-12-10|359.59|360.33|357.61|360.23
2021-12-13|359.43|359.99|356.61|357.04
2021-12-14|355.71|358.41|354.97|356.17
2021-12-15|355.83|359.97|354.44|359.81
2021-12-16|361.27|362.51|358.31|359.44
2021-12-17|356.3|356.93|352.71|353.63
2021-12-20|349.38|349.64|346.541|349.27
2021-12-21|352.16|354.98|351.51|354.91
2021-12-22|354.95|357.56|354.17|357.39
2021-12-23|358.39|360.5|358.16|359.36
2021-12-27|360.06|362.96|359.7|362.92
2021-12-28|363.11|365.12|362.89|363.99
2021-12-29|363.9|365.64|363.79|364.84
2021-12-30|365.69|366.7205|363.6|364.07
2021-12-31|363.51|364.74|362.91|363.32
2022-01-03|364.34|365.85|362.3|365.68
2022-01-04|367.34|369.21|367.21|367.87
2022-01-05|367.71|369.4985|363.98|364.09
2022-01-06|364.11|364.65|361.96|362.39
2022-01-07|361.89|363.87|361.13|362.31
2022-01-10|361.07|361.22|356.44|360.79
2022-01-11|360.69|362.75|357.7|362.54
2022-01-12|363.73|364.56|361.67|362.95
2022-01-13|364.21|365.13|360.45|361.2
2022-01-14|358.21|359.8|356.4|359.14
2022-01-18|355.33|355.36|352.62|353.85
2022-01-19|354.91|355.55|350.21|350.35
2022-01-20|351.48|355.05|346.81|347.33
2022-01-21|347.09|348.85|342.14|342.35
2022-01-24|338.43|344.12|331.35|343.81
2022-01-25|340.26|345.79|335.34|342.96
2022-01-26|346.04|348|338.53|341.46
2022-01-27|344.4|347.6294|339.89|341.55
2022-01-28|341.86|347.18|337.9|347.11
2022-01-31|345.78|351.36|344.72|351.08
2022-02-01|351.66|354.27|349.68|353.94
2022-02-02|353.59|356.66|352.76|356.03
2022-02-03|354.82|355.22|350.58|350.98
2022-02-04|350.4|353.25|347.82|350.87
2022-02-07|351.26|353.16|349.83|350.9
2022-02-08|351.6|355.35|350.79|354.54
2022-02-09|357.35|358.1|356.66|357.67
2022-02-10|354.78|358.06|351.03|352.55
2022-02-11|352.46|354.42|346.23|347.29
2022-02-14|346.72|347.55|343.199|345.89
2022-02-15|348.93|350.755|348.35|350.22
2022-02-16|348.76|350.72|346.71|349.67
2022-02-17|347.43|347.71|342.86|343.68
2022-02-18|342.9|344.2|339.67|340.98
2022-02-22|338.79|340.26|333.58|336.01
2022-02-23|338.16|338.26|330.82|331.52
2022-02-24|322.82|332.74|322.685|332.34
2022-02-25|333.68|341.02|333.06|340.54
2022-02-28|335.95|339.8189|334.79|339.34
2022-03-01|337.27|339.02|331.33|333.16
2022-03-02|335.27|340.45|334.69|339
2022-03-03|340.71|342.09|336.6799|338.13
2022-03-04|334.61|336.865|332.8|336.47
2022-03-07|335.2|335.33|328.34|328.47
2022-03-08|328.49|334.4|326.06|326.53
2022-03-09|333.12|335.04|331.57|333.4
2022-03-10|329.32|332.85|328.68|332.11
2022-03-11|334.1|335.73|329.69|330.02
2022-03-14|331.75|334.6|328.79|330.07
2022-03-15|332|336.85|331.11|336.19
2022-03-16|339.19|341.42|334.54|341.36
2022-03-17|339.94|345.59|339.61|345.45
2022-03-18|343.62|347.44|342.65|347.19
2022-03-21|346.61|347.93|343.295|345.44
2022-03-22|347.12|348.7228|346.858|348.14
2022-03-23|345.75|346.44|343.3535|343.41
2022-03-24|344.49|347.06|343.4356|347.06
2022-03-25|347.8|349.32|346.19|348.54
2022-03-28|347.75|349.49|345.38|349.49
2022-03-29|352.6599|353.71|350.125|352.97
2022-03-30|352.15|353.47|350.44|352.12
2022-03-31|351.07|351.57|346.76|346.83
2022-04-01|348.15|348.35|345.24|348.01
2022-04-04|347.64|349.28|346.03|349.24
2022-04-05|347.82|351.05|345.5|346.34
2022-04-06|343.59|346.06|342.7|344.75
2022-04-07|343.77|347.1|341.89|345.97
2022-04-08|345.71|349.12|344.65|347.37
2022-04-11|345.36|347.08|342.74|343.2
2022-04-12|344.41|346.75|341|342.22
2022-04-13|341.69|346.05|341.54|345.76
2022-04-14|346.71|348.73|344.245|344.29
2022-04-18|343.87|346.07|342.63|344.1
2022-04-19|344.29|349.74|344.25|349.12
2022-04-20|351.06|353.07|350.2801|351.53
2022-04-21|353.96|354.8783|347.18|347.71
2022-04-22|346.34|346.41|337.74|338.27
2022-04-25|336.45|341.08|333.2|340.56
2022-04-26|338.03|339.05|332.27|332.45
2022-04-27|333.88|337|331.075|333.03
2022-04-28|335.24|340.535|332.491|339.29
2022-04-29|337.62|339.225|329.1|329.69
2022-05-02|330.35|332.34|324.4601|330.74
2022-05-03|331.18|333.42|329.11|331.25
2022-05-04|331.8|341.17|330.2|340.59
2022-05-05|337.83|338.24|326.89|330.24
2022-05-06|327.74|330.65|324.75|329.07
2022-05-09|324.98|326.37|321.37|322.6
2022-05-10|326.5|327.61|319.06|321.83
2022-05-11|321.74|326.07|318.16|318.46
2022-05-12|316.6|319.43|312.53|317.64
2022-05-13|320.33|323.03|318.8478|322.23
2022-05-16|321.71|325.57|319.695|322.78
2022-05-17|326.83|327.37|323.46|327.1
2022-05-18|324.21|324.39|314.43|315.55
2022-05-19|312.12|316.345|310.83|313.18
2022-05-20|314.79|315.07|306.28|312.42
2022-05-23|315.32|319.6484|314.7817|318.84
2022-05-24|316.57|320.15|313.62|319.39
2022-05-25|317.98|322.54|317.45|321.28
2022-05-26|322.9499|327.77|322.9|326.45
2022-05-27|327.05|332.13|326.82|332.07
2022-05-31|330.17|332.5457|327.66|330.2
2022-06-01|332.41|332.95|326.1|328.36
2022-06-02|328.55|332.78|325.36|332.77
2022-06-03|329.87|331.73|328.73|329.35
2022-06-06|331.59|332.74|328.53|329.45
2022-06-07|326.82|332.47|326.82|332.17
2022-06-08|330.56|331.925|328.5623|329.38
2022-06-09|328.16|329.99|323|323
2022-06-10|318.31|318.77|314.32|314.37
2022-06-13|307.5|309.62|304.16|305.58
2022-06-14|306.61|307.425|301.93|304.3
2022-06-15|306.4|310.68|302.26|307.23
2022-06-16|301.37|301.66|298.022|299.9
2022-06-17|298.27|301.5792|296.39|298.72
2022-06-21|303.08|306.47|302.62|305.29
2022-06-22|301.53|307.68|301.33|304.61
2022-06-23|305.67|307.06|302.78|306.74
2022-06-24|309.2|315.12|309.12|315.02
2022-06-27|315.4|315.89|313.38|314.36
2022-06-28|316|318.75|309.23|309.34
2022-06-29|310.4|311.48|308.83|310.05
2022-06-30|306.75|309.82|304.25|307.82
2022-07-01|307.4|311.31|304.77|310.85
2022-07-05|306.6|309.76|303.58|309.71
2022-07-06|310|312.29|307.94|310.41
2022-07-07|312.54|314.27|311.6112|313.95
2022-07-08|313.5|315.14|312.17|313.46
2022-07-11|311.66|313.74|311.17|311.7
2022-07-12|310.56|313.55|308.6|309.97
2022-07-13|306.19|309.94|305.11|307.75
2022-07-14|302.66|306.86|301.47|306.4
2022-07-15|310.81|312.78|309.15|312.66
2022-07-18|315.76|316.35|309.73|310.65
2022-07-19|313.07|318.4|312.66|318.11
2022-07-20|318.24|319.43|316.45|318.74
2022-07-21|317.63|320.46|315.38|320.41
2022-07-22|321.76|322.2|317.34|319.06
2022-07-25|320.07|320.39|318.25|319.96
2022-07-26|318.89|319.48|317.1|317.54
2022-07-27|318.88|323.44|318.04|322.01
2022-07-28|322.45|326.12|319.81|325.23
2022-07-29|325.5201|329.27|324.9231|328.66
2022-08-01|326.91|329.72|326.45|328.04
2022-08-02|326.97|327.78|323.9|324.04
2022-08-03|325.7|329.14|325.14|328.16
2022-08-04|327.69|328.36|326.55|327.36
2022-08-05|325.07|328.19|324.9298|327.97
2022-08-08|329.81|331.12|327.71|328.42
2022-08-09|328.28|328.94|327.19|327.91
2022-08-10|332.5973|333.83|331.9627|333.2
2022-08-11|335.82|336.8|333.18|333.71
2022-08-12|334.8|337.92|334.19|337.83
2022-08-15|336.11|339.85|336.06|339.37
2022-08-16|338.82|343.09|338.75|341.74
2022-08-17|339.67|342.06|338.7034|340.2
2022-08-18|340.2|341|338.97|340.58
2022-08-19|338.35|338.66|336.26|337.04
2022-08-22|333.11|333.52|330.16|330.76
2022-08-23|330.31|331.45|328.64|329.11
2022-08-24|328.93|331.03|328.33|329.86
2022-08-25|330.09|333.15|329|333.15
2022-08-26|333.49|333.67|322.82|322.93
2022-08-29|320.54|323.33|319.75|321.1
2022-08-30|322.09|322.17|316.57|318.04
2022-08-31|318.46|320.17|315.6|315.65
2022-09-01|314.29|317.25|312.7|317.06
2022-09-02|319.7699|320.745|312.31|313.76
2022-09-06|314.55|315.2|310.93|312.2
2022-09-07|311.64|316.94|311.45|316.33
2022-09-08|314.69|318.4|313.68|318.24
2022-09-09|320.08|322.94|319.5001|322.28
2022-09-12|323.29|325.68|323.21|324.57
2022-09-13|318.8|319.59|310.83|311.73
2022-09-14|312.36|313.48|309.53|312.06
2022-09-15|311.63|313.52|309.53|310.36
2022-09-16|305.96|308.58|305.35|308.05
2022-09-19|305.37|310.19|305.29|310.15
2022-09-20|307.69|307.99|304.58|307.02
2022-09-21|308.52|310.27|301.72|301.81
2022-09-22|301.56|302.97|299.89|300.52
2022-09-23|297.82|298|292.395|295.86
2022-09-26|294.6|296.24|291.495|292.72
2022-09-27|294.78|296.53|289.5|291.3
2022-09-28|292.35|298.0272|291.05|296.73
2022-09-29|294.77|294.85|289.85|292.21
2022-09-30|291.21|293.46|287.04|287.3
2022-10-03|290.555|296.37|289.47|294.79
2022-10-04|298.61|303.18|298.4408|303.14
2022-10-05|299.73|304.55|298.8|302.79
2022-10-06|301.47|303.31|298.61|299.23
2022-10-07|296.73|296.89|291.435|292.97
2022-10-10|294.28|294.92|290.09|291.96
2022-10-11|291.18|296.135|290.7232|292.29
2022-10-12|292.46|294.57|291.37|292.16
2022-10-13|287.14|301.73|286.62|300.56
2022-10-14|302.54|304.3557|296.19|296.82
2022-10-17|300.89|303.21|299.98|302.06
2022-10-18|308.26|308.38|303.04|305.47
2022-10-19|304.34|306.65|302.29|304.35
2022-10-20|304.83|308.37|302.74|303.31
2022-10-21|303.08|311.2|302.01|310.88
2022-10-24|312.53|316.0001|311.6|315.05
2022-10-25|314.35|318.78|314.11|318.49
2022-10-26|317.98|321.72|317.77|318.38
2022-10-27|321.5599|323.87|319.92|320.46
2022-10-28|321.77|328.89|321.46|328.58
2022-10-31|326.92|328.82|325.86|327.42
2022-11-01|329.37|329.8284|324.8|326.41
2022-11-02|325.46|330.75|321.32|321.36
2022-11-03|319.35|321.85|317.18|319.87
2022-11-04|323.61|326.1432|319.34|324.14
2022-11-07|325.14|328.95|324.15|328.42
2022-11-08|329.4714|333.5599|328.29|331.71
2022-11-09|329.71|330.87|324.961|325.34
2022-11-10|334.22|337.49|331.88|337.26
2022-11-11|337.9|338.37|334.14|337.79
2022-11-14|336.71|339.8704|335.564|335.77
2022-11-15|338.49|340.12|333.42|336.21
2022-11-16|335.67|337.25|335.55|336.07
2022-11-17|332.73|336.78|332.73|336.1
2022-11-18|337.46|338.15|335.26|337.37
2022-11-21|337.66|338.6457|335.5349|337.05
2022-11-22|338.89|341.12|338.39|340.96
2022-11-23|340.61|342.58|339.99|341.95
2022-11-25|342.09|343.795|342.03|343.52
2022-11-28|341.69|342.98|337.95|338.49
2022-11-29|337.93|339.37|336.61|338.48
2022-11-30|338.65|346.19|336.18|346.15
2022-12-01|346.75|346.76|341.69|344.41
2022-12-02|340.86|345.41|340.86|344.74
2022-12-05|342.45|343.305|339.03|340.03
2022-12-06|339.77|340.649|334.72|336.46
2022-12-07|336.14|338.33|335.54|336.44
2022-12-08|337.74|339.65|337.06|338.46
2022-12-09|337.67|339.11|335.2501|335.37
2022-12-12|336.14|340.65|336.06|340.62
2022-12-13|348.181|348.22|339.5|341.81
2022-12-14|341.78|344.66|337.64|340.22
2022-12-15|336.58|337.37|330.78|332.8
2022-12-16|329.29|330.5|326.445|328.97
2022-12-19|328.87|330.33|325.71|327.38
2022-12-20|327.59|329.8693|326.41|328.38
2022-12-21|331.541|334.3291|331.12|333.6
2022-12-22|331.5|331.85|325.65|330.26
2022-12-23|329.62|332.19|328.06|331.93
2022-12-27|332.34|333.82|330.57|332.37
2022-12-28|332.69|333.74|328.57|328.57
2022-12-29|330.53|332.85|330.125|332.06
2022-12-30|330.62|331.4|328.345|331.33
2023-01-03|332.42|333.8276|328.3536|331.22
2023-01-04|332.56|334.04|330.2|332.56
2023-01-05|330.97|331.15|328.1|329.22
2023-01-06|332.18|337.12|329.91|336.28
2023-01-09|337.69|339.41|334.92|335.29
2023-01-10|334.95|337.33|334.29|337.23
2023-01-11|338.4|339.806|337.13|339.76
2023-01-12|340.88|343|337.95|342
2023-01-13|339.16|343.49|339.11|343.04
2023-01-17|342.36|342.75|338.6304|339.16
2023-01-18|339.57|340.2|332.7|332.97
2023-01-19|331.06|332.455|329.965|330.63
2023-01-20|330.82|333.73|329.35|333.67
2023-01-23|334.69|337.75|333.05|336.17
2023-01-24|334.96|337.72|333.7|337.1
2023-01-25|334.24|337.64|332.55|337.32
2023-01-26|338.45|339.46|336.2|339.36
2023-01-27|339.4|341.535|338.16|339.61
2023-01-30|338.461|340.43|336.845|337.06
2023-01-31|337.6|340.86|336.51|340.83
2023-02-01|339.12|343.27|335.58|340.87
2023-02-02|341.51|341.51|338.01|340.43
2023-02-03|338.77|341.67|337.96|338.98
2023-02-06|337.65|339.56|336.69|338.48
2023-02-07|336.95|342.305|336.19|341.52
2023-02-08|340.37|341.46|338.84|339.42
2023-02-09|341.75|342.56|336.0604|337.08
2023-02-10|336.74|339.01|335.95|338.73
2023-02-13|338.88|342.56|338.88|342.55
2023-02-14|341.52|343.53|338.41|341.14
2023-02-15|339.46|341.67|338.63|341.66
2023-02-16|338.5|340.89|337.31|337.39
2023-02-17|335.72|338.43|335.08|338.29
2023-02-21|334.72|335.94|331.1|331.25
2023-02-22|331.75|332.43|329.45|330.52
2023-02-23|331.85|332.7499|327.98|331.67
2023-02-24|327.83|329.135|326.43|328.12
2023-02-27|330.73|331.98|328.2|329.06
2023-02-28|328.87|328.87|326.51|326.57
2023-03-01|326.04|327.82|325.3|327
2023-03-02|327.57|331.2|326.8|330.44
2023-03-03|331.52|334.43|330.415|334.21
2023-03-06|334.63|336.12|334.18|334.68
2023-03-07|334.67|334.92|328.72|328.87
2023-03-08|328.92|329.5|326.6|328.49
2023-03-09|329.72|330.44|322.4|323.08
2023-03-10|322.54|324.87|318.43|319.73
2023-03-13|316.76|323.17|316.66|318.82
2023-03-14|322.21|323.71|318.71|322.19
2023-03-15|316.9|319.8071|314.97|319.54
2023-03-16|317.66|323.57|316.43|323.25
2023-03-17|320.72|321.09|317.16|318.5
2023-03-20|319.33|322.75|319.33|322.3
2023-03-21|325.42|325.84|323.34|325.62
2023-03-22|325.65|327.56|320.06|320.18
2023-03-23|321.33|325.02|318.5|320.84
2023-03-24|319.45|322.46|317.9086|322.32
2023-03-27|324.59|325.57|323.3|324.31
2023-03-28|323.99|325.65|322.84|323.81
2023-03-29|326.58|327.1663|325.29|327.08
2023-03-30|328.88|328.95|326.72|328.48
2023-03-31|329.59|332.81|329.51|332.62
2023-04-03|333.59|336.25|333.51|335.91
2023-04-04|335.91|336.26|332.6301|333.94
2023-04-05|334|335.45|333.76|334.82
2023-04-06|334.35|335.31|333.28|334.9
2023-04-10|334|335.96|333.4327|335.96
2023-04-11|336.31|337.87|336.0148|336.9
2023-04-12|338.61|339.01|335.96|336.61
2023-04-13|337.07|340.58|336.07|340.37
2023-04-14|339.94|340.85|337.31|338.84
2023-04-17|339.12|339.93|337.99|339.92
2023-04-18|339.94|340.2224|337.9|339.8
2023-04-19|339.11|339.63|338.19|338.99
2023-04-20|337.43|338.85|336.85|337.95
2023-04-21|338.26|338.58|336.81|338.11
2023-04-24|337.91|338.91|337.21|338.75
2023-04-25|338.17|338.68|335.2|335.33
2023-04-26|335.6|336.46|332.31|332.95
2023-04-27|334.18|338.58|333.83|338.2
2023-04-28|337.19|341.04|337.13|341.03
2023-05-01|341.1|342.59|340.26|340.36
2023-05-02|339.94|340|334.31|336.87
2023-05-03|337.13|338.18|333.93|334.11
2023-05-04|333.28|333.59|329.37|331.33
2023-05-05|334.26|337.5|333.94|336.73
2023-05-08|337.17|337.39|335.09|336.22
2023-05-09|335.41|336.6785|335.15|335.77
2023-05-10|337.4|337.85|332.49|335.49
2023-05-11|333.74|333.87|331.47|333.33
2023-05-12|334.42|334.45|331.31|333.2
2023-05-15|333.51|334.26|331.86|333.77
2023-05-16|332.71|333.07|330.28|330.35
2023-05-17|332.14|335.17|330.89|334.61
2023-05-18|333.9|336.4399|332.75|336.06
2023-05-19|335.96|336.45|333.22|334.19
2023-05-22|334.12|335.145|332.02|332.9
2023-05-23|331.76|333.1|330.08|330.61
2023-05-24|330|330.24|327.48|328.01
2023-05-25|328.07|328.725|325.82|327.75
2023-05-26|328.13|331.62|327.92|330.84
2023-05-30|330.65|331.315|328.92|330.52
2023-05-31|329.45|330.17|327.7|329.52
2023-06-01|328.91|331.98|327.32|330.94
2023-06-02|333.24|338.5|333.11|338.07
2023-06-05|338.21|338.48|335.96|336.13
2023-06-06|336.03|336.74|334.47|336.17
2023-06-07|336.54|337.52|335.93|337.17
2023-06-08|337.23|339.26|336.75|338.81
2023-06-09|338.57|340.26|338.32|339.27
2023-06-12|339.74|341.3|339.23|341.17
2023-06-13|341.74|343.63|341.6|342.62
2023-06-14|341.39|342.04|338.3401|340.42
2023-06-15|340.35|345.58|340.18|344.77
2023-06-16|345.35|345.73|342.72|342.95
2023-06-20|341.3|341.61|339|340.46
2023-06-21|339.62|340.91|338.68|339.43
2023-06-22|338.94|339.93|338.24|339.34
2023-06-23|337.12|338.19|336.22|337.16
2023-06-26|336.8|338.08|335.95|337.14
2023-06-27|337.1|339.65|337.1|339.23
2023-06-28|338.73|338.94|337.43|338.63
2023-06-29|338.41|341.39|338.11|341.16
2023-06-30|343.22|344.58|342.76|343.85
2023-07-03|343|344.53|342.78|344.07
2023-07-05|342.38|343.74|342.25|342.81
2023-07-06|340.24|340.87|337.7|339.23
2023-07-07|337.97|340.4|337.19|337.43
2023-07-10|337.4|339.65|337.17|339.58
2023-07-11|340.74|342.92|339.9501|342.64
2023-07-12|344.91|345.9|343.15|343.63
2023-07-13|344.34|344.88|343.7|343.92
2023-07-14|345.71|345.92|344.51|345.17
2023-07-17|344.56|346.7|344.22|345.85
2023-07-18|345.65|349.91|345.25|349.58
2023-07-19|350.4|352.45|350.4|350.69
2023-07-20|351.45|353.89|351.35|352.43
2023-07-21|352.81|353.32|351.71|352.14
2023-07-24|352.71|354.57|352.53|354.07
2023-07-25|353.8|355.175|353.55|354.32
2023-07-26|353.14|356.28|353.12|355.25
2023-07-27|355.86|356.36|352.04|352.77
2023-07-28|354.51|355.55|353.4299|354.48
2023-07-31|354.57|355.6|354.19|355.57
2023-08-01|355.27|356.7|355.14|356.2
2023-08-02|354.48|355.2|352.11|352.74
2023-08-03|351.6|353.39|351.115|351.99
2023-08-04|353.12|354.96|350.195|350.65
2023-08-07|352.04|354.87|351.88|354.62
2023-08-08|352.42|353.35|349.921|353.02
2023-08-09|352.87|353.676|350.54|351.28
2023-08-10|353.15|355.92|351.19|351.89
2023-08-11|351.19|353.72|350.61|353
2023-08-14|352.73|353.5|351.77|353.21
2023-08-15|351.67|352.02|349.18|349.61
2023-08-16|349.3|351.52|347.71|347.77
2023-08-17|348.95|349.32|344.82|345.06
2023-08-18|342.95|345.91|342.68|345.12
2023-08-21|345.3|345.7201|342.49|344.67
2023-08-22|344.79|345.14|342.57|342.96
2023-08-23|343.53|345.3999|343.25|344.83
2023-08-24|344.32|346.97|340.97|341.03
2023-08-25|342.46|344.55|340.35|343.5
2023-08-28|345.21|346.67|344.5|345.71
2023-08-29|345.56|348.75|345.4|348.62
2023-08-30|349.1|350.73|348.52|349.4
2023-08-31|350.92|351.28|347.74|347.81
2023-09-01|349.93|350.36|347.75|348.98
2023-09-05|349.08|349.275|346.9|346.98
2023-09-06|346.45|346.51|343.4601|345
2023-09-07|344.46|346.239|344.345|345.69
2023-09-08|345.77|347.04|345.4785|346.51
2023-09-11|348.02|348.59|346.51|347.37
2023-09-12|346.64|349.3007|346.36|347.21
2023-09-13|347.56|348.51|345.82|346.55
2023-09-14|348.66|350.63|347.73|349.94
2023-09-15|348.26|348.85|345.6|346.14
2023-09-18|346.28|347.13|345.31|346.15
2023-09-19|345.47|345.81|342.98|345.07
2023-09-20|346.04|347.655|344.2|344.32
2023-09-21|343.17|343.65|340.47|340.58
2023-09-22|340.69|341.43|339.32|339.58
2023-09-25|338.73|340.07|337.69|339.98
2023-09-26|337.87|338.74|335.55|336.04
2023-09-27|336.88|337.15|332.93|335.43
2023-09-28|335.32|337.67|334.57|336.62
2023-09-29|338.78|338.83|333.91|334.95
2023-10-02|334.29|335.02|332.08|334.09
2023-10-03|332.84|333.88|329.0401|329.98
2023-10-04|330.13|331.46|328.605|330.99
2023-10-05|330.82|331.75|329.39|331.17
2023-10-06|330.35|335.64|328.48|334.1
2023-10-09|332.95|336.38|332.59|336.09
2023-10-10|337.2|339.005|336.03|337.45
2023-10-11|338.19|338.84|336.16|338.03
2023-10-12|338.77|338.77|334.57|336.27
2023-10-13|337.48|339.61|335.52|336.68
2023-10-16|338.77|340.91|338.41|339.89
2023-10-17|338.33|341.52|338.27|339.99
2023-10-18|339.74|339.97|336|336.63
2023-10-19|336.69|338.62|333.76|334.12
2023-10-20|333.38|334.23|331.13|331.19
2023-10-23|329.9|332.33|328.88|329.32
2023-10-24|331|332.7|329.85|331.44
2023-10-25|332.22|332.69|329.83|330.35
2023-10-26|330.16|331.015|327.36|327.82
2023-10-27|327.84|327.88|323.21|324.19
2023-10-30|326.39|330.02|326.37|329.23
2023-10-31|329.18|330.68|327.84|330.48
2023-11-01|330.92|333.36|330.1|332.68
2023-11-02|334.78|338.52|334.41|338.39
2023-11-03|340.12|341.615|339.39|340.61
2023-11-06|340.86|341.64|339.89|341.04
2023-11-07|340.73|342.07|340.3|341.54
2023-11-08|342.1|342.59|339.94|341.12
2023-11-09|342.01|342.05|338.77|339.11
2023-11-10|340.81|343.3|339.27|343.01
2023-11-13|342.38|344.3|342.23|343.57
2023-11-14|347.52|349.52|346.67|348.42
2023-11-15|349.29|350.78|348.98|350.27
2023-11-16|349.58|350.801|348.75|350.02
2023-11-17|349.78|350.22|348.73|349.43
2023-11-20|349.1|352.24|349.07|351.52
2023-11-21|351.11|351.21|350.36|350.82
2023-11-22|351.89|353.14|351.5|352.56
2023-11-24|353.16|353.95|353.04|353.8
2023-11-27|353.63|354.14|352.78|353.32
2023-11-28|353.49|355.14|353.09|354.11
2023-11-29|354.97|356.13|354.37|354.65
2023-11-30|356.71|360.18|356.45|360
2023-12-01|360.02|363.25|359.86|363.05
2023-12-04|361.15|362.95|361.02|362.64
2023-12-05|361.86|362.26|360.7001|361.91
2023-12-06|362.81|363.5508|360.83|361.22
2023-12-07|361.96|362.36|360.93|361.83
2023-12-08|361.76|363.68|361.38|363.12
2023-12-11|363.6|364.87|363|364.69
2023-12-12|365.41|366.68|364.43|366.41
2023-12-13|366.6|371.74|366|371.74
2023-12-14|372.71|373.67|371.26|373.33
2023-12-15|371.74|373.39|371.33|372.63
2023-12-18|373.29|373.87|372.76|372.98
2023-12-19|373.24|375.56|373.12|375.5
2023-12-20|374.67|376.34|370.61|370.8
2023-12-21|372.89|374.13|371.16|373.88
2023-12-22|373.64|375.31|372.58|373.8
2023-12-26|373.68|376.09|373.58|375.35
2023-12-27|375.1|376.79|374.75|376.56
2023-12-28|376.52|377.69|376.52|377.03
2023-12-29|376.95|377.46|375.27|376.87
2024-01-02|374.8|377.815|374.8|377.09
2024-01-03|375.57|376.12|373.9|374.21
2024-01-04|374.84|377.22|374.4|374.54
2024-01-05|374.43|376.25|373.21|374.64
2024-01-08|373.4|376.97|372.47|376.84