2018-08-01|10.5527|10.7647|10.306|10.424
2018-08-02|10.1547|10.7833|10.0469|10.7473
2018-08-03|10.7507|10.8403|10.6|10.8
2018-08-06|10.7553|10.9987|10.5657|10.9947
2018-08-07|11.1153|11.2824|11.0213|11.264
2018-08-08|11.208|11.4007|11.1243|11.35
2018-08-09|11.2153|11.2233|10.9853|10.9987
2018-08-10|10.3827|10.4607|10.0247|10.17
2018-08-13|10.2227|10.4907|10.1869|10.21
2018-08-14|10.3933|10.456|10.1312|10.1793
2018-08-15|9.9607|10.0259|9.4333|9.76
2018-08-16|9.9687|9.988|9.62|9.692
2018-08-17|9.4073|9.5493|9.0533|9.4707
2018-08-20|9.5333|9.616|9.1279|9.4487
2018-08-21|9.56|10.074|9.5173|10.008
2018-08-22|9.9167|10.1727|9.7453|10.1393
2018-08-23|10.1373|10.3967|10.092|10.174
2018-08-24|10.296|10.6193|10.2933|10.6113
2018-08-27|10.82|11.35|10.7793|11.1087
2018-08-28|11.2587|11.3732|10.9107|11.2373
2018-08-29|11.236|11.42|11.1153|11.3307
2018-08-30|11.2233|11.3753|10.972|11.012
2018-08-31|10.9333|11.242|10.9333|11.2
2018-09-04|11.0513|11.4813|10.99|11.4573
2018-09-05|11.4|11.526|11.0013|11.2927
2018-09-06|11.192|11.206|10.3585|10.3867
2018-09-07|10.2667|10.7167|10.1833|10.2607
2018-09-10|10.5127|10.5967|10.2949|10.5953
2018-09-11|10.4173|10.5053|10.1107|10.2787
2018-09-12|9.9373|9.9373|9.2533|9.926
2018-09-13|10.2387|10.6393|10.1487|10.2753
2018-09-14|10.4533|10.72|10.3453|10.6087
2018-09-17|10.4173|10.5667|10.1093|10.1333
2018-09-18|10.274|10.6|10.274|10.418
2018-09-19|10.4133|10.6067|10.3273|10.4773
2018-09-20|10.6447|10.9673|10.6447|10.838
2018-09-21|10.8353|10.9867|10.6587|10.7407
2018-09-24|10.4827|10.8713|10.4108|10.8547
2018-09-25|10.7187|10.7473|10.2207|10.2847
2018-09-26|10.18|10.3493|9.962|9.9947
2018-09-27|10.0733|10.22|9.9907|10.124
2018-09-28|10.0547|10.3943|9.985|10.3073
2018-10-01|10.3927|10.65|10.3147|10.3933
2018-10-02|10.3247|10.8167|10.3073|10.41
2018-10-03|10.5407|10.63|10.1333|10.4273
2018-10-04|10.24|10.2667|9.6|9.8667
2018-10-05|9.7607|9.8973|8.8973|9.17
2018-10-08|9|9.1867|8.6133|8.8447
2018-10-09|8.778|8.954|8.6566|8.8373
2018-10-10|8.5067|8.5083|7.6533|7.6647
2018-10-11|7.6467|8.1053|7.2467|7.4207
2018-10-12|8.0407|8.1553|7.5|7.834
2018-10-15|7.724|7.88|7.534|7.6247
2018-10-16|7.9133|8.4027|7.8487|8.3713
2018-10-17|8.5327|8.6053|8.0933|8.2653
2018-10-18|8.1613|8.1667|7.5553|7.6467
2018-10-19|7.802|7.918|7.2|7.286
2018-10-22|7.4333|7.5587|7.2293|7.428
2018-10-23|6.8433|7.4333|6.6108|7.3087
2018-10-24|6.944|6.9667|5.8333|5.8633
2018-10-25|6.0007|6.4027|5.9601|6.262
2018-10-26|5.8393|6.2533|5.6253|5.9287
2018-10-29|6.2673|6.3694|5.416|5.754
2018-10-30|5.7213|6.4773|5.6927|6.47
2018-10-31|6.7667|6.8533|6.5227|6.7027
2018-11-01|6.7947|7.692|6.7893|7.6253
2018-11-02|7.618|7.6793|7.008|7.2833
2018-11-05|7.2467|7.2627|6.7387|7.096
2018-11-06|7.0473|7.424|7.0473|7.3533
2018-11-07|7.6573|7.6747|7.3447|7.6173
2018-11-08|7.3993|7.6807|7.304|7.5173
2018-11-09|7.2|7.2766|6.9017|7.098
2018-11-12|6.7553|6.7579|6.0733|6.168
2018-11-13|6.2673|6.7713|6.2673|6.396
2018-11-14|6.6327|6.7713|6.2973|6.4707
2018-11-15|6.3987|7.2|6.3667|7.1253
2018-11-16|6.39|6.9631|6.3507|6.8707
2018-11-19|6.7027|6.8377|6.0633|6.0713
2018-11-20|5.5727|6.3453|5.5567|6.1
2018-11-21|6.3193|6.4459|6.162|6.1727
2018-11-23|6.0667|6.3333|6|6.17
2018-11-26|6.4333|6.5213|6.2427|6.5187
2018-11-27|6.406|6.7133|6.3127|6.5607
2018-11-28|6.7573|7.012|6.3807|7.0113
2018-11-29|6.9107|7.0513|6.7927|6.8447
2018-11-30|6.8627|7.14|6.6367|7.126
2018-12-03|7.7973|7.8613|7.48|7.702
2018-12-04|7.5233|7.552|6.5667|6.5787
2018-12-06|6.0387|6.4707|5.9397|6.4707
2018-12-07|6.4273|6.4733|5.6573|5.746
2018-12-10|5.7153|6.052|5.658|5.9893
2018-12-11|6.2707|6.51|5.9896|6.0953
2018-12-12|6.3873|6.6273|6.2287|6.3653
2018-12-13|6.4847|6.5747|6.2241|6.2947
2018-12-14|6.0833|6.4099|6.022|6.026
2018-12-17|5.9667|6.2751|5.691|5.8
2018-12-18|5.946|6.3053|5.9447|6.0293
2018-12-19|5.9713|6.1267|5.1813|5.2673
2018-12-20|5.2407|5.5067|4.936|5.1327
2018-12-21|5.232|5.4147|4.838|4.8973
2018-12-24|4.7687|4.9233|4.4667|4.472
2018-12-26|4.6527|5.2447|4.4253|5.2407
2018-12-27|4.9567|5.3413|4.8032|5.3387
2018-12-28|5.4547|5.7467|5.3142|5.4513
2018-12-31|5.638|5.6913|5.3907|5.5547
2019-01-02|5.1807|5.8222|5.174|5.702
2019-01-03|5.3153|5.3887|4.6727|4.6887
2019-01-04|4.922|5.3566|4.8867|5.2947
2019-01-07|5.3987|5.754|5.2807|5.6053
2019-01-08|5.7753|5.7827|5.2987|5.5193
2019-01-09|5.678|6.0219|5.6726|5.946
2019-01-10|5.7607|6.1373|5.7573|6.1133
2019-01-11|6.0187|6.4516|5.9667|6.284
2019-01-14|6.05|6.118|5.8907|5.9867
2019-01-15|6.0287|6.2431|5.952|6.026
2019-01-16|6.1|6.1796|5.8707|5.8787
2019-01-17|5.794|6.176|5.6547|6.082
2019-01-18|6.2633|6.616|6.1613|6.4993
2019-01-22|6.3153|6.322|5.8133|5.9527
2019-01-23|6.0673|6.1257|5.6607|5.8287
2019-01-24|6.1927|6.9|6.1927|6.8253
2019-01-25|6.8947|7.342|6.7667|7.2613
2019-01-28|6.4533|6.9947|6.4073|6.8187
2019-01-29|6.8573|6.9067|6.4969|6.524
2019-01-30|6.876|7.1667|6.6565|7.09
2019-01-31|7.066|7.274|6.9|7.0953
2019-02-01|7.1067|7.4407|7.1067|7.3433
2019-02-04|7.36|7.4553|7.1667|7.454
2019-02-05|7.4667|7.6567|7.4093|7.558
2019-02-06|7.8333|8.3367|7.826|8.1653
2019-02-07|7.8667|7.9673|7.4227|7.62
2019-02-08|7.2733|7.6247|7.1847|7.5887
2019-02-11|7.706|7.7487|7.4905|7.6973
2019-02-12|7.9867|8.2353|7.9373|8.1827
2019-02-13|8.332|8.442|8.1749|8.254
2019-02-14|8.136|8.5|8.136|8.3187
2019-02-15|8.5327|8.5773|8.2947|8.4533
2019-02-19|8.3047|8.5747|8.3007|8.3987
2019-02-20|8.472|8.7793|8.4693|8.63
2019-02-21|8.6527|8.6935|8.3593|8.44
2019-02-22|8.6427|8.734|8.5253|8.7033
2019-02-25|9.134|9.2207|8.8993|8.922
2019-02-26|8.8293|8.9493|8.6633|8.7373
2019-02-27|8.6147|8.6147|8.1507|8.4287
2019-02-28|8.324|8.5176|8.2397|8.4493
2019-03-01|8.7027|8.7823|8.4007|8.67
2019-03-04|8.8647|8.9273|8.3487|8.674
2019-03-05|8.6513|8.7107|8.448|8.55
2019-03-06|8.524|8.556|8.12|8.132
2019-03-07|8|8.0407|7.7112|7.8553
2019-03-08|7.4427|7.862|7.38|7.8427
2019-03-11|7.9887|8.5127|7.9467|8.402
2019-03-12|8.458|8.6325|8.2553|8.5
2019-03-13|8.6353|8.8027|8.5667|8.604
2019-03-14|8.61|8.726|8.442|8.4573
2019-03-15|8.7653|9.3847|8.72|9.186
2019-03-18|9.244|9.3846|8.962|9.126
2019-03-19|9.3627|9.5593|9.3173|9.4787
2019-03-20|9.466|9.6287|9.0347|9.2087
2019-03-21|9.2367|10.3487|9.2367|10.1633
2019-03-22|10.0113|10.0743|9.2733|9.2987
2019-03-25|9.1447|9.3533|8.7213|8.944
2019-03-26|9.3193|9.4507|9.0027|9.216
2019-03-27|9.2333|9.3173|8.6093|8.812
2019-03-28|8.8907|9.092|8.587|8.766
2019-03-29|9.074|9.2153|8.9989|9.1693
2019-04-01|9.5773|9.8693|9.456|9.8447
2019-04-02|9.8293|9.9489|9.696|9.876
2019-04-03|10.2367|10.8087|10.214|10.5487
2019-04-04|10.436|10.7953|10.4313|10.5887
2019-04-05|10.7927|10.8473|10.6007|10.8307
2019-04-08|10.6833|10.9333|10.6167|10.9087
2019-04-09|10.7333|10.7333|10.3933|10.5407
2019-04-10|10.5393|10.9|10.52|10.8113
2019-04-11|10.8667|11.0053|10.68|10.7847
2019-04-12|11.0933|11.2393|10.9747|11.2333
2019-04-15|11.2293|11.2667|10.7962|10.994
2019-04-16|11.1993|12.0473|11.1727|12.0413
2019-04-17|12.7333|13.0627|12.3027|12.5893
2019-04-18|12.6013|12.724|12.4213|12.6133
2019-04-22|12.4333|12.7027|12.2933|12.6187
2019-04-23|12.778|13.1205|12.6947|12.9973
2019-04-24|12.9673|13.762|12.9673|13.374
2019-04-25|13.2627|13.2627|12.3013|12.646
2019-04-26|11.9287|12.3333|11.542|12.3293
2019-04-29|12.3713|12.416|12.102|12.2647
2019-04-30|12.2093|12.6207|12.1893|12.5367
2019-05-01|12.934|13.1066|12.2093|12.2293
2019-05-02|12.1653|13.02|12.1367|12.6367
2019-05-03|12.8633|12.908|12.4508|12.89
2019-05-06|11.606|12.2847|11.4813|12.2567
2019-05-07|11.8013|11.8593|10.9601|11.362
2019-05-08|11.1253|11.6|11.024|11.0893
2019-05-09|10.5667|10.848|9.9553|10.6947
2019-05-10|10.4793|10.9233|9.974|10.726
2019-05-13|9.6627|9.8587|9.0793|9.212
2019-05-14|9.5533|10.0073|9.4254|9.8713
2019-05-15|9.522|10.3113|9.5133|10.1133
2019-05-16|9.6667|9.9353|9.4171|9.6
2019-05-17|9.1553|9.7153|8.9181|9.0327
2019-05-20|8.224|8.3733|7.78|7.95
2019-05-21|8.4667|8.5753|8.2453|8.45
2019-05-22|7.982|8.1784|7.836|7.9213
2019-05-23|7.4713|7.5547|7.1547|7.5207
2019-05-24|7.7127|7.8067|7.3107|7.3253
2019-05-28|7.4573|7.5333|7.0953|7.126
2019-05-29|6.9507|7.3227|6.9033|7.2227
2019-05-30|7.296|7.572|7.2267|7.3873
2019-05-31|7.112|7.4307|7.048|7.0667
2019-06-03|7.332|7.5333|7.0102|7.1347
2019-06-04|7.5333|8.0553|7.3267|8.04
2019-06-05|8.3047|8.3107|7.5693|7.88
2019-06-06|7.8773|8.292|7.8267|8.2073
2019-06-07|8.2653|8.5387|8.2273|8.4647
2019-06-10|8.8513|9.424|8.7873|9.1247
2019-06-11|9.638|9.6667|8.994|9.1933
2019-06-12|8.922|8.9467|8.5173|8.5447
2019-06-13|8.7687|8.8033|8.5|8.7067
2019-06-14|7.9333|8.1433|7.852|8.0167
2019-06-17|8.0333|8.1107|7.8387|7.8553
2019-06-18|8.1447|9.04|8.094|8.88
2019-06-19|9.0267|9.0813|8.7553|8.8973
2019-06-20|9.4713|9.5527|9.0107|9.144
2019-06-21|9.0107|9.2467|8.9237|8.9553
2019-06-24|9.014|9.1333|8.9273|9.0147
2019-06-25|9.0253|9.1707|8.5873|8.6193
2019-06-26|9.1887|9.594|9.142|9.4293
2019-06-27|9.6033|10.0013|9.6033|9.8453
2019-06-28|10.126|10.1573|9.8248|9.886
2019-07-01|11.18|11.4401|10.44|10.686
2019-07-02|10.56|10.56|10.1033|10.238
2019-07-03|10.2773|10.2773|9.8767|10.0787
2019-07-05|9.75|9.9513|9.5887|9.918
2019-07-08|9.6447|9.7787|9.5167|9.678
2019-07-09|9.536|9.9286|9.4587|9.9013
2019-07-10|10.2307|10.5305|10.0593|10.1093
2019-07-11|10.26|10.3113|10.0073|10.186
2019-07-12|10.2953|10.7787|10.2687|10.768
2019-07-15|10.9333|11.1667|10.8333|11.0187
2019-07-16|10.8593|10.9327|10.499|10.662
2019-07-17|10.896|10.9253|10.6513|10.7513
2019-07-18|10.796|11.3028|10.7748|11.244
2019-07-19|11.396|11.5|11.1507|11.1693
2019-07-22|11.3647|11.88|11.34|11.8233
2019-07-23|12.07|12.2733|11.874|12.2733
2019-07-24|12.5333|13.4742|12.5127|13.392
2019-07-25|13.1433|13.1467|12.61|12.7127
2019-07-26|12.9693|12.9907|12.6853|12.7033
2019-07-29|12.6|12.8633|12.322|12.8013
2019-07-30|12.456|12.8047|12.3227|12.7147
2019-07-31|12.5107|12.5107|11.1093|11.4867
2019-08-01|11.364|12.3126|10.5067|10.7973
2019-08-02|10.4533|10.7363|10.033|10.2913
2019-08-05|9.3867|9.4299|8.7022|8.9467
2019-08-06|9.4173|9.666|9.006|9.306
2019-08-07|8.8873|9.5713|8.8667|9.502
2019-08-08|9.7913|10.2787|9.5593|10.2787
2019-08-09|9.9473|10.0705|9.506|9.704
2019-08-12|9.4633|9.7043|9.2027|9.4033
2019-08-13|9.32|10.4113|9.134|10.182
2019-08-14|9.48|9.7213|9.0747|9.2273
2019-08-15|9.4733|9.4733|8.9283|9.1513
2019-08-16|9.5453|9.9773|9.48|9.9
2019-08-19|10.5913|10.7147|10.3133|10.4687
2019-08-20|10.3933|10.5247|10.1363|10.3027
2019-08-21|10.6333|10.7333|10.432|10.5947
2019-08-22|10.6533|10.7553|10.246|10.5833
2019-08-23|10.1733|10.4368|9.1067|9.212
2019-08-26|9.6687|9.686|9.3253|9.44
2019-08-27|9.6767|9.7667|9.1798|9.3413
2019-08-28|9.1947|9.5527|9.0007|9.5127
2019-08-29|9.9333|10.3479|9.9333|10.1567
2019-08-30|10.4407|10.5987|10.17|10.33
2019-09-03|10.0007|10.1027|9.6237|9.7927
2019-09-04|10.266|10.6073|10.2513|10.5933
2019-09-05|11.27|11.9507|11.226|11.5827
2019-09-06|11.64|11.7537|11.4007|11.6293
2019-09-09|11.8533|12.0847|11.6464|11.7927
2019-09-10|11.608|11.948|11.374|11.948
2019-09-11|12.1193|12.4833|11.9|12.4833
2019-09-12|12.8007|12.938|12.334|12.5933
2019-09-13|12.5973|12.7031|12.2808|12.4793
2019-09-16|12.1333|12.3933|11.888|12.2253
2019-09-17|12.1433|12.3593|11.934|12.3367
2019-09-18|12.292|12.3747|11.834|12.3607
2019-09-19|12.472|12.5567|12.1174|12.1727
2019-09-20|12.32|12.32|11.3333|11.494
2019-09-23|11.426|12.0327|11.426|11.8453
2019-09-24|12.092|12.1047|11.0687|11.252
2019-09-25|11.0673|11.9387|10.7953|11.8273
2019-09-26|11.8387|11.9667|11.5113|11.8647
2019-09-27|11.6073|11.7377|10.7494|11
2019-09-30|11.2|11.3827|11.0172|11.348
2019-10-01|11.5733|11.9867|10.9107|11.0373
2019-10-02|10.7093|10.8367|10.3067|10.5167
2019-10-03|10.5353|11.08|10.146|11.0547
2019-10-04|11.164|11.6667|11.1367|11.654
2019-10-07|11.5533|11.7627|11.384|11.3887
2019-10-08|11.0333|11.0587|10.3113|10.3413
2019-10-09|10.7667|11.066|10.6713|10.8627
2019-10-10|10.9413|11.5167|10.904|11.1787
2019-10-11|11.8|12.336|11.7627|11.9293
2019-10-14|11.888|12|11.7507|11.9273
2019-10-15|12.132|12.796|12.0966|12.7093
2019-10-16|12.526|12.6913|12.0773|12.1567
2019-10-17|12.596|12.7013|12.0433|12.284
2019-10-18|12.2033|12.2907|11.514|11.874
2019-10-21|12.1587|12.5567|12.113|12.5493
2019-10-22|12.62|12.6993|12.238|12.256
2019-10-23|11.576|11.8667|11.3167|11.5433
2019-10-24|12|12.3987|11.934|12.3807
2019-10-25|12.456|13.1733|12.4433|13.1427
2019-10-28|13.4007|13.8886|13.3913|13.832
2019-10-29|13.8987|14.1653|13.4233|13.4693
2019-10-30|13.7433|13.7433|13.1733|13.4713
2019-10-31|13.304|13.346|12.71|13.218
2019-11-01|13.5953|14.1293|13.4347|14.1293
2019-11-04|14.6653|15.1313|14.6287|15.0547
2019-11-05|15.236|15.4773|14.9697|15.1413
2019-11-06|15.0607|15.0667|14.346|14.8
2019-11-07|15.51|15.5687|14.881|15.0907
2019-11-08|14.906|15.3313|14.6385|15.3313
2019-11-11|14.926|15.1753|14.7487|15.082
2019-11-12|15.306|15.5593|15.008|15.2153
2019-11-13|14.8887|15.3532|14.7333|15.2067
2019-11-14|15.0553|15.1273|14.742|15.0813
2019-11-15|15.6193|15.8667|15.2807|15.4733
2019-11-18|15.484|15.6753|15.1347|15.3793
2019-11-19|15.5667|15.664|14.8986|15.1413
2019-11-20|14.8953|15.1673|14.2853|14.6207
2019-11-21|14.4067|14.5427|13.958|14.1213
2019-11-22|14.344|14.4898|14|14.114
2019-11-25|14.5333|15.1633|14.518|15.1407
2019-11-26|15.0633|15.0947|14.74|14.936
2019-11-27|15.1673|15.2753|15.0547|15.256
2019-11-29|15.036|15.0707|14.714|14.7627
2019-12-02|14.7747|14.8785|14.0353|14.1133
2019-12-03|13.1533|13.4753|12.98|13.468
2019-12-04|14.066|14.2431|13.9333|14.1007
2019-12-05|14.3167|14.4833|14.0887|14.27
2019-12-06|14.7567|15.0182|14.7273|14.9333
2019-12-09|14.9333|15.052|14.674|14.6813
2019-12-10|14.876|15.1507|14.698|14.8447
2019-12-11|15.0233|15.8513|14.9673|15.818
2019-12-12|15.7347|17.15|15.72|17.1013
2019-12-13|17.0533|17.612|16.6007|16.82
2019-12-16|17.3867|17.7593|17.2813|17.2973
2019-12-17|17.5633|17.6567|17.2667|17.5247
2019-12-18|17.5793|17.6667|17.3267|17.4993
2019-12-19|17.6673|17.9273|17.4673|17.9107
2019-12-20|18.214|18.5777|18.0373|18.486
2019-12-23|18.9133|18.9207|18.534|18.5913
2019-12-24|18.6733|18.7293|18.3996|18.7293
2019-12-26|18.83|18.8733|18.554|18.8
2019-12-27|18.9907|18.9907|18.4407|18.5907
2019-12-30|18.5107|18.5367|17.7747|18.1993
2019-12-31|17.916|18.3813|17.8696|18.3213
2020-01-02|19.0087|19.466|18.7527|19.464
2020-01-03|18.5|18.8856|18.2747|18.4127
2020-01-06|17.734|17.9964|17.4293|17.8287
2020-01-07|18.404|19.006|18.1235|18.748
2020-01-08|18.8267|19.1236|18.486|18.7893
2020-01-09|19.466|19.4827|18.5474|19.114
2020-01-10|19.376|19.3818|18.5838|18.7233
2020-01-13|19.1267|19.5013|18.92|19.4573
2020-01-14|19.4707|20.018|19.2227|19.5827
2020-01-15|19.5733|19.6231|18.6667|18.8767
2020-01-16|19.3433|19.824|19.3|19.8227
2020-01-17|20.0773|20.2357|19.7476|20.2073
2020-01-21|19.956|20.4|19.9333|20.17
2020-01-22|20.634|21.2913|20.4659|20.6513
2020-01-23|20.8907|21.1333|20.2487|21.1227
2020-01-24|21.9507|22.0667|19.9571|20.4087
2020-01-27|18.586|18.7965|17.9374|18.0413
2020-01-28|18.7333|19.4967|18.3333|19.3327
2020-01-29|19.1173|19.2432|18.2028|18.2667
2020-01-30|17.9007|18.3726|17.1433|18.1987
2020-01-31|17.758|17.7807|16.034|16.2407
2020-02-03|16.468|16.9407|16.4093|16.8607
2020-02-04|18.136|18.47|17.8922|18.4333
2020-02-05|19.4133|19.7207|18.8253|19.64
2020-02-06|19.7013|19.7233|18.9467|19.6527
2020-02-07|19.0747|19.1533|18.2333|18.266
2020-02-10|17.8413|19.0933|17.8333|19.0933
2020-02-11|19.612|20.536|19.5993|20.2393
2020-02-12|20.8927|21.2273|20.8|21.1287
2020-02-13|20.5627|21.6253|20.5147|21.1753
2020-02-14|21.6507|21.9067|20.6647|21.0393
2020-02-18|19.9333|20.2827|19.734|20.1653
2020-02-19|20.99|21.8105|20.9367|21.732
2020-02-20|21.4667|21.6667|19.7737|20.7607
2020-02-21|20.3447|20.3667|18.6667|18.8967
2020-02-24|16.222|17.0145|15.9347|16.2007
2020-02-25|16.894|16.9227|14.452|14.7127
2020-02-26|15.0687|15.772|14.5334|14.836
2020-02-27|13.44|14.342|12.6587|12.742
2020-02-28|11.4667|13.8657|11.4467|13.6667
2020-03-02|14.5|15.0207|13.0207|15.02
2020-03-03|15.21|15.8227|13.118|13.4993
2020-03-04|14.3067|15.4902|13.736|15.4753
2020-03-05|14.1907|15.286|13.734|14.0873
2020-03-06|13|13.566|12.2|13.2407
2020-03-09|10.1353|11.7927|9.8667|9.886
2020-03-10|11.128|11.7733|9.9333|11.7733
2020-03-11|10.7193|11.1327|9.4198|9.776
2020-03-12|7.774|8.9153|6.8013|6.8027
2020-03-13|8.074|8.7333|6.5333|8.6613
2020-03-16|5.9853|7.0973|5.2667|5.3187
2020-03-17|5.32|5.992|4.3807|5.8473
2020-03-18|4.6007|5.264|3.5667|4.3333
2020-03-19|4.2153|5.066|3.85|4.662
2020-03-20|5.2207|5.4327|4.2533|4.2633
2020-03-23|4.5333|4.9387|4.0873|4.66
2020-03-24|5.57|6.266|5.5473|6.2493
2020-03-25|6.3633|7.0133|5.7073|6.0047
2020-03-26|6.4693|7.2667|6.2667|7.2053
2020-03-27|6.4787|6.8153|6.0487|6.096
2020-03-30|6.3307|6.7987|6.1573|6.752
2020-03-31|6.762|7.0826|6.164|6.316
2020-04-01|5.6873|6.156|5.1067|5.294
2020-04-02|5.184|5.7973|5.1753|5.7787
2020-04-03|5.784|5.9607|5.208|5.4353
2020-04-06|6.1333|7.1793|6.126|7.1027
2020-04-07|7.9093|7.9793|6.9807|7.0133
2020-04-08|7.3933|7.802|7.064|7.716
2020-04-09|8.0407|8.2293|6.986|7.21
2020-04-13|7.16|7.5233|6.9633|7.47
2020-04-14|7.9927|8.4927|7.9407|8.462
2020-04-15|7.9727|7.974|7.5053|7.7753
2020-04-16|8.1573|8.4347|7.8337|8.3473
2020-04-17|8.8567|8.888|8.2667|8.564
2020-04-20|8.2007|8.5667|8|8.0113
2020-04-21|7.6427|7.7739|6.7673|6.886
2020-04-22|7.4953|8.1833|7.4133|8.0393
2020-04-23|8.0807|8.3367|7.7533|7.8353
2020-04-24|7.864|8.378|7.6267|8.334
2020-04-27|8.6667|8.9173|8.544|8.6707
2020-04-28|9.1327|9.288|8.502|8.5353
2020-04-29|8.9713|9.85|8.9316|9.76
2020-04-30|9.6247|9.6553|8.668|8.734
2020-05-01|8.1333|8.1667|7.32|7.4067
2020-05-04|7.2087|7.6357|7.1341|7.6147
2020-05-05|8.0507|8.4347|7.8474|8.0007
2020-05-06|8.2667|8.6577|8.214|8.278
2020-05-07|8.7124|8.82|8.3869|8.5207
2020-05-08|8.7827|9.282|8.694|9.2653
2020-05-11|8.9627|9.4827|8.9393|9.24
2020-05-12|9.4347|9.518|8.4567|8.4567
2020-05-13|8.6853|8.74|7.6253|8.0013
2020-05-14|7.8133|8.6667|7.4|8.6407
2020-05-15|7.7867|8.1913|7.64|8.0993
2020-05-18|8.6667|9.35|8.6667|9.2327
2020-05-19|9.186|9.7627|9.1073|9.122
2020-05-20|9.6767|10.3133|9.6713|10.1593
2020-05-21|10.156|10.1647|9.324|9.37
2020-05-22|9.4493|9.5327|9.034|9.506
2020-05-26|10.2493|10.3879|9.7487|9.8007
2020-05-27|9.918|10.2267|9.046|10.2193
2020-05-28|10.0533|10.418|9.4|9.5487
2020-05-29|9.6773|10.378|9.5667|10.274
2020-06-01|10.072|10.274|9.8667|10.1467
2020-06-02|10.232|10.8|10.0733|10.8
2020-06-03|11.2193|11.8767|11.2193|11.7467
2020-06-04|11.6433|12.314|11.478|12.056
2020-06-05|12.9273|13.4667|12.8267|12.934
2020-06-08|13.2607|13.2607|12.4573|12.8553
2020-06-09|12.4133|13.01|12.2813|12.8773
2020-06-10|13.1533|13.3827|12.8553|12.996
2020-06-11|12.0013|12.156|10.5013|10.516
2020-06-12|11.492|11.5987|10.2594|10.952
2020-06-15|10.2607|11.4623|10.1156|11.4327
2020-06-16|12.406|12.6213|11.4327|12.0387
2020-06-17|12.296|12.6687|12.134|12.372
2020-06-18|12.2067|12.4807|12.102|12.3147
2020-06-19|12.7393|12.86|12.006|12.0667
2020-06-22|12.1267|12.4493|11.708|12.3893
2020-06-23|12.624|12.88|12.4215|12.4913
2020-06-24|12.258|12.484|11.3682|11.652
2020-06-25|11.6387|11.9913|11.0898|11.9387
2020-06-26|11.8|12.0053|11.1577|11.224
2020-06-29|11.248|11.6193|10.834|11.61
2020-06-30|11.7467|12.6493|11.7467|12.5473
2020-07-01|12.5553|12.562|11.9891|12.0227
2020-07-02|12.5273|12.804|12.3287|12.47
2020-07-06|13.1053|13.5947|13.088|13.47
2020-07-07|13.2987|13.6136|12.9|12.972
2020-07-08|13.3|13.5333|12.9547|13.5087
2020-07-09|13.6667|14.2927|13.07|14.046
2020-07-10|14.0733|14.198|13.4813|13.906
2020-07-13|14.4927|14.961|13.1333|13.212
2020-07-14|12.9933|13.962|12.4013|13.912
2020-07-15|14.2|14.2107|13.1333|13.7727
2020-07-16|13.334|13.7653|13.1269|13.6047
2020-07-17|13.854|14.0033|13.6|13.8567
2020-07-20|13.922|14.7747|13.6273|14.7107
2020-07-21|14.9653|15.0356|14.246|14.3993
2020-07-22|14.5333|14.9033|14.2173|14.572
2020-07-23|14.552|14.9407|13.51|13.8933
2020-07-24|13.158|13.8333|12.6307|13.2313
2020-07-27|13.7333|14.5007|13.7153|14.4847
2020-07-28|14.2313|14.2313|13.5533|13.628
2020-07-29|14.05|14.6524|13.9547|14.5107
2020-07-30|14.3107|15.3753|14.299|15.36
2020-07-31|15.474|15.4753|14.4473|15.1007
2020-08-03|15.3907|16.078|15.39|15.9993
2020-08-04|15.9267|16.7107|15.8827|16.6867
2020-08-05|16.6347|16.8507|16.2667|16.654
2020-08-06|16.5373|16.6731|16.0861|16.5933
2020-08-07|16.4747|16.7333|15.444|16.0293
2020-08-10|16.1247|16.2327|15.3347|16.0393
2020-08-11|15.994|16.474|15.3833|15.508
2020-08-12|15.9053|17.1553|15.7747|17.07
2020-08-13|17.0773|17.0773|16.2687|16.5113
2020-08-14|16.6533|17.066|16.3087|16.4533
2020-08-17|16.8587|17.2813|16.7792|17.076
2020-08-18|17.276|17.3747|16.626|16.794
2020-08-19|16.8127|16.9311|16.3193|16.468
2020-08-20|15.9793|16.2807|15.6933|16.0393
2020-08-21|16.0453|16.3997|15.7667|16.3927
2020-08-24|16.8893|17.048|16.4747|16.846
2020-08-25|16.8767|17.3913|16.8767|17.3887
2020-08-26|17.5047|17.7193|17.2593|17.5847
2020-08-27|17.664|17.7593|16.589|16.8993
2020-08-28|17.0053|17.8727|16.8973|17.8567
2020-08-31|17.8407|18.1933|17.3873|17.8067
2020-09-01|18.1267|18.8333|17.8707|18.8093
2020-09-02|19.628|20.7593|19.1212|20.4967
2020-09-03|19.5713|19.6|16.6027|16.9987
2020-09-04|16.616|17.3633|14.6707|16.5273
2020-09-08|14.7087|15.6127|14.1313|14.174
2020-09-09|15.2093|15.6867|14.6667|15.346
2020-09-10|15.85|16.0793|14.4267|14.7087
2020-09-11|15.0293|15.4753|14.1913|14.6573
2020-09-14|15.5533|15.8539|15.21|15.584
2020-09-15|16.154|16.686|16.098|16.3853
2020-09-16|16.592|16.782|15.8333|15.892
2020-09-17|14.7493|15.9713|14.5549|15.8193
2020-09-18|16.0147|16.2023|14.52|15.082
2020-09-21|14.1893|15.032|13.894|15.0093
2020-09-22|15.3573|15.5767|14.5513|15.5533
2020-09-23|15.4647|15.7867|14.2629|14.3953
2020-09-24|14.0947|15.4073|14.0667|14.816
2020-09-25|14.896|15.55|14.224|15.4553
2020-09-28|16.0413|16.7327|15.762|16.7173
2020-09-29|16.608|17.272|16.608|16.8567
2020-09-30|16.7007|17.3987|16.6|16.8793
2020-10-01|17.522|18.0787|17.3407|17.9273
2020-10-02|16.6713|17.452|16.284|16.3293
2020-10-05|16.7907|17.9253|16.7687|17.9233
2020-10-06|17.8627|18.8894|17.4007|17.6173
2020-10-07|18.3707|18.7833|18.3507|18.68
2020-10-08|19.17|19.4325|18.9527|19.3287
2020-10-09|20.0193|20.496|19.9233|20.3427
2020-10-12|21.0893|21.5533|20.8013|21.226
2020-10-13|21.2507|21.676|20.834|21.2007
2020-10-14|21.3387|21.5927|20.4947|20.8647
2020-10-15|19.8007|20.8293|19.5753|20.7
2020-10-16|21.212|21.2167|20.364|20.4047
2020-10-19|20.8667|21.2627|19.8453|20.076
2020-10-20|20.3607|20.5207|19.8433|20.012
2020-10-21|20.1553|20.2497|19.5493|19.5893
2020-10-22|19.726|19.9205|18.9127|19.658
2020-10-23|19.4793|19.4793|18.8353|19.37
2020-10-26|18.8833|19.1333|17.4|18.1327
2020-10-27|18.5167|18.6653|17.7267|17.9453
2020-10-28|17.0747|17.0851|16.094|16.1593
2020-10-29|16.2673|17.8977|16.132|17.446
2020-10-30|16.8953|17.1847|16.0073|16.5967
2020-11-02|17.142|17.4|16.4243|16.864
2020-11-03|17.3333|18.2595|17.2949|17.8673
2020-11-04|18.9633|19.9687|18.2833|19.74
2020-11-05|21.3333|22.491|21.327|22.3433
2020-11-06|22.1493|23.6798|21.934|23.4927
2020-11-09|24.962|25.5987|22.554|22.5953
2020-11-10|21.996|22.2927|20.4067|20.5633
2020-11-11|21.5307|22.912|21.4993|22.804
2020-11-12|22.8427|23.0933|21.5807|21.9213
2020-11-13|22.66|23.3118|22.2787|22.7347
2020-11-16|23.27|24.4467|23.1|24.4113
2020-11-17|24.156|24.216|23.2813|23.8167
2020-11-18|23.9187|24.4539|23.2727|23.3113
2020-11-19|23.2333|24.406|22.6806|24.3933
2020-11-20|24.3707|24.9789|23.9082|23.9973
2020-11-23|24.434|25.2917|24.084|25.0833
2020-11-24|25.5333|25.5667|24.3095|25.4887
2020-11-25|25.3667|25.8613|24.912|25.216
2020-11-27|25.7213|26.6053|25.7207|26.084
2020-11-30|26.236|27.1507|25.2687|27.0647
2020-12-01|27.746|28.9327|27.5333|28.5007
2020-12-02|28.2187|29.1018|28.0667|28.7173
2020-12-03|29.2313|29.686|28.634|28.7607
2020-12-04|29.2353|31.1933|28.9787|31.1547
2020-12-07|31.736|31.736|30.688|31.562
2020-12-08|31.4507|32.2733|31.0413|31.96
2020-12-09|31.6067|32.161|28.618|29.2267
2020-12-10|28.62|29.8217|28.1341|29.17
2020-12-11|28.4133|28.8593|27.2667|28.1633
2020-12-14|28.9887|29.6833|28.8|29.224
2020-12-15|30.2813|30.6873|29.7508|30.4427
2020-12-16|30.71|30.7221|29.696|30.3753
2020-12-17|30.9193|30.9907|30.1807|30.538
2020-12-18|30.7333|30.8667|29.5573|30.1393
2020-12-21|29|29.6938|28.1667|29.546
2020-12-22|29.7007|29.8207|28.7547|29.4333
2020-12-23|29.6233|29.7993|28.7833|28.822
2020-12-24|29.1667|29.6607|29.0293|29.654
2020-12-28|30.622|30.7333|29.368|29.4853
2020-12-29|29.8667|29.8667|28.2841|29.2587
2020-12-30|29.672|30.891|29.6|30.7713
2020-12-31|30.7747|31.1831|30.1773|31.0987
2021-01-04|31.672|33.6547|29.9307|30.6693
2021-01-05|30.444|32.5053|30.444|32.446
2021-01-06|31.528|34.1607|31.284|32.2073
2021-01-07|33.646|36.1213|33.6153|35.7567
2021-01-08|37.5073|37.942|34.6293|35.7867
2021-01-11|34.9653|37.8737|34.934|37.09
2021-01-12|37.6653|38.7586|36.706|37.8187
2021-01-13|38.6207|38.9333|37.4|37.9193
2021-01-14|39.22|41.6126|39.22|40.3867
2021-01-15|40.192|40.3133|37.1053|37.824
2021-01-19|39.514|41.7953|39.4111|41.6667
2021-01-20|43.1633|43.5213|40.951|41.3193
2021-01-21|42.3887|43.52|41.0973|43.1587
2021-01-22|42|42.476|40.774|40.79
2021-01-25|42.0133|42.14|38.6273|40.9653
2021-01-26|41.0467|41.0467|39|39.0553
2021-01-27|36.8667|37.0487|32.5387|33.144
2021-01-28|35.0007|36.5767|34.1733|35.134
2021-01-29|35.3373|35.8216|32.9007|33.4007
2021-02-01|35.086|37.527|34.6367|37.348
2021-02-02|39.1327|39.16|37.4667|39.048
2021-02-03|39.4667|39.7967|36.5713|36.6327
2021-02-04|36.3369|37.6073|35.5293|37.538
2021-02-05|38.3333|38.3333|36.5853|36.7227
2021-02-08|37.4613|40.1333|37.4452|40.1333
2021-02-09|39.6364|40.54|39.0433|39.622
2021-02-10|40.6667|41.312|38.3769|39.9967
2021-02-11|40.8847|44.1647|40.8847|44.1647
2021-02-12|43.488|46.0134|43.004|45.772
2021-02-16|47.3367|47.8527|45.8106|46.582
2021-02-17|45.1|45.7413|42.1387|44.0107
2021-02-18|42.2033|43.266|41.0207|42.6853
2021-02-19|44.6447|46.518|44.2232|45.7987
2021-02-22|44.0033|44.936|40.18|40.8067
2021-02-23|38.4967|40.744|35.069|39.9787
2021-02-24|38.9827|43.8333|38.0667|43.7453
2021-02-25|42.0673|43.0093|35.7034|36.2187
2021-02-26|37.9433|39.7007|35.8033|38.7107
2021-03-01|40.592|42.558|39.5501|42.558
2021-03-02|42.94|42.99|38.45|38.55
2021-03-03|38.9|38.99|34.82|35.01
2021-03-04|34.83|35.19|28.44|29.98
2021-03-05|32.22|32.96|27.73|32.75
2021-03-08|32.71|32.93|27.5|27.52
2021-03-09|30.34|33.08|30|32.45
2021-03-10|34.19|34.19|30.62|30.72
2021-03-11|33.3|35.04|32.85|34.47
2021-03-12|32.52|33.59|31.85|33.42
2021-03-15|33.8|35.63|33.18|35.57
2021-03-16|36.83|38.59|36.23|36.98
2021-03-17|35.28|39.15|34.51|38.42
2021-03-18|36.76|36.92|33.45|33.71
2021-03-19|34.0097|35.6501|32.38|34.75
2021-03-22|35.94|38.2|35.62|37
2021-03-23|37.37|37.5|33.51|34.03
2021-03-24|35.63|36.13|32.55|32.59
2021-03-25|30.93|33.1799|30.1|32.81
2021-03-26|32.81|37.74|32.71|37.69
2021-03-29|36.3839|36.91|34.5|35.79
2021-03-30|35.12|35.78|34.285|35.52
2021-03-31|36.43|38.98|36.35|38.21
2021-04-01|40.05|42.44|40.05|42.41
2021-04-05|44.525|45.3|42.9086|45
2021-04-06|44.1188|44.97|42.07|43.38
2021-04-07|43.99|44|42.34|43.38
2021-04-08|44.75|45|43.6|44.79
2021-04-09|43.83|44.5|43.13|44.48
2021-04-12|43.72|43.79|41.8|43.09
2021-04-13|44|44.13|41.57|42.69
2021-04-14|42.39|43.47|40.63|41.27
2021-04-15|42.35|43.66|41.62|43.47
2021-04-16|43.51|43.64|42.481|42.75
2021-04-19|41.77|42.29|38.25|39.6
2021-04-20|39.01|39.53|37.0398|37.71
2021-04-21|37.93|40.77|37.34|40.75
2021-04-22|40.37|40.61|37.27|37.98
2021-04-23|38.32|40.57|38.3|40.15
2021-04-26|40.09|42.455|40|42.21
2021-04-27|42.78|42.91|40.955|41.34
2021-04-28|40.68|40.69|39.31|39.42
2021-04-29|41.2|41.22|38.48|40.31
2021-04-30|38.3474|39.17|36.56|36.9
2021-05-03|37.72|37.789|35.0793|35.61
2021-05-04|34.41|34.45|32|33.97
2021-05-05|35.07|35.79|33.7499|34.55
2021-05-06|34.2|35.4|33.16|35.4
2021-05-07|36.51|37.55|35.911|36.93
2021-05-10|36|36|31.88|31.93
2021-05-11|29.02|32.31|28.69|32.11
2021-05-12|30.1|30.56|27.81|28.13
2021-05-13|29.53|30.497|28.3|29.33
2021-05-14|30.49|32.68|29.58|31.93
2021-05-17|30.98|31.1|29.43|31.1
2021-05-18|31.71|32.08|30.22|30.29
2021-05-19|28.46|32.1699|28.22|32.05
2021-05-20|32.75|34.98|32.67|34.64
2021-05-21|35.3|35.3401|33.81|34.14
2021-05-24|35|37.14|34.91|36.53
2021-05-25|37.33|37.7497|36.245|36.94
2021-05-26|37.03|37.68|36.185|37.18
2021-05-27|36.8787|38.26|36.71|37.86
2021-05-28|38.0665|39.27|37.88|38.78
2021-06-01|39.52|40.54|37.745|38.34
2021-06-02|38.27|39.58|37.91|39.19
2021-06-03|37.8299|38.28|36.515|37.12
2021-06-04|38.08|39.99|38.05|39.74
2021-06-07|39.26|39.44|38.15|38.91
2021-06-08|39.8006|39.97|37.3|38.17
2021-06-09|38.56|38.89|37.62|37.7
2021-06-10|37.8|39.37|37.52|39.04
2021-06-11|39.05|39.49|38.57|39.49
2021-06-14|39.81|41.17|39.0599|41.17
2021-06-15|40.8|41.6|39.74|40.04
2021-06-16|40.49|40.89|38.07|39.18
2021-06-17|38.69|41.17|38.65|40.31
2021-06-18|39.29|39.58|36.75|37.32
2021-06-21|37.55|38.1617|36.59|38.12
2021-06-22|37.9|38.825|37.4|38.6
2021-06-23|38.5999|39.63|38.5999|39.05
2021-06-24|39.8831|41.23|39.88|41.08
2021-06-25|41.17|41.69|40.29|40.66
2021-06-28|41.5|44.08|41.45|43.65
2021-06-29|43.31|44.69|42.88|44.64
2021-06-30|44.37|44.7267|43.67|44.54
2021-07-01|44.15|44.37|42.13|42.57
2021-07-02|43.57|43.7|42.25|43.32
2021-07-06|43.64|44.14|41.36|43.04
2021-07-07|43.8|43.91|40.69|41.24
2021-07-08|38.55|40.3798|37.76|39.78
2021-07-09|40.18|41.94|39.25|41.77
2021-07-12|42.16|43.33|41.81|43.33
2021-07-13|42.75|43.315|42.1|42.62
2021-07-14|43.54|44.79|41.86|42.16
2021-07-15|41.79|41.8012|38.55|39.42
2021-07-16|40.03|40.45|36.59|36.76
2021-07-19|35.21|36.93|34.71|36.84
2021-07-20|37.24|39.08|35.8505|38.34
2021-07-21|38.67|41.85|38.6|41.85
2021-07-22|40.9|41.62|39.9|40.74
2021-07-23|41.29|41.61|39.95|41.55
2021-07-26|40.5835|41.79|40.5835|41.45
2021-07-27|40.8|40.852|36.71|39.15
2021-07-28|39.54|41.5|39.02|41.18
2021-07-29|41.23|43.6899|41.23|43.45
2021-07-30|42.19|44.5|42.072|44.39
2021-08-02|45.19|46.89|44.88|45.21
2021-08-03|45.29|45.9784|43.61|45.97
2021-08-04|46.16|48.1499|46.05|47.61
2021-08-05|48.17|48.1901|46.44|47.17
2021-08-06|46.33|47.27|46.2|46.63
2021-08-09|46.9|47.27|45.54|46.15
2021-08-10|46.3665|46.57|43.5|44.45
2021-08-11|45.06|45.12|42.4298|44.17
2021-08-12|43.44|43.5|41.56|42.62
2021-08-13|42.5|43.6|42.285|43.48
2021-08-16|42.91|43.43|41.93|43.01
2021-08-17|41.93|41.9476|39.34|40.46
2021-08-18|40.29|40.955|38.58|38.66
2021-08-19|38.18|40.26|37.14|39.63
2021-08-20|39.96|40.75|39.01|40.43
2021-08-23|41.4|43.79|41.4|43.69
2021-08-24|43.98|44.44|43.38|43.73
2021-08-25|44.18|45.65|44.11|44.78
2021-08-26|44.52|45.33|43.705|44.68
2021-08-27|44.85|47.5|44.69|47.3
2021-08-30|47.78|49|47.125|47.74
2021-08-31|47.77|47.965|45.37|46.55
2021-09-01|47.23|47.3|45.83|45.96
2021-09-02|46.35|46.72|45.7|46.3
2021-09-03|46.14|47.85|45.96|47.24
2021-09-07|47.3611|47.41|45.92|46.77
2021-09-08|46.1|46.3699|43.76|44.95
2021-09-09|44.91|46.26|44.89|45.55
2021-09-10|46.64|48.63|46.51|46.59
2021-09-13|47.8|48.17|45.9295|47.87
2021-09-14|48.4|48.97|47.14|47.87
2021-09-15|48.06|48.7|46.76|48.59
2021-09-16|47.74|49.53|47.02|49.07
2021-09-17|48.64|48.65|45.97|46.75
2021-09-20|43.75|44.197|41.16|43.3
2021-09-21|44.04|44.52|42.35|43.6
2021-09-22|44.46|46.57|44.01|46.26
2021-09-23|46.8921|48.55|46.42|48.1
2021-09-24|46.86|48.23|46.78|47.95
2021-09-27|46.52|48.1801|45.56|47.69
2021-09-28|44.9|45.79|42.05|42.23
2021-09-29|42.56|42.68|39.78|40.12
2021-09-30|41.06|41.95|40|40.04
2021-10-01|40.5|40.7|38.06|40.07
2021-10-04|39.31|39.5198|36.57|37.02
2021-10-05|37.6|39.39|37.255|38.65
2021-10-06|37.32|39.14|36.92|39.06
2021-10-07|40.53|42.0293|40.27|40.39
2021-10-08|40.9|41.07|39.08|39.33
2021-10-11|38.76|40.39|38.36|38.38
2021-10-12|39.21|39.31|36.47|37.05
2021-10-13|37.7|38.3|37.24|37.65
2021-10-14|39.64|41.08|39.3401|41.05
2021-10-15|42.03|42.285|41.3|41.84
2021-10-18|41.14|42.97|40.44|42.86
2021-10-19|43.11|44.48|42.63|44.43
2021-10-20|44.13|44.73|43.63|44.2
2021-10-21|43.33|45.7198|43.3|45.59
2021-10-22|44.84|46.23|43.77|44.05
2021-10-25|44.6|45.665|44.16|45.06
2021-10-26|46.02|46.45|44.54|44.96
2021-10-27|44.23|45.61|43.56|44.09
2021-10-28|45.84|47.1|45.57|47
2021-10-29|45.9723|47.65|45.62|47.65
2021-11-01|47.79|49.96|47.45|49.96
2021-11-02|49.82|51.82|49.81|51.82
2021-11-03|52.07|53.81|51.42|53.67
2021-11-04|55.42|59.829|54.571|59.08
2021-11-05|60.04|62.4|59.21|60.91
2021-11-08|62.1|64.71|61.49|63.54
2021-11-09|65.27|65.629|61.41|63.4
2021-11-10|60.05|62.5|57.0699|57.95
2021-11-11|60.72|61.9916|59.37|61.64
2021-11-12|62.22|64.25|61.1708|63.35
2021-11-15|64.73|64.74|61.26|63.2
2021-11-16|62.38|66.43|62.01|66.15
2021-11-17|66|66.13|63.6997|64.52
2021-11-18|67.87|68.9|66.03|67.98
2021-11-19|67.86|69.8671|66.8784|68.61
2021-11-22|69.54|72.4871|65.23|65.43
2021-11-23|64.83|66.61|61.3501|64.74
2021-11-24|62.99|66.9|61.21|66.88
2021-11-26|63.1|64.98|59.85|61.37
2021-11-29|63.95|68.68|63.22|68.41
2021-11-30|67.28|69.34|62.89|64.67
2021-12-01|67.54|70.96|63.05|63.16
2021-12-02|61.26|64.74|59.68|63.25
2021-12-03|65.9|67.95|60.7|62.93
2021-12-06|62.06|63.29|56.78|62.6
2021-12-07|66.7601|72.52|66.72|71.99
2021-12-08|70.93|71.2|68.49|70.69
2021-12-09|69.43|71.59|65.66|65.9
2021-12-10|69.4561|70.45|65.17|67.6
2021-12-13|68.0235|68.71|62|62.34
2021-12-14|60|62.37|58.94|61.52
2021-12-15|61.84|68.34|59.24|68.12
2021-12-16|69.01|69.5|58.02|59.23
2021-12-17|57.34|61.58|56.86|58.96
2021-12-20|56.14|58.76|55.47|57.55
2021-12-21|61.17|63.685|58.77|63.5
2021-12-22|62.47|65.53|61.61|65.38
2021-12-23|66|68.75|65.92|67.41
2021-12-27|68.1035|73|68|72.99
2021-12-28|74.07|74.07|69.57|70.52
2021-12-29|70.42|72.23|69.6|71
2021-12-30|70.5|71.34|67.89|68.36
2021-12-31|68.7|70.1|67.83|68.01
2022-01-03|69.05|72.11|68.3883|72.1
2022-01-04|72.58|74.21|66.04|71.07
2022-01-05|69.5877|71.42|63.94|64.01
2022-01-06|64.0899|66.39|61.85|65.54
2022-01-07|65.08|66.05|59.14|59.74
2022-01-10|57.34|60.19|53.82|60
2022-01-11|59.09|63.44|57.88|63.29
2022-01-12|64.99|66.4|62.64|64.58
2022-01-13|67.5|69.18|59.58|60.2
2022-01-14|58.76|64.54|58.56|64.48
2022-01-18|60.91|61.38|55.5|55.98
2022-01-19|57.48|58.155|50.73|50.82
2022-01-20|52.12|53.2|45.81|45.99
2022-01-21|45.22|48.93|43.4|43.71
2022-01-24|41|45.48|36.6179|45.45
2022-01-25|41.7699|43.35|39.38|40.19
2022-01-26|43.78|47.1|40.105|42.12
2022-01-27|43.4|43.45|36|36.36
2022-01-28|36.37|38.41|33.095|38.41
2022-01-31|38.99|44.75|38.3|44.58
2022-02-01|45.89|46.1|42.29|45.91
2022-02-02|48.47|49.5|46.46|49.34
2022-02-03|45.58|47.8|42.15|42.63
2022-02-04|42.08|44.5201|40.37|43.46
2022-02-07|43.64|45.52|42.86|43.41
2022-02-08|42.75|46.88|42.54|46.6
2022-02-09|48.43|51.23|46.71|51.02
2022-02-10|47.58|52.21|45.5798|46.42
2022-02-11|46.5601|47.65|38.42|39.54
2022-02-14|39.75|41.85|37.86|39.59
2022-02-15|41.9|46.29|41.67|46.01
2022-02-16|44.07|46.5|43.04|46.1
2022-02-17|44.12|44.39|40.67|40.87
2022-02-18|41.14|41.349|37.77|39.63
2022-02-22|38.23|41.56|36.83|38.61
2022-02-23|40.0684|41.3|35.63|35.91
2022-02-24|31.81|40.05|31.55|39.94
2022-02-25|40|41.84|38.16|41.78
2022-02-28|40.2|42.23|38.56|41.01
2022-03-01|40.78|41.3|35.35|36.58
2022-03-02|37.47|40.88|37.23|40.12
2022-03-03|40.65|40.8699|36.82|37.55
2022-03-04|36.63|37.42|33.36|34.77
2022-03-07|34.82|35.6|29.5|29.58
2022-03-08|29.67|34.34|28.48|31.16
2022-03-09|34.12|35.66|33.07|34.93
2022-03-10|33.07|33.2|30.8|32.75
2022-03-11|34.16|34.42|30.5|30.69
2022-03-14|30.01|30.85|27.3|27.91
2022-03-15|28.45|31.7201|28.0098|31.51
2022-03-16|33.04|36.4|32.06|36.3
2022-03-17|35.25|37|34.32|36.95
2022-03-18|36.61|39.675|35.6|39.17
2022-03-21|38.7|39.97|36.88|39
2022-03-22|38.79|41.02|38.63|39.59
2022-03-23|38.51|39.99|36.5902|36.69
2022-03-24|37.82|42.25|37.3|42.09
2022-03-25|42.07|42.3698|39.75|42.01
2022-03-28|41.1972|42.81|39.32|42.71
2022-03-29|44.84|46|43.11|45.58
2022-03-30|44.71|45.2|40.6823|41.35
2022-03-31|41.26|41.84|38.42|38.78
2022-04-01|39.07|39.33|34.62|36.29
2022-04-04|36.58|38.22|36.17|37.96
2022-04-05|37.09|37.24|32.53|32.88
2022-04-06|30.85|32.1|29.56|30.51
2022-04-07|30.25|31.42|28.6606|30.51
2022-04-08|29.86|29.9599|28.15|28.29
2022-04-11|27.04|27.71|26.34|26.49
2022-04-12|28.0399|28.84|25.86|26.24
2022-04-13|26.77|28.54|26.31|28.03
2022-04-14|28.55|28.6199|25.54|25.61
2022-04-18|25.26|27.67|25.16|26.98
2022-04-19|26.68|28.89|26.22|28.75
2022-04-20|30.07|30.85|28.235|28.5
2022-04-21|29.6|30.57|25.81|26.21
2022-04-22|26.1|26.56|24.37|24.45
2022-04-25|23.89|25.76|23.675|25.67
2022-04-26|24.71|24.9|22.35|22.43
2022-04-27|21.62|23.59|21.48|21.95
2022-04-28|23.2|26.3|22.4|25.58
2022-04-29|24.3|25.95|22.1|22.24
2022-05-02|22.38|24.55|21.81|24.5
2022-05-03|24.33|25.68|23.75|25.11
2022-05-04|25.69|28.14|23.3|28.02
2022-05-05|26.5331|26.62|22.75|23.99
2022-05-06|23.24|24.87|21.9401|23.35
2022-05-09|21.82|22.6|19.32|19.72
2022-05-10|21.45|22.145|19.72|21.09
2022-05-11|20.53|22|18.97|19.15
2022-05-12|18.51|19.99|17.96|19.41
2022-05-13|20.57|22.91|20.18|22.49
2022-05-16|21.86|22.51|21.2|21.37
2022-05-17|23.08|24.74|22.84|24.58
2022-05-18|23.395|24.345|20.53|20.85
2022-05-19|20.55|22.04|19.9|20.51
2022-05-20|21.54|21.65|17.6601|20.36
2022-05-23|19.93|20.83|19.4501|20.63
2022-05-24|19.69|19.88|18.44|19.1
2022-05-25|18.73|20.715|18.72|20.19
2022-05-26|19.61|22.83|19.48|22.54
2022-05-27|23.6|25.439|23.592|25.26
2022-05-31|25.14|25.595|23.75|24.86
2022-06-01|25.34|25.715|22.71|23.71
2022-06-02|23.4|26.28|23.3|26.2
2022-06-03|24.55|24.949|23.5|23.93
2022-06-06|25.245|25.58|23.48|23.91
2022-06-07|23.015|24.74|22.54|24.6
2022-06-08|24.1647|24.46|22.42|22.91
2022-06-09|22.39|23.56|21.03|21.09
2022-06-10|19.98|20.51|18.66|18.81
2022-06-13|16.925|17.405|15.34|15.55
2022-06-14|16.01|16.22|15.21|15.76
2022-06-15|16.35|17.43|15.47|16.61
2022-06-16|15.14|15.19|12.99|13.57
2022-06-17|13.65|14.02|12.78|13.7
2022-06-21|14.5401|15.43|14.49|14.8
2022-06-22|14.04|14.97|13.94|14.29
2022-06-23|14.58|14.59|13.34|14.01
2022-06-24|14.6352|15.85|14.57|15.81
2022-06-27|16.31|16.458|15.3712|15.8
2022-06-28|16|16.58|14.5165|14.56
2022-06-29|14|14.04|13.0335|13.55
2022-06-30|13.03|13.8297|12.38|13.1
2022-07-01|12.49|12.6|11.13|11.6
2022-07-05|10.74|11.9|10.53|11.85
2022-07-06|11.92|12.4966|11.52|12.09
2022-07-07|12.91|13.8899|12.91|13.71
2022-07-08|13.13|14.17|12.96|13.91
2022-07-11|13.25|13.45|12.65|12.91
2022-07-12|13.18|13.45|12.72|12.97
2022-07-13|12.18|13.56|12.125|13.29
2022-07-14|13.165|14.26|12.54|14.07
2022-07-15|14.75|15.15|14.04|15.11
2022-07-18|15.83|16.18|14.63|14.92
2022-07-19|15.61|17.17|15.5|16.95
2022-07-20|16.83|18.44|16.5|18.2
2022-07-21|18.52|19.1199|17.6814|19.1
2022-07-22|18.84|18.91|17.15|17.65
2022-07-25|17.225|17.3699|16.43|17.3
2022-07-26|16.9259|17.24|16.25|16.43
2022-07-27|17.32|19.12|17.1701|18.73
2022-07-28|18.855|19.52|17.575|19.37
2022-07-29|18.5741|19.99|18.3201|19.83
2022-08-01|19.41|20.605|19.03|20.01
2022-08-02|19.43|20.8694|19.11|19.92
2022-08-03|19.98|21.72|19.87|21.55
2022-08-04|21.4701|22.27|21.22|22.07
2022-08-05|20.96|22.12|20.5724|21.56
2022-08-08|20.65|21.39|19.57|20.54
2022-08-09|19.2299|19.2299|16.91|17.69
2022-08-10|19.08|20.02|18.39|19.91
2022-08-11|20.468|21.6|19.68|19.78
2022-08-12|20.24|21.72|19.98|21.6
2022-08-15|21.24|21.965|20.8|21.78
2022-08-16|21.478|21.7399|20.39|21.14
2022-08-17|20.18|20.2|18.71|19.55
2022-08-18|19.72|21.36|19.5|20.89
2022-08-19|20.06|20.38|18.885|19.17
2022-08-22|18.1|18.15|16.77|17.04
2022-08-23|17.08|18.06|17.0107|17.33
2022-08-24|17.25|17.59|16.77|17.41
2022-08-25|17.46|19.3786|17.42|19.32
2022-08-26|19.25|19.33|15.95|15.98
2022-08-29|15.48|16.05|14.95|15.05
2022-08-30|15.5|15.57|13.96|14.47
2022-08-31|14.69|14.6954|13.66|14.04
2022-09-01|13.03|13.26|11.97|13.22
2022-09-02|13.84|14.14|12.625|12.86
2022-09-06|12.9099|13.03|12.07|12.42
2022-09-07|12.42|13.315|12.23|12.99
2022-09-08|12.64|13.8|12.37|13.65
2022-09-09|14.26|14.85|14.192|14.65
2022-09-12|14.83|15.05|14.3|14.78
2022-09-13|13.15|13.49|11.95|12.09
2022-09-14|12.28|12.74|11.94|12.46
2022-09-15|12.23|12.67|11.592|11.91
2022-09-16|11.47|12.1|11.18|12.06
2022-09-19|11.615|12.44|11.57|12.26
2022-09-20|11.85|12.04|11.425|11.7
2022-09-21|11.76|12.92|11.38|11.4
2022-09-22|11.17|11.32|10.25|10.51
2022-09-23|10.07|10.14|9.45|10.03
2022-09-26|9.91|10.36|9.5|9.55
2022-09-27|10.04|10.28|9.39|9.81
2022-09-28|9.57|10.345|9.445|10.17
2022-09-29|9.698|9.74|8.8|9.29
2022-09-30|8.895|9.61|8.74|8.86
2022-10-03|9.085|10|8.88|9.7
2022-10-04|10.578|11.095|10.54|11.04
2022-10-05|10.53|11.66|10.21|11.42
2022-10-06|11.291|11.92|11.05|11.19
2022-10-07|10.18|10.2799|9|9.21
2022-10-10|9.07|9.09|7.86|8.28
2022-10-11|7.81|8.02|7.2|7.57
2022-10-12|7.49|7.62|7.23|7.34
2022-10-13|6.42|8.36|6.21|8
2022-10-14|8.26|8.27|6.87|6.93
2022-10-17|7.47|7.67|7.2|7.33
2022-10-18|8.04|8.21|7.04|7.4
2022-10-19|7.27|7.8|7.2|7.57
2022-10-20|7.7|8.42|7.59|7.7
2022-10-21|7.65|8.64|7.55|8.58
2022-10-24|8.64|8.81|8.08|8.68
2022-10-25|8.798|9.47|8.75|9.26
2022-10-26|8.7401|9.67|8.552|9.01
2022-10-27|9.16|9.44|8.48|8.52
2022-10-28|8.56|9.56|8.49|9.5
2022-10-31|9.3|9.345|8.75|8.92
2022-11-01|9.41|9.52|8.94|9.1
2022-11-02|9.27|9.77|8.2|8.24
2022-11-03|7.782|8.29|7.53|7.89
2022-11-04|8.72|9.06|8.42|8.99
2022-11-07|9.268|9.69|8.88|9.59
2022-11-08|10.109|10.56|9.61|10.17
2022-11-09|9.7393|9.82|9.18|9.24
2022-11-10|10.8|12.17|10.56|12.08
2022-11-11|12.28|13.41|11.83|13.22
2022-11-14|12.988|13.51|12.7269|12.77
2022-11-15|14.34|14.44|13.31|13.87
2022-11-16|12.928|12.99|11.87|12.13
2022-11-17|11.34|12.58|11.31|12.37
2022-11-18|12.99|13.03|12.07|12.49
2022-11-21|12.07|12.2|11.74|11.89
2022-11-22|12.139|12.94|11.85|12.9
2022-11-23|12.9|13.75|12.84|13.32
2022-11-25|13.13|13.26|12.83|12.86
2022-11-28|12.36|12.76|11.6|11.84
2022-11-29|11.95|12.18|11.5|11.73
2022-11-30|11.835|13.85|11.52|13.82
2022-12-01|14.09|14.13|12.94|13.5
2022-12-02|12.49|13.13|12.3|13.03
2022-12-05|12.8|13.16|12.2|12.59
2022-12-06|12.54|12.6|11.38|11.72
2022-12-07|11.408|11.93|11.33|11.7
2022-12-08|11.89|12.72|11.65|12.62
2022-12-09|12.4907|12.99|12.18|12.32
2022-12-12|12.142|13.01|11.94|12.98
2022-12-13|14.72|14.91|13.14|13.63
2022-12-14|13.51|14.03|12.54|13
2022-12-15|12.23|12.38|11.32|11.4
2022-12-16|11.2|11.48|10.77|11.11
2022-12-19|11.12|11.15|10.345|10.69
2022-12-20|10.25|10.75|10.16|10.41
2022-12-21|10.63|11.27|10.595|11.14
2022-12-22|10.54|10.56|9.11|9.78
2022-12-23|9.59|9.81|9.23|9.77
2022-12-27|9.58|9.59|9.13|9.27
2022-12-28|9.1|9.4299|8.74|8.86
2022-12-29|9.28|9.83|9.18|9.67
2022-12-30|9.27|9.7|9.06|9.67
2023-01-03|10.17|10.21|9.19|9.36
2023-01-04|9.88|10.27|9.58|10.07
2023-01-05|9.8|10|9.53|9.57
2023-01-06|9.95|11.0699|9.56|10.87
2023-01-09|11.528|12.27|11.28|11.53
2023-01-10|11.38|11.99|11.19|11.97
2023-01-11|11.98|12.43|11.6501|12.4
2023-01-12|12.59|13.08|11.82|12.82
2023-01-13|12.365|13|12.27|12.95
2023-01-17|12.88|13.43|12.67|13.06
2023-01-18|13.45|13.76|12.81|12.82
2023-01-19|12.48|12.52|11.62|11.77
2023-01-20|12.11|12.86|11.75|12.79
2023-01-23|13.18|14.91|13.13|14.74
2023-01-24|14.29|14.85|14.16|14.44
2023-01-25|13.71|14.63|13.331|14.53
2023-01-26|15.015|15.3|14.3|15.24
2023-01-27|14.5|15.36|14.35|14.98
2023-01-30|14.35|14.62|13.7327|13.8
2023-01-31|13.67|14.55|13.64|14.52
2023-02-01|14.73|17.28|14.68|16.8
2023-02-02|17.33|18.395|17.01|17.92
2023-02-03|16.78|18.13|16.595|16.93
2023-02-06|16.12|16.86|15.855|16.1
2023-02-07|16.22|17.85|16.13|17.59
2023-02-08|17.33|17.69|16.35|16.49
2023-02-09|17.33|17.9|16.21|16.58
2023-02-10|16.06|16.22|15.25|15.8
2023-02-13|15.99|16.6199|15.57|16.42
2023-02-14|16.06|17.53|15.6707|17.33
2023-02-15|16.81|17.59|16.43|17.54
2023-02-16|16.65|17.165|16.18|16.28
2023-02-17|15.98|16.12|15.04|15.5
2023-02-21|14.789|15.31|13.89|14.01
2023-02-22|14.11|14.41|13.54|13.83
2023-02-23|15.13|15.34|14.28|15.08
2023-02-24|14.29|14.54|13.96|14.31
2023-02-27|14.96|15.01|14.5|14.5
2023-02-28|14.4|15.27|14.31|14.65
2023-03-01|14.81|15.215|14.48|14.68
2023-03-02|14.01|15.24|13.66|15.01
2023-03-03|15.05|15.77|14.6505|15.68
2023-03-06|15.83|16.25|15.04|15.17
2023-03-07|15.19|15.42|14.49|14.65
2023-03-08|14.86|15.895|14.85|15.81
2023-03-09|15.75|16.5399|14.8|14.91
2023-03-10|15.112|15.2499|13.81|14.05
2023-03-13|13.61|14.5431|13.15|14.02
2023-03-14|14.76|15.54|14.54|15.22
2023-03-15|14.6|14.845|13.75|14.69
2023-03-16|14.48|16.52|14.3|16.42
2023-03-17|16.49|16.9|15.83|16.13
2023-03-20|16.14|16.79|15.78|16.61
2023-03-21|17.01|17.53|15.94|16.67
2023-03-22|16.68|18.02|16.2|16.24
2023-03-23|17.02|18.17|16.625|17.49
2023-03-24|17.1|17.2185|16.04|16.57
2023-03-27|16.76|16.92|15.81|15.97
2023-03-28|15.87|15.88|14.9|15.63
2023-03-29|16.34|17.465|16.3|17.08
2023-03-30|17.76|18.29|17.58|17.95
2023-03-31|17.56|18.34|17.43|18.3
2023-04-03|17.92|18.16|17.13|17.81
2023-04-04|17.87|17.9004|16.51|16.79
2023-04-05|16.25|16.31|15.38|15.92
2023-04-06|15.45|16.006|15.09|15.66
2023-04-10|15.22|16.5|15.14|16.39
2023-04-11|16.72|16.79|16.11|16.21
2023-04-12|16.6615|16.74|15.265|15.33
2023-04-13|15.39|15.95|15.04|15.67
2023-04-14|15.64|16.1872|15.08|15.58
2023-04-17|15.1|15.62|14.95|15.58
2023-04-18|16.018|16.36|15.41|15.78
2023-04-19|15.2|15.38|14.98|15.26
2023-04-20|14.79|15.9|14.745|15.2
2023-04-21|15.09|15.09|14.48|14.86
2023-04-24|14.78|15.04|14.36|14.63
2023-04-25|14.42|14.42|13.17|13.2
2023-04-26|13.62|13.79|13.18|13.37
2023-04-27|13.33|13.5975|12.52|13.54
2023-04-28|13.758|14.27|13.54|14.23
2023-05-01|14.46|14.79|14.32|14.66
2023-05-02|14.66|14.91|13.91|14.35
2023-05-03|14.12|14.6199|13.81|13.84
2023-05-04|13.5|14|13.22|13.6
2023-05-05|13.62|14.675|13.435|14.47
2023-05-08|14.46|14.7|14.07|14.65
2023-05-09|14.07|14.12|13.7401|13.94
2023-05-10|14.38|14.64|13.91|14.31
2023-05-11|14.33|14.43|13.64|14.07
2023-05-12|14.18|14.37|13.59|14.02
2023-05-15|14.1|15.14|13.97|15.11
2023-05-16|14.98|15.57|14.97|15.05
2023-05-17|15.48|16.34|15.1397|16.14
2023-05-18|16.34|17.8|16.32|17.67
2023-05-19|17.59|17.64|17.06|17.39
2023-05-22|16.92|17.72|16.885|17.53
2023-05-23|17.2|17.55|16.79|16.92
2023-05-24|15.89|16.23|15.49|16.03
2023-05-25|18.16|19.385|17.63|19.15
2023-05-26|20.05|23.26|20.03|22.88
2023-05-30|24.57|24.8|22.59|22.87
2023-05-31|21.71|22.67|21.09|21.15
2023-06-01|21.48|22.75|20.83|22.16
2023-06-02|22.69|22.89|21.53|22.02
2023-06-05|21.75|21.81|20.66|20.97
2023-06-06|20.55|22.0599|20.43|21.73
2023-06-07|22.15|23.1|21.49|21.64
2023-06-08|21.79|22.4679|21.46|22.28
2023-06-09|23.03|23.49|22.085|22.4
2023-06-12|23.2|24.68|23.13|24.6
2023-06-13|25.79|26.08|24.72|25.56
2023-06-14|25.31|26.7018|24.84|26.64
2023-06-15|25.75|26.5701|25.4201|25.95
2023-06-16|26.77|26.79|25.13|25.24
2023-06-20|24.86|25.55|23.975|24.65
2023-06-21|24.17|24.49|22.7|22.78
2023-06-22|22.28|23.38|22.22|23.1
2023-06-23|21.95|22.2799|21.52|21.89
2023-06-26|22.32|23.32|22.05|22.09
2023-06-27|22.29|24.49|22.01|24.37
2023-06-28|23.18|24.435|23.11|23.72
2023-06-29|24.11|24.11|23.1701|23.81
2023-06-30|24.57|25.17|24.29|24.83
2023-07-03|25.26|25.75|24.68|25.49
2023-07-05|24.99|25.18|23.83|23.85
2023-07-06|22.6|23.05|22.04|22.98
2023-07-07|23.08|24.03|22.83|22.96
2023-07-10|23.16|24.44|23.08|24.32
2023-07-11|24.68|24.74|23.28|24.34
2023-07-12|25.44|25.85|25|25.69
2023-07-13|26.51|27.45|26.21|27.28
2023-07-14|27.34|28.03|25.9|26.23
2023-07-17|26.2799|28.5273|25.77|28.06
2023-07-18|27.75|28.55|27.09|28.26
2023-07-19|28.41|28.44|27.04|27.29
2023-07-20|25.79|26.055|23.87|24.29
2023-07-21|25.01|25.59|24.5|24.92
2023-07-24|24.91|25.4399|24.51|24.9
2023-07-25|25.31|26.5899|25.3061|26.13
2023-07-26|25.2|25.73|24.21|25.06
2023-07-27|27|28.05|26|26.46
2023-07-28|27.99|28.44|27.15|28.15
2023-07-31|28.46|28.75|27.9515|28.41
2023-08-01|27.81|28.72|27.436|28.53
2023-08-02|27.5|27.5|24.79|25.28
2023-08-03|24.29|25.6|24.07|25.15
2023-08-04|24.818|25.95|24.08|24.88
2023-08-07|25.46|25.78|24.9849|25.66
2023-08-08|24.5|24.545|23.4274|24.46
2023-08-09|24.4|24.44|22.95|23.09
2023-08-10|23.66|24.409|22.313|22.81
2023-08-11|21.93|22|21.005|21.14
2023-08-14|20.86|22.96|20.66|22.93
2023-08-15|22.62|22.815|21.7|21.8
2023-08-16|21.71|21.78|20.4702|20.53
2023-08-17|20.62|20.75|19.71|19.91
2023-08-18|19.22|20.428|19.11|20.15
2023-08-21|20.51|22.0299|20.39|21.88
2023-08-22|22.71|22.82|21.1|21.35
2023-08-23|20.95|22.89|20.9|22.6
2023-08-24|23.89|23.92|20.24|20.41
2023-08-25|20.34|21.17|19.4|20.66
2023-08-28|21.26|21.59|20.76|21.42
2023-08-29|21.09|23.31|20.97|23.07
2023-08-30|22.92|23.7|22.37|23.4
2023-08-31|23.17|24.28|23.14|23.86
2023-09-01|24.35|24.51|23.51|24.02
2023-09-05|23.75|24.5799|23.38|24.02
2023-09-06|23.87|24.29|22.66|23.44
2023-09-07|21.86|22.05|21|21.87
2023-09-08|21.72|22.1899|21.22|21.5
2023-09-11|22.24|22.31|20.59|21.45
2023-09-12|21|21.98|20.85|20.94
2023-09-13|20.88|21.87|20.79|21.23
2023-09-14|21.86|21.93|21.045|21.65
2023-09-15|21.24|21.27|19.45|19.79
2023-09-18|19.29|20.18|19.2|19.93
2023-09-19|19.76|19.81|19.08|19.43
2023-09-20|19.66|19.9151|18.44|18.48
2023-09-21|17.755|18.13|17.39|17.42
2023-09-22|17.9|18.37|17.625|17.84
2023-09-25|17.61|18.28|17.3363|18.22
2023-09-26|17.74|17.92|16.99|17.24
2023-09-27|17.64|18.08|16.89|17.68
2023-09-28|17.57|19.22|17.345|18.64
2023-09-29|19.43|19.6599|18.66|18.87
2023-10-02|18.95|19.58|18.43|19.08
2023-10-03|18.6|19.3899|17.53|17.89
2023-10-04|18.18|18.81|17.7727|18.64
2023-10-05|18.58|18.87|17.82|18.4
2023-10-06|18.02|19.79|17.66|19.47
2023-10-09|18.89|19.53|18.45|19.38
2023-10-10|19.56|20.62|19.29|20.05
2023-10-11|20.31|20.68|19.82|20.51
2023-10-12|20.67|21.57|20.09|20.68
2023-10-13|20.8|20.885|18.85|18.98
2023-10-16|19.13|20|19.1|19.81
2023-10-17|18.63|19.7602|17.905|19.3
2023-10-18|18.37|18.79|17.9818|18.28
2023-10-19|18.76|18.93|17.23|17.43
2023-10-20|17.42|17.79|16.57|16.64
2023-10-23|16.35|17.26|15.8313|16.39
2023-10-24|16.66|17.13|16.42|17.04
2023-10-25|16.375|16.52|14.71|14.97
2023-10-26|15.13|15.68|14.48|14.73
2023-10-27|15.3|15.57|14.93|15.1
2023-10-30|14.82|15.11|14.02|14.53
2023-10-31|14.54|15.03|14.01|14.9
2023-11-01|14.95|16.02|14.93|15.95
2023-11-02|16.9|17.41|16.38|17.08
2023-11-03|17.6|18.76|17.5|18.38
2023-11-06|18.45|18.64|17.73|18.25
2023-11-07|18.16|18.8768|18.06|18.6
2023-11-08|18.66|18.96|18.281|18.67
2023-11-09|19.04|19.7|18.28|18.39
2023-11-10|19.06|20.78|18.83|20.6
2023-11-13|20.11|20.2|19.58|20.02
2023-11-14|21.51|22.39|21.38|22.14
2023-11-15|22.61|23.18|22.175|22.63
2023-11-16|22.37|22.91|22.14|22.72
2023-11-17|22.47|23.29|22.37|23.13
2023-11-20|23.09|24.42|23.05|24.18
2023-11-21|23.57|23.6|22.45|22.84
2023-11-22|23.23|24.115|22.82|23
2023-11-24|22.97|23.1488|22.75|23.09
2023-11-27|22.79|23.54|22.6|22.97
2023-11-28|22.5|22.89|21.9701|22.54
2023-11-29|23.4646|24.2999|23.14|23.22
2023-11-30|23.45|23.47|22.19|22.81
2023-12-01|22.3799|23.2|21.84|23.07
2023-12-04|22.36|22.44|21.29|22.31
2023-12-05|21.68|22.085|21.3401|21.93
2023-12-06|22.83|22.89|21.405|21.47
2023-12-07|22.02|23.4|21.815|23.18
2023-12-08|23.01|24.04|22.9514|23.7
2023-12-11|24.39|26.38|24.31|26.11
2023-12-12|25.75|26.72|25.6|26.65
2023-12-13|26.7|28.4|26.42|27.92
2023-12-14|28.62|30.49|28.61|30.19
2023-12-15|30.46|31.59|30.35|30.57
2023-12-18|30.56|30.71|29.46|30.29
2023-12-19|30.33|30.98|30.29|30.75
2023-12-20|30.2|30.62|28.05|28.1
2023-12-21|29.75|30.41|29.354|30.26
2023-12-22|30.62|31.08|29.88|30.51
2023-12-26|30.93|32.53|30.91|32.16
2023-12-27|32.56|32.74|31.845|32.35
2023-12-28|32.59|32.78|32.05|32.22
2023-12-29|32.17|32.35|30.89|31.4
2024-01-02|29.89|29.9|27.255|28.04
2024-01-03|26.59|27.05|25.88|26.25
2024-01-04|24.96|26.33|24.8|25.58
2024-01-05|25.65|26.62|25.4|25.93
2024-01-08|26.49|28.67|26.43|28.43