2018-08-01|137.74|138.735|137.41|138.25
2018-08-02|137.45|139.19|137|138.92
2018-08-03|139.29|139.86|137.94|139.82
2018-08-06|139.65|140.26|139.05|139.71
2018-08-07|139.98|140.69|139.8726|140.28
2018-08-08|139.98|140.99|139.83|140.68
2018-08-09|140.73|141.24|139.9|140.01
2018-08-10|139.88|140.7401|139.25|139.73
2018-08-13|140.53|141.24|139.83|140.21
2018-08-14|140.3|140.99|139.88|140.76
2018-08-15|140.35|140.69|138.84|139.92
2018-08-16|141.07|141.49|140.42|140.65
2018-08-17|140.78|141.71|140.565|141.33
2018-08-20|141.54|141.6|140.7|140.94
2018-08-21|141|141.4574|139.8|140.04
2018-08-22|139.85|141.53|139.85|141.14
2018-08-23|141.01|142.445|140.77|142.1
2018-08-24|142.32|144.38|142.32|144.2
2018-08-27|144.99|145.6|144.71|145.4
2018-08-28|145.63|146.17|144.87|145.2
2018-08-29|145.46|147.2999|145.42|147.03
2018-08-30|146.82|147.71|146.36|146.74
2018-08-31|146.74|147.64|146.5|146.89
2018-09-04|146.93|147.86|146.6669|147.8
2018-09-05|147|147.82|142.55|142.67
2018-09-06|143.29|144.7|142.54|144.5
2018-09-07|143.99|144.44|142.75|143.2
2018-09-10|144.13|144.44|143.21|144.08
2018-09-11|143.46|145.52|143.25|145.49
2018-09-12|145.85|146.8|145.0733|146.57
2018-09-13|147.15|148.065|147.09|147.63
2018-09-14|147.91|148.37|147.35|147.84
2018-09-17|147.83|147.9|145.83|146.18
2018-09-18|146.2|148.0897|145.95|147.63
2018-09-19|148.28|148.82|147.251|147.42
2018-09-20|147.99|149.485|147.2|149.24
2018-09-21|149.95|150.26|149.35|150.05
2018-09-24|149.16|149.65|147.27|149.11
2018-09-25|149.71|149.96|149.1|149.58
2018-09-26|150|150.42|149.04|149.27
2018-09-27|149.9|150.64|149.562|150.02
2018-09-28|149.81|150.37|149.55|150.09
2018-10-01|150.89|151.56|150.61|150.79
2018-10-02|150.84|150.84|149.17|149.67
2018-10-03|150.71|150.71|149.19|149.37
2018-10-04|149.18|149.28|146.1|146.76
2018-10-05|146.64|147.41|144.4|145.36
2018-10-08|145.01|145.01|140.18|141.89
2018-10-09|141.46|143.29|141.12|142.31
2018-10-10|142.57|142.6885|135.21|135.52
2018-10-11|134.09|137.24|132.26|133.73
2018-10-12|138.48|140.98|137.43|140.06
2018-10-15|139.9|140.06|137.22|137.23
2018-10-16|138.71|142.14|138.68|141.74
2018-10-17|142.34|142.86|140.73|142.45
2018-10-18|142.46|142.46|137.95|139.29
2018-10-19|139.9|142.19|139.38|140.08
2018-10-22|140.97|141.54|139.51|140.64
2018-10-23|136.89|140.04|135.59|139.12
2018-10-24|139.7|140.18|134|134.26
2018-10-25|135.45|140.9|132.5|140.52
2018-10-26|137.98|139.87|136.06|137.74
2018-10-29|139.61|141.51|132.27|134.33
2018-10-30|133.08|134.86|129.79|132.76
2018-10-31|134.99|139.12|134.99|137.85
2018-11-01|139|140.87|137.49|140.83
2018-11-02|141.11|141.4546|137.85|139.78
2018-11-05|139.8|140.21|138.07|139.8
2018-11-06|139.8|140.91|139.72|140.79
2018-11-07|142.34|144.9|142.32|144.78
2018-11-08|144.6|145.46|143.652|145.23
2018-11-09|144.2|144.57|142.36|143.93
2018-11-12|143.42|143.64|139.17|139.72
2018-11-13|140.35|141.9|139.01|139.72
2018-11-14|142.02|142.6|138.4128|139.49
2018-11-15|138.85|141.91|137.93|141.84
2018-11-16|140.42|141.84|139.92|140.18
2018-11-19|140.47|140.57|134.25|134.76
2018-11-20|130.31|134.53|129.54|133.37
2018-11-21|134.36|135.78|133.63|134.42
2018-11-23|132.59|134.25|132.49|132.87
2018-11-26|134.6|136.52|134.25|135.94
2018-11-27|135.28|136.31|134.12|135.91
2018-11-28|137.07|141.54|136.8686|141.38
2018-11-29|140.69|140.7|138.71|139.1
2018-11-30|139.01|142.26|138.63|141.71
2018-12-03|145|145.72|143.855|145
2018-12-04|143.13|144.35|138.5|138.64
2018-12-06|135.04|141.11|133.48|141.05
2018-12-07|140.82|142.13|135.9938|137.11
2018-12-10|136.25|138.27|134.8555|137.88
2018-12-11|139.94|140.05|135.92|136.81
2018-12-12|139.3|140.88|137.75|137.8
2018-12-13|138.3|139.13|136.15|137.54
2018-12-14|135.69|136.72|134.55|135.09
2018-12-17|134.21|134.43|130.69|131.4
2018-12-18|132.29|134.17|131.8|132.66
2018-12-19|132.93|135.87|129.52|131.26
2018-12-20|130.16|132.01|127.15|128.76
2018-12-21|127.18|130.33|122.9501|124.26
2018-12-24|122.08|125.21|121.6|121.73
2018-12-26|123.02|130.24|123|130.23
2018-12-27|127.99|132.01|126.52|132.01
2018-12-28|133.08|133.62|129.66|130.94
2018-12-31|131.68|132.44|130.23|131.94
2019-01-02|130|133.74|129.6|132.92
2019-01-03|131.21|131.28|127.88|128.13
2019-01-04|130.44|134.5886|130.13|133.65
2019-01-07|134.45|137.169|134.04|136.06
2019-01-08|137.97|138.19|135.96|136.8
2019-01-09|138.3|139.48|137.62|138.41
2019-01-10|136.81|138.82|136.36|138.67
2019-01-11|137.75|138.6|137.41|138.06
2019-01-14|136.99|138.13|136.65|137.1
2019-01-15|136.96|137.72|135.25|137.34
2019-01-16|138.4|138.87|137.07|137.34
2019-01-17|136.97|137.91|136.59|137.28
2019-01-18|138.31|138.6|136.64|138.5
2019-01-22|137.9|139.52|136.975|138.05
2019-01-23|138.77|138.98|136.1478|137.01
2019-01-24|137.11|138.32|136.52|137.7
2019-01-25|139|139.9|137.97|138.67
2019-01-28|137.51|137.51|134.81|135.99
2019-01-29|136.59|136.69|134.11|135
2019-01-30|136.1|137.895|135.51|137.6
2019-01-31|134.39|135.73|133.3|135.01
2019-02-01|135.39|140.35|135.26|140.15
2019-02-04|139.79|141.517|139.18|141.5
2019-02-05|142|142.945|141.83|142.53
2019-02-06|141.96|142.42|141.05|141.49
2019-02-07|139.92|141.06|139.21|140.17
2019-02-08|138.69|140.4|138.52|140.38
2019-02-11|141.26|142.2877|140.45|140.8
2019-02-12|141.79|142.8|141.25|141.99
2019-02-13|142.89|144.7|142.865|143.49
2019-02-14|142.98|143.48|142.4|143.16
2019-02-15|144.55|144.91|143.815|144.91
2019-02-19|144.42|144.88|144.02|144.44
2019-02-20|144.35|144.84|143.52|144.73
2019-02-21|144.35|145.0298|143.18|144
2019-02-22|144.42|146.2836|144.42|145.87
2019-02-25|146.91|147.2|145.81|146.06
2019-02-26|145.2|147.4|145.02|147.04
2019-02-27|146.5|147.49|145.92|147.22
2019-02-28|147.26|148.82|147.23|148.12
2019-03-01|149.46|149.93|148.38|149.47
2019-03-04|150.07|150.19|146.951|147.96
2019-03-05|148|149.29|147.83|147.95
2019-03-06|148|148.52|147.42|147.81
2019-03-07|147.26|147.81|146.04|146.83
2019-03-08|145.44|147.48|144.5|147.35
2019-03-11|148.11|150.97|148.02|150.67
2019-03-12|151|153.14|150.87|151.73
2019-03-13|152.3|154.04|152.04|152.47
2019-03-14|152.56|154.69|152.3|154.2
2019-03-15|153.72|156.82|153.36|155.46
2019-03-18|155.92|156.41|154.42|154.96
2019-03-19|155.95|155.95|154.14|154.59
2019-03-20|154.34|154.87|152.7134|153.75
2019-03-21|153.32|156.68|153.31|155.8
2019-03-22|154.99|155.68|152.85|153.07
2019-03-25|152.36|154.0617|151.54|153.03
2019-03-26|153.77|155.6|153.77|155.3
2019-03-27|155.47|155.86|153.36|154.22
2019-03-28|154.93|155.08|153.61|154.67
2019-03-29|155.73|156.29|154.93|156.19
2019-04-01|157.53|157.73|156.55|157.26
2019-04-02|157.66|158.15|156.75|157.78
2019-04-03|158.55|159.11|157.85|158.46
2019-04-04|158.53|158.69|156.53|157.64
2019-04-05|158|158.63|157.23|157.65
2019-04-08|157.55|157.8501|156.32|157.75
2019-04-09|156.56|157.99|156.47|157.49
2019-04-10|157.99|158.78|157.52|158.56
2019-04-11|159.11|159.3|157.44|157.86
2019-04-12|158.71|159.64|157.86|159.64
2019-04-15|159.83|160.48|159.19|160.44
2019-04-16|161.04|161.1|159.55|160.23
2019-04-17|160.87|161.07|160.31|160.44
2019-04-18|160.93|161.105|159.0007|160.16
2019-04-22|159.2|160.48|159.0684|160.4
2019-04-23|161|161.88|159.87|161.66
2019-04-24|161.75|162.03|160.65|161.49
2019-04-25|160.52|161.6|158.55|161.02
2019-04-26|161.26|163.03|160.4|162.93
2019-04-29|163.21|164.5|163.1|164.15
2019-04-30|164.98|165.7|163.92|164.43
2019-05-01|165.54|165.74|162.75|162.79
2019-05-02|162.1|163.08|160.43|161.12
2019-05-03|162.3|162.74|161.18|162.04
2019-05-06|158.21|162.65|158.2|162.28
2019-05-07|160.95|161.78|158.68|160.21
2019-05-08|159.77|161.7|159.52|160.76
2019-05-09|158.86|159.85|157.17|159.81
2019-05-10|158.86|161.3994|157.27|160.71
2019-05-13|157.19|158.72|156.42|157.33
2019-05-14|158.1|161.52|157.94|160.21
2019-05-15|159.32|163.16|159.1038|162.79
2019-05-16|163.45|165.6036|162.86|164.87
2019-05-17|163.29|165.2|163.2|164.09
2019-05-20|163.35|164.74|162.33|163.47
2019-05-21|164.58|164.859|163.19|163.86
2019-05-22|163.6|165.63|163.45|164.24
2019-05-23|163.5|164.25|160.82|161.51
2019-05-24|162.75|163.41|161.72|162.64
2019-05-28|163.4|165.77|163.33|163.71
2019-05-29|163.3|163.5|161.48|162.73
2019-05-30|162.8|163.5|161.94|162.76
2019-05-31|160.91|162.13|160.56|161.33
2019-06-03|161.54|162.83|156.75|158.6
2019-06-04|160.29|162.37|158.6501|162.33
2019-06-05|163.5|165.4|162.69|165.39
2019-06-06|165.88|167.4|164.94|166.92
2019-06-07|168|171.61|167.8|170.05
2019-06-10|171.84|172.02|170.51|170.82
2019-06-11|171.95|172.18|168.42|170.31
2019-06-12|170.38|171.62|169.7|171.59
2019-06-13|172.14|172.2|168.72|169.35
2019-06-14|169.77|170.64|168.84|169.66
2019-06-17|169.73|170.42|169.03|169.56
2019-06-18|170.65|170.67|167.55|169.28
2019-06-19|169.39|171.2|169.21|170.69
2019-06-20|172.51|173.94|171.75|173.74
2019-06-21|173.27|174.8065|173.16|173.44
2019-06-24|174.6|174.73|172.72|173.85
2019-06-25|174.81|174.94|170.59|171.28
2019-06-26|171.39|172.39|170.8176|171.06
2019-06-27|172.12|172.4|170.32|171.23
2019-06-28|171.96|173.55|170.52|173.55
2019-07-01|175.33|175.54|172.74|173.94
2019-07-02|174.1|175.32|173.3|175.28
2019-07-03|176|176.99|175.72|176.87
2019-07-05|175.86|177.0311|174.51|176.66
2019-07-08|176.3|176.61|175.4|176.19
2019-07-09|175.43|177.89|175.3|177.73
2019-07-10|178.58|180.26|178.58|179.31
2019-07-11|180.12|180.94|179.46|180.74
2019-07-12|181.35|181.35|178.92|180.33
2019-07-15|180.56|181.07|179.94|180.57
2019-07-16|180.37|180.88|178.73|179.31
2019-07-17|179.56|180.205|179.01|179.15
2019-07-18|178.63|180.62|178.58|180.53
2019-07-19|181.84|181.84|179.14|179.24
2019-07-22|179.64|180.98|179.14|180.57
2019-07-23|180.89|181.27|179.06|180.9
2019-07-24|180.79|183.43|179.25|183.33
2019-07-25|183.87|183.99|181.3|181.59
2019-07-26|182.41|183.82|182.21|183.69
2019-07-29|183.89|184.07|182.7338|183.21
2019-07-30|182.54|183.38|181.27|181.53
2019-07-31|181.79|182.05|176.06|178
2019-08-01|179.19|182.4|178.17|179.17
2019-08-02|178|178.27|174.69|177.42
2019-08-05|172.01|173.5|166.975|168.86
2019-08-06|171.79|172.95|170.13|172.48
2019-08-07|171.5|175.73|170.34|175.32
2019-08-08|177.46|179.95|176.57|179.9
2019-08-09|179.67|180.1|177.85|179.05
2019-08-12|177.44|178.65|175.61|176.16
2019-08-13|174.39|178.92|174.21|178.61
2019-08-14|176.24|177.25|173.1601|173.51
2019-08-15|174.26|177.02|173.52|176.27
2019-08-16|178|178.75|177.2|178.23
2019-08-19|180.42|180.42|178.12|179.74
2019-08-20|179.43|180.63|178.49|179.24
2019-08-21|180.69|181.69|180.24|180.94
2019-08-22|181.95|182.33|178.61|180.09
2019-08-23|179.55|180.5|174.235|175.23
2019-08-26|176.41|177.67|175.35|177.59
2019-08-27|178.32|179.19|176.94|178.38
2019-08-28|176.99|178.99|176.032|178.67
2019-08-29|180.4|181.39|179.31|181.17
2019-08-30|181.99|182.18|179.6661|180.82
2019-09-03|180.52|181.25|179.1|179.2
2019-09-04|180.9|182.2|180.05|181.77
2019-09-05|183.73|185.68|183.38|184.73
2019-09-06|184.74|186.71|184.55|185.74
2019-09-09|186.92|187.05|179.5073|181.55
2019-09-10|179.41|179.7|173.81|176.35
2019-09-11|177.4|177.925|174.45|174.98
2019-09-12|176.85|179.41|176.68|177.98
2019-09-13|178.65|178.77|176.02|177.27
2019-09-16|176.17|177.2|175.51|176.11
2019-09-17|176.83|178.26|175.04|176.45
2019-09-18|177.09|177.18|172.825|175.29
2019-09-19|176.2|177.41|175.61|175.96
2019-09-20|177.4|177.63|173.9495|174.06
2019-09-23|172.9|175.25|172.79|174.91
2019-09-24|176.11|177.2|173.4|174.48
2019-09-25|173.8|175.67|172.39|175.28
2019-09-26|175.65|176.45|174.611|175.65
2019-09-27|176.7|176.83|172.36|174
2019-09-30|174.17|175.45|172.01|172.01
2019-10-01|173.02|174.815|172.82|174.29
2019-10-02|172.64|172.936|168.59|169.83
2019-10-03|169.91|173.14|168.63|172.87
2019-10-04|174.68|176.52|174.44|175.98
2019-10-07|174.66|175.69|173.8|174.9
2019-10-08|173.57|174.6402|171.88|172.42
2019-10-09|174.11|175.99|173.6365|174.88
2019-10-10|173.89|175.9022|173.59|174.88
2019-10-11|176.87|179.2|176.85|177.06
2019-10-14|177.38|178.4136|177.11|177.36
2019-10-15|178.13|179.43|177.55|178.75
2019-10-16|177.92|178.26|176.27|177.87
2019-10-17|178.89|179.19|177.5|177.94
2019-10-18|177.9|178.2|174.55|175.71
2019-10-21|176|176.73|174.61|176.43
2019-10-22|177|177.79|170.78|170.86
2019-10-23|170.99|172.17|170.18|171.32
2019-10-24|173.42|176.87|173.4|176.16
2019-10-25|174.93|179.15|173.5|177.85
2019-10-28|178.93|180.18|178.35|179.84
2019-10-29|179.8|180|177.37|177.63
2019-10-30|177.79|179.42|176.39|179.25
2019-10-31|179.25|179.7|178.01|178.86
2019-11-01|180.13|181.32|179.56|180.93
2019-11-04|182.08|182.4|178.81|178.95
2019-11-05|179.07|179.56|175.18|176.37
2019-11-06|176.37|178.19|176.14|176.77
2019-11-07|177.35|180.65|176.85|178.43
2019-11-08|178.38|179.45|177.8|178.97
2019-11-11|178.5|180.36|178.2|179.54
2019-11-12|179.94|181.0599|178.88|179.74
2019-11-13|179.4|180.88|177.9|179.41
2019-11-14|179|179.77|178.06|179.75
2019-11-15|180.03|180.68|179.08|179.77
2019-11-18|179.57|180.3232|178.98|179.66
2019-11-19|180.39|182.98|180.2023|182.77
2019-11-20|182.31|183.22|180.35|181.66
2019-11-21|181.17|181.81|179.315|179.89
2019-11-22|180.13|180.47|178.35|179.47
2019-11-25|180.4|181.35|180.11|180.97
2019-11-26|181.46|182.92|181.21|182.55
2019-11-27|183|184.54|182.257|184.37
2019-11-29|183.93|184.85|183.36|184.51
2019-12-02|184.24|184.37|179.87|181.79
2019-12-03|179.9|182.14|179.66|181.9
2019-12-04|182.66|182.8|180.47|180.6
2019-12-05|181.25|182.03|180.07|181.89
2019-12-06|182.74|183.28|181.34|182.17
2019-12-09|181.9|183.26|181.3|182.92
2019-12-10|182.55|183.15|181.9|182.26
2019-12-11|183.07|183.08|181.19|182.01
2019-12-12|181.66|183.33|180.83|182.64
2019-12-13|182.5|185.52|182.04|185.14
2019-12-16|186.33|186.82|185.768|186.24
2019-12-17|186.5|186.78|184.1|185.52
2019-12-18|185.52|186.44|184.9|184.9
2019-12-19|184.5|186.58|184.5|186.54
2019-12-20|187.6|188.17|186.3|188
2019-12-23|188.15|188.41|187|187.08
2019-12-24|187.1|188.02|186.91|187.57
2019-12-26|187.89|189.18|187.7|189.16
2019-12-27|189.74|189.8862|188.471|189.39
2019-12-30|189.31|189.4799|187.12|187.83
2019-12-31|187.06|188|186.54|187.9
2020-01-02|189|191.14|188.72|191.12
2020-01-03|188.41|190.96|187.92|189.6
2020-01-06|188|189.21|187.163|189.19
2020-01-07|189.59|190.1|188.6|188.69
2020-01-08|189.49|192.5|188.8|191.92
2020-01-09|193|193.9215|192.52|193.25
2020-01-10|193.5|194.57|193.11|193.77
2020-01-13|194.44|195.6|194.28|195.33
2020-01-14|196.74|196.95|195.14|196.05
2020-01-15|197|200.15|196.32|199.8
2020-01-16|201|201.5|199.78|200.95
2020-01-17|201.76|204.75|199.98|204.7
2020-01-21|204.13|208.39|203.8|207.29
2020-01-22|207.51|210.13|207.29|207.9
2020-01-23|207.9|208.4|205.3|206.52
2020-01-24|207.42|207.99|204.21|205
2020-01-27|200|203.33|199.1|201.69
2020-01-28|202.39|203.84|201.78|202.85
2020-01-29|204.3|205.92|202.5128|204.86
2020-01-30|204|208.5|203.32|208.21
2020-01-31|201.49|203.98|198.26|198.97
2020-02-03|199.94|202.26|199.85|200.81
2020-02-04|203.5|204.92|202.2272|203.56
2020-02-05|205.5|205.6|199.95|202.81
2020-02-06|203.05|204.63|202.475|203.04
2020-02-07|201.98|203.83|201.09|202.74
2020-02-10|201.97|206.13|201.86|205.99
2020-02-11|207.5|207.67|203.64|203.94
2020-02-12|205|208.1481|205|207.44
2020-02-13|206.62|208.4673|206.05|207.4
2020-02-14|208.29|210.775|208.01|210.29
2020-02-18|210|211.5|209.36|211.2
2020-02-19|212.52|214.17|211.715|213.31
2020-02-20|212.13|213.69|208.28|211.45
2020-02-21|209.9|210.22|207.42|208.81
2020-02-24|197.89|203.77|194.01|198.79
2020-02-25|198.79|199.89|187.72|188.4
2020-02-26|190|193.5126|187.03|187.21
2020-02-27|182.12|186.34|180|180.01
2020-02-28|173.79|182.33|172.9835|181.76
2020-03-02|186.32|192.44|183.1|192.33
2020-03-03|193.2|194.04|184.5|185.73
2020-03-04|190.36|194.49|186.17|194.29
2020-03-05|191.24|191.92|185.64|186.96
2020-03-06|183.54|185.99|179.98|184.36
2020-03-09|171.21|179.57|168.31|171.13
2020-03-10|179.47|182.61|171.8815|182.6
2020-03-11|177.65|178.73|170.2|172.95
2020-03-12|158.5|172|156.99|160.08
2020-03-13|168.72|176.32|162.21|175.83
2020-03-16|151.14|165.31|147.98|152.01
2020-03-17|155.75|163.7|149.25|157.89
2020-03-18|148.46|150.68|139.8|148.48
2020-03-19|146.92|157.25|141.47|152.25
2020-03-20|154.82|158.26|145.67|146.83
2020-03-23|141.33|143.35|133.93|135.74
2020-03-24|144.84|155.25|143.58|154.53
2020-03-25|159.32|168.18|153.58|161.78
2020-03-26|162.08|169.53|161.79|168.88
2020-03-27|161.08|167.1|158.15|161.56
2020-03-30|161.04|165.87|160.69|165.57
2020-03-31|166.43|168.19|160.54|161.12
2020-04-01|156.32|158.07|151.4162|153.11
2020-04-02|152.53|158.35|151.29|157.39
2020-04-03|155.56|157.72|150.6|151.85
2020-04-06|160.02|170.73|158.25|169.44
2020-04-07|177.76|178.7996|168.1|168.59
2020-04-08|171.01|176|167.9303|174.94
2020-04-09|176.27|177.19|172.85|173.69
2020-04-13|172.26|172.32|166.15|168.99
2020-04-14|173.09|175.43|170.83|174.62
2020-04-15|168.7|169.36|164.95|165.96
2020-04-16|167.11|168|159.8|162.42
2020-04-17|169.65|170.989|164.95|169.54
2020-04-20|167.33|167.43|163.2|164.22
2020-04-21|162|162.57|159.15|160.53
2020-04-22|164.66|167.7|162.92|166.59
2020-04-23|167.88|170.41|166.21|166.38
2020-04-24|168.44|168.75|164.01|167.32
2020-04-27|168.65|172.35|168.55|171.76
2020-04-28|175|175.01|170.3848|171.25
2020-04-29|176.85|182.25|176.1|181.79
2020-04-30|181.78|181.83|177.655|178.72
2020-05-01|174.45|179.64|174.27|175.57
2020-05-04|172.95|176.94|171.72|176.15
2020-05-05|179.09|181.102|178.26|178.44
2020-05-06|179.72|180.51|177.88|178.78
2020-05-07|181.75|184.98|181.71|182.72
2020-05-08|185.03|185.75|183.62|185.09
2020-05-11|183.87|184.62|181.43|183.56
2020-05-12|183.56|183.99|179.37|179.47
2020-05-13|178.5|181.09|175.039|177.09
2020-05-14|175.94|181.05|173.82|180.9
2020-05-15|179.98|184.14|178.87|183.49
2020-05-18|188|192.83|187.4708|191.38
2020-05-19|191.14|194.5|189.23|189.36
2020-05-20|193|194.99|192.41|193.86
2020-05-21|193.5|193.616|190.02|190.62
2020-05-22|191|191.37|189.23|190.86
2020-05-26|195.8|196.27|192.76|193.22
2020-05-27|194.31|194.31|188.52|192.82
2020-05-28|193.54|198.29|192.7101|194.26
2020-05-29|194.5|196.74|193.28|195.24
2020-06-01|194.71|195.88|193.52|194.35
2020-06-02|195.94|197.52|194.92|196.36
2020-06-03|198|198.14|195.57|196.87
2020-06-04|195.98|196.46|193.12|193.64
2020-06-05|196.2|199.77|195.475|199.61
2020-06-08|199.58|199.96|197.13|199.6
2020-06-09|198.36|201.67|198.3|199.08
2020-06-10|199.9|202.18|198.95|200.48
2020-06-11|195.14|196.36|188.75|188.88
2020-06-12|194.21|195|187.85|192.26
2020-06-15|187|192.484|186.21|191.76
2020-06-16|196.86|198.38|191.795|192.88
2020-06-17|193.66|195.37|193.06|193.56
2020-06-18|192.6|194.25|192.11|193.91
2020-06-19|196.89|197.1|191.37|192.2
2020-06-22|191.99|196.36|191.29|194.96
2020-06-23|196.25|200.1499|195.82|197.97
2020-06-24|197.02|197.48|190.69|191.41
2020-06-25|191.1|194.24|189.9|193.98
2020-06-26|193.1|194.125|189.08|189.27
2020-06-29|189.91|191.45|187.3001|191.38
2020-06-30|191.49|193.75|190.16|193.17
2020-07-01|193.85|195.35|192.6592|193.78
2020-07-02|196|197.9164|195|195.67
2020-07-06|198.73|199.18|195.68|197.76
2020-07-07|196.81|198.9|193.81|194.2
2020-07-08|195.08|195.52|193.12|195.07
2020-07-09|195|195.49|189.95|192.21
2020-07-10|191.65|192.82|189.44|192.55
2020-07-13|193.61|195.19|188.7|189.02
2020-07-14|189.5|193.47|187.18|193.33
2020-07-15|195.23|197.765|194.5|196.55
2020-07-16|195.33|195.71|192.52|193.5
2020-07-17|194.83|195.57|193.12|195.09
2020-07-20|194.74|199.48|193.6701|198.47
2020-07-21|200|200.17|195.68|196.48
2020-07-22|196.48|199|196.25|198.86
2020-07-23|198.44|200.95|196.43|197.43
2020-07-24|195.67|197.48|194.03|195.15
2020-07-27|195.16|197.81|194.2|196.91
2020-07-28|197.69|199.365|196.71|196.74
2020-07-29|193.09|198.89|193.05|198.58
2020-07-30|195.2|196.56|192.12|194.06
2020-07-31|194.42|194.69|189.44|190.4
2020-08-03|191.8|193.34|190.2105|190.69
2020-08-04|191.13|192.94|190.08|192.29
2020-08-05|193.56|198.18|193.1|196.1
2020-08-06|195.98|198.92|194.79|198.77
2020-08-07|197.59|197.98|195.3|196.36
2020-08-10|196.36|198.31|195.33|196.79
2020-08-11|197.82|202.89|196.335|197.77
2020-08-12|199|200.23|198.24|198.74
2020-08-13|197.13|199.94|197.03|197.58
2020-08-14|197.01|198.07|195.77|196.64
2020-08-17|197.3|200.46|196.71|199.43
2020-08-18|199.98|200.1|196.8223|199.01
2020-08-19|198.92|202.8425|198.9|200.99
2020-08-20|199.9|204.44|199.6|204.15
2020-08-21|204.5|205.14|203.34|204.13
2020-08-24|205.01|206.45|204.67|206.41
2020-08-25|207.19|208.2|205.5407|208.1
2020-08-26|208.1|210.8|207.3025|210.26
2020-08-27|211.21|212.18|209.05|211.03
2020-08-28|212|216.16|211.22|215.71
2020-08-31|215.54|215.96|211.56|211.99
2020-09-01|212.21|213.89|211.12|213.35
2020-09-02|214.13|217.35|213.77|216.48
2020-09-03|214.93|214.93|207.09|208.96
2020-09-04|208.49|210.5|200.15|204.66
2020-09-08|200.78|202.25|199.214|200.12
2020-09-09|204.35|206.29|201.9462|204.06
2020-09-10|204.86|207|200.45|201.54
2020-09-11|201.58|202.41|198.91|200.68
2020-09-14|203.35|206.41|203.14|204.98
2020-09-15|206.75|208.21|204.77|205.39
2020-09-16|206.74|207.745|204.95|205.13
2020-09-17|202.85|205.58|202|205.27
2020-09-18|205.47|205.72|201.72|202.61
2020-09-21|199.91|201.25|194.7|197.45
2020-09-22|198.09|200.71|196.8|200.56
2020-09-23|200.8|201.09|194.57|195.37
2020-09-24|195.15|197.67|193.13|195.52
2020-09-25|195.02|198.14|193.51|197.25
2020-09-28|200.63|201.72|199.83|200.32
2020-09-29|200.58|202.38|199.37|199.44
2020-09-30|200.85|202.54|198.89|199.97
2020-10-01|202.21|205.195|201.6357|203.35
2020-10-02|200|202.83|199.4|201.46
2020-10-05|202.71|203.65|201.05|203.54
2020-10-06|204.11|205.1|199.71|200.45
2020-10-07|202|202.79|199.99|202.47
2020-10-08|204|204.3|202.23|202.98
2020-10-09|204|207.08|203.675|206.64
2020-10-12|206.94|207.97|205.73|206.4
2020-10-13|203.38|205.21|203.03|204.32
2020-10-14|204.71|204.9699|201.13|202.2
2020-10-15|201.01|204.7|197.6|199.55
2020-10-16|199.99|202.65|199.41|200.26
2020-10-19|200.85|201.07|196.5|196.97
2020-10-20|197.55|199.66|196.71|197.7
2020-10-21|197.83|200.42|197.83|198.43
2020-10-22|199.34|199.7665|195.76|197.99
2020-10-23|199.75|199.88|196.02|198.01
2020-10-26|196|196.42|190.72|193.07
2020-10-27|193|193.7|189.22|190.06
2020-10-28|183.98|184.7|179.34|180.87
2020-10-29|183|187|179.34|184.87
2020-10-30|182.66|184.22|179.23|181.71
2020-11-02|184.51|186.92|183.89|184.74
2020-11-03|186.83|189.53|185.16|188.34
2020-11-04|192.89|196.88|191.53|193.97
2020-11-05|198.36|200.99|197.29|197.64
2020-11-06|197.35|199.68|195.4265|198.47
2020-11-09|214.69|217.65|212.28|212.68
2020-11-10|211.94|214.06|210.545|213.31
2020-11-11|212.17|214.28|211.67|212.7
2020-11-12|211.43|212.54|207.14|208.26
2020-11-13|209.91|211.28|207.3|210.48
2020-11-16|214.57|215.09|211.83|212.7
2020-11-17|210.56|212.09|209.5|210.71
2020-11-18|209.72|211.15|207.67|207.83
2020-11-19|207.24|208.73|205.53|207.57
2020-11-20|207.13|208.11|203.805|203.88
2020-11-23|204.7|209|204.7|208.16
2020-11-24|210.85|213.82|209.4|209.68
2020-11-25|209.67|211.95|208.87|210.89
2020-11-27|212|212.03|208.81|211
2020-11-30|209.54|210.54|206.6|210.35
2020-12-01|212.13|213.67|211.04|211.2
2020-12-02|211|211.4|208.48|210.18
2020-12-03|209.78|211.113|207.61|208.05
2020-12-04|209.74|212.72|208.51|212.68
2020-12-07|211.97|214.5|211.7981|212.65
2020-12-08|209.95|213.13|209.89|212.77
2020-12-09|213.23|213.5|208.95|209.58
2020-12-10|208.51|209.3|207.25|207.61
2020-12-11|205.36|206.89|204.5|206.24
2020-12-14|207.85|211.3|206.97|207.25
2020-12-15|208.54|209.44|206.16|208.36
2020-12-16|208.48|209.125|207.14|208.27
2020-12-17|209|211.78|208.85|211.18
2020-12-18|211.02|211.98|209.87|211.31
2020-12-21|208.27|209.8|204.79|209.01
2020-12-22|208.39|208.4|205.6|205.84
2020-12-23|207.33|207.33|205.11|205.3
2020-12-24|206.64|208.816|206.6|208.7
2020-12-28|209.85|213.46|208.95|212.63
2020-12-29|214.61|215.24|213.54|214.37
2020-12-30|216|220.39|215.65|218.36
2020-12-31|218.4|219.82|216.2|218.73
2021-01-04|220.25|220.25|214.24|217.76
2021-01-05|216.31|218.46|213.64|214.51
2021-01-06|213.8|216.17|212.07|212.62
2021-01-07|212.2|215.22|212.2|213.81
2021-01-08|214.17|216.12|212.75|215.45
2021-01-11|213.96|214.86|212.48|212.89
2021-01-12|212.34|212.79|207.47|208.86
2021-01-13|209.41|211|208.63|209.35
2021-01-14|210.57|211.21|201.73|201.86
2021-01-15|201.54|203.26|200.425|201.59
2021-01-19|203.05|204.165|200.07|201.66
2021-01-20|203.03|207.19|202.23|206.01
2021-01-21|206.05|207.1727|204.75|205.14
2021-01-22|203.99|205.33|201.8|202.02
2021-01-25|200.34|201.64|195.75|200.98
2021-01-26|201.76|203.49|200.9701|202.01
2021-01-27|197.64|199.7|193.96|194.97
2021-01-28|200|202|198.17|198.22
2021-01-29|197.82|203.05|192.81|193.25
2021-02-01|195.14|199.21|195.02|198.36
2021-02-02|200.85|204.35|200|202.61
2021-02-03|203.07|203.51|200.98|201.36
2021-02-04|203.24|209.68|203.1|209.25
2021-02-05|209.98|210.13|208.66|208.77
2021-02-08|210|210.65|205.91|206.89
2021-02-09|205.76|207.63|203.7|206.52
2021-02-10|207.97|207.97|205.94|206.44
2021-02-11|207.33|211.59|207.19|210.66
2021-02-12|209.36|211.13|207.68|209.96
2021-02-16|210.66|211.05|207.35|207.9
2021-02-17|205.26|208.28|205.0627|207.51
2021-02-18|205.88|209.7|204.96|209.35
2021-02-19|209.34|209.53|203.76|204.73
2021-02-22|203.55|210.65|203.11|208.32
2021-02-23|207.4|213.91|206.55|212.11
2021-02-24|212.36|220.53|211.2888|219.43
2021-02-25|219.29|220.445|212.58|213.75
2021-02-26|214.05|215.21|210.74|212.39
2021-03-01|214.97|217.8|214.79|216.63
2021-03-02|216.96|217.93|214.82|215.77
2021-03-03|215.15|217.19|212.86|214.85
2021-03-04|215.97|217.02|208.67|211.5
2021-03-05|213.73|216.1|209.63|215.41
2021-03-08|216.98|226.13|215.81|220.27
2021-03-09|222.06|225|220.19|220.36
2021-03-10|220.72|224.185|219.4|223.17
2021-03-11|224.53|228.2298|223.81|226.15
2021-03-12|225.28|226.54|223.4201|224.36
2021-03-15|224.23|227.085|221.7407|223.27
2021-03-16|223.71|225.58|222.295|224.7
2021-03-17|225.05|226.24|221.76|223.02
2021-03-18|221.43|222.52|219.58|220.66
2021-03-19|219.12|220.1689|206.88|206.9
2021-03-22|206.55|212.29|206.23|208
2021-03-23|209.05|209.96|207.5|208.15
2021-03-24|208.75|211.14|207.93|208.07
2021-03-25|207.67|208.82|205.78|207.97
2021-03-26|208.25|213.7|207.7|213.53
2021-03-29|212.45|215.29|211.12|214.51
2021-03-30|213.01|214.15|211.41|211.9
2021-03-31|212.55|214.11|211.545|211.73
2021-04-01|213.784|217.74|212.3|216.86
2021-04-05|218.6|220.51|217.3088|219.04
2021-04-06|217.62|219.4|215.34|218.65
2021-04-07|219.12|221.04|218.64|219.27
2021-04-08|219.97|222.82|218.11|220.7
2021-04-09|221|222.6|219.51|222.52
2021-04-12|220.24|221.91|219.22|221.47
2021-04-13|221|221.615|220.22|221.02
2021-04-14|221|223.1|220.07|221.98
2021-04-15|223.89|227.6257|223.855|226.28
2021-04-16|227.17|227.8|225.76|226.41
2021-04-19|225.75|227.58|225.08|225.79
2021-04-20|224.78|225.38|221.82|223.28
2021-04-21|223.31|227.87|222.865|227.45
2021-04-22|227.3|230.9348|226.89|227.57
2021-04-23|228.61|231.82|227.71|230
2021-04-26|230.77|232.95|229.52|230.34
2021-04-27|231.03|231.16|228.985|229.91
2021-04-28|230.95|236.27|230.6748|233.45
2021-04-29|235.23|237.5|233.15|236.86
2021-04-30|235.32|235.93|232.29|233.56
2021-05-03|234.05|235.74|231.385|232.61
2021-05-04|231.6|232.3926|230.23|232.03
2021-05-05|233.85|233.85|228.66|229.21
2021-05-06|229.63|231.58|228.66|231.32
2021-05-07|232.34|233.22|230.705|232.12
2021-05-10|231.6|232|225.16|225.97
2021-05-11|223.74|226.42|222.0353|225.48
2021-05-12|223.63|225|220.31|220.63
2021-05-13|221.51|224.9|220.89|223.74
2021-05-14|225.82|227.51|224.92|226.94
2021-05-17|226.18|227.16|225.315|226.44
2021-05-18|228.39|229.1799|225.43|225.57
2021-05-19|222.76|224.85|221.7941|224.59
2021-05-20|225.44|227.6|225.24|226.44
2021-05-21|226.88|229.31|226.5518|226.77
2021-05-24|227.95|230.11|227.63|229.32
2021-05-25|229.9|230.19|228.42|229.02
2021-05-26|228.05|229.35|226.38|227.07
2021-05-27|227.76|228.42|226.37|226.86
2021-05-28|227.59|229.43|227.148|227.3
2021-06-01|229.44|230.08|226.28|226.63
2021-06-02|229.22|233.11|228.78|229.66
2021-06-03|229|230.39|227.77|228.11
2021-06-04|229.35|230.7|228.73|230.14
2021-06-07|232.85|234.68|230.08|231.32
2021-06-08|232.15|232.85|230.16|232.05
2021-06-09|232.5|234.85|232.12|232.31
2021-06-10|233.1|234.26|232.1306|233.95
2021-06-11|234.39|235.44|233.7079|234.96
2021-06-14|234.7|235.22|231.5709|234.08
2021-06-15|234.44|234.8|232.62|232.98
2021-06-16|233.62|234.18|228|229.6
2021-06-17|229.21|233.34|229.21|232.15
2021-06-18|230.45|232.18|229.2209|230.41
2021-06-21|231.45|235.01|230.4|234.32
2021-06-22|234.3|236.09|233.24|235.93
2021-06-23|235.45|235.92|233.94|234.68
2021-06-24|237|238.25|235.41|236.24
2021-06-25|236.4|238.48|236.32|237.32
2021-06-28|238|238.37|231.86|234.09
2021-06-29|234.57|236.52|234.15|235.95
2021-06-30|235.11|236.4|233.82|233.82
2021-07-01|234.2|236.25|234.0499|235.15
2021-07-02|235.83|238.78|235.82|238.63
2021-07-06|239.5|240.61|237.21|239.6
2021-07-07|240.26|241.04|238.3|240
2021-07-08|236.97|237.065|234.55|236.61
2021-07-09|238.76|239.45|237.421|238.47
2021-07-12|237.58|238.505|237.27|237.87
2021-07-13|238.25|242.48|238.25|242.35
2021-07-14|243.22|246.81|242.82|245.99
2021-07-15|245.31|248.8|245.31|248.55
2021-07-16|249.99|250.46|247.52|248.12
2021-07-19|243.99|244.45|238.9|240.41
2021-07-20|240.64|244.21|239.51|242.7
2021-07-21|243.29|246.9|242.3|243.66
2021-07-22|243.78|245.3489|243.15|244.14
2021-07-23|246.76|250.01|246.76|249.02
2021-07-26|249.21|250.36|247.7|250.25
2021-07-27|249.19|252.67|248.22|250.93
2021-07-28|250.05|251.5|245.91|246.94
2021-07-29|248.11|250.38|247.095|247.92
2021-07-30|247.21|248.46|246|246.39
2021-08-02|246.24|247.83|238.37|239.78
2021-08-03|240.63|241.39|234.03|237.09
2021-08-04|237|237.55|235.05|236.67
2021-08-05|236.61|240.25|236.43|240.21
2021-08-06|240|242.6|239.86|241.4
2021-08-09|241.75|242.18|238.05|240
2021-08-10|240.51|241.34|235.56|238.07
2021-08-11|238.08|238.36|234.58|235.06
2021-08-12|233.89|234.11|231.02|231.79
2021-08-13|232|233.27|231.4|232.65
2021-08-16|232.21|235.48|230.2|235.36
2021-08-17|235|235.665|233.22|234.53
2021-08-18|233.92|234.35|231.47|231.63
2021-08-19|229.04|232.43|228.9|231.57
2021-08-20|231.87|232.16|230.3|231.36
2021-08-23|232.7|234.65|232|234.14
2021-08-24|235.04|236.19|233.95|234.24
2021-08-25|235|235|232.0805|232.59
2021-08-26|232.13|232.63|230.15|230.52
2021-08-27|231.02|233.0525|230.23|232.69
2021-08-30|232.69|233.67|229.92|231.23
2021-08-31|230.91|231.84|228.66|229.1
2021-09-01|229.1|230.78|228.77|230.12
2021-09-02|230.43|230.55|221.96|224.18
2021-09-03|224|227.3|223.3501|225.11
2021-09-07|226.74|228|225.86|226.27
2021-09-08|227.38|230.2225|227.04|229.09
2021-09-09|229.31|230|227.1|227.49
2021-09-10|229.85|230.04|224.82|224.91
2021-09-13|225.53|227.2|223.411|224.63
2021-09-14|225|225.81|222.279|223.03
2021-09-15|222.52|224.835|221.36|223.81
2021-09-16|223.86|225.2|222.75|224.33
2021-09-17|222.45|223.7|219.3|221.75
2021-09-20|216.96|220.5|216.31|220.05
2021-09-21|220.75|222.17|218.98|220.17
2021-09-22|221.4|224.1|221.1|222.75
2021-09-23|225|228.7|224.36|228.31
2021-09-24|228.93|231.95|228.62|231.59
2021-09-27|231.72|233.33|228.77|229.6
2021-09-28|228.87|228.87|224|225.56
2021-09-29|226.8|229.02|226.09|226.68
2021-09-30|227.58|228.7855|222.63|222.75
2021-10-01|224.17|231.56|223.47|230.46
2021-10-04|230|230.33|220.81|224.73
2021-10-05|225.48|227.38|223.92|224.28
2021-10-06|222.04|226.62|221.25|226.51
2021-10-07|228.91|231.16|228.49|230.55
2021-10-08|231|232.7335|230.18|230.27
2021-10-11|230.01|230.315|224.87|225.11
2021-10-12|225.56|226.22|222.92|224.05
2021-10-13|223.13|225.86|218.63|222.46
2021-10-14|224.12|225.65|223.06|225.18
2021-10-15|227.22|231.09|226.73|230.99
2021-10-18|230.18|232.76|228.143|230.65
2021-10-19|231.95|233.64|230.68|233.52
2021-10-20|233.455|233.8|231.31|231.42
2021-10-21|230.7|230.83|226.3|230.24
2021-10-22|230.29|232.82|228.71|231.23
2021-10-25|233.45|234.86|232.29|233.88
2021-10-26|235.53|236.96|231.33|231.82
2021-10-27|224.75|224.75|215.66|215.78
2021-10-28|219.25|219.99|209.01|209.84
2021-10-29|209.21|213.665|208.54|211.77
2021-11-01|213.49|215.25|211.45|212.46
2021-11-02|213.16|213.35|207.82|209.14
2021-11-03|209.69|210.15|206.73|208.1
2021-11-04|209.16|212.3593|207.87|208.78
2021-11-05|211.95|217.625|211.36|216.67
2021-11-08|218.37|221.61|218.15|220.49
2021-11-09|219.69|220.41|212.915|213.39
2021-11-10|213.55|216.95|213.33|215.56
2021-11-11|216.47|216.78|210.16|210.42
2021-11-12|211.5|213.58|211.434|212.09
2021-11-15|213.62|216.4|211.81|212.3
2021-11-16|212.16|215.65|211.66|215.18
2021-11-17|205.95|207.31|199.46|205.06
2021-11-18|206.5|207.87|201.27|203.33
2021-11-19|202.04|203.5|199.85|200.86
2021-11-22|200|201.7|194.6|195.58
2021-11-23|196.97|198.92|194.38|198.49
2021-11-24|198.17|203.95|197.64|203.25
2021-11-26|193.32|199.19|192.55|197.65
2021-11-29|201|201.25|195.36|196.29
2021-11-30|195.27|197.66|192.56|193.77
2021-12-01|196.03|196.81|190.1|190.16
2021-12-02|192|199.435|191.85|198.29
2021-12-03|198.27|198.47|194.04|196.32
2021-12-06|198.77|204.22|197.74|202.68
2021-12-07|206|207.94|205.89|207.37
2021-12-08|207.66|209.48|205.71|208.99
2021-12-09|208.52|212.2|207.17|211.39
2021-12-10|211.9|214.25|210.86|213.4
2021-12-13|212.45|213.32|209.98|211.02
2021-12-14|210.73|213.37|208.45|209.98
2021-12-15|209.4|212.49|207.86|212.31
2021-12-16|215.29|216.27|211.61|214.37
2021-12-17|212.8|213.21|207.79|211.88
2021-12-20|209.09|209.77|206.86|208.74
2021-12-21|210.61|216.16|210.363|215.38
2021-12-22|213.85|218.94|213.85|217.96
2021-12-23|218.44|218.5174|216.62|216.62
2021-12-27|217.68|218.12|214.88|217.63
2021-12-28|216.01|219.73|215.58|218.05
2021-12-29|217.76|218.94|217.33|218.17
2021-12-30|217.97|219.15|217.15|217.87
2021-12-31|216.81|217.98|215.49|216.71
2022-01-03|217.52|222.06|217.0101|221.43
2022-01-04|222|226.79|221.81|222.46
2022-01-05|222.64|225.27|219.92|220
2022-01-06|217.8|221.91|217.55|219.75
2022-01-07|217.31|220.2|215.64|216.96
2022-01-10|213.975|214.2|206.5|211.97
2022-01-11|211.42|214.945|208.74|214.38
2022-01-12|214.48|217.58|213.8101|215.71
2022-01-13|216.85|220.48|214.655|215
2022-01-14|214.17|218.245|213.71|214.67
2022-01-18|215.88|216.905|214.33|215.71
2022-01-19|213|218.23|212.105|214.68
2022-01-20|214.72|219.603|213.94|214.35
2022-01-21|215.46|215.5998|205.82|205.93
2022-01-24|202.18|202.72|195.65|201.85
2022-01-25|199.62|205.38|196.99|202
2022-01-26|204.28|210.86|203.67|205.87
2022-01-27|209.5|210.96|205.85|206.15
2022-01-28|220.64|228.12|216.1|228
2022-01-31|225.55|226.38|222.05|226.17
2022-02-01|226.9|234.6101|226.42|232.36
2022-02-02|231.3|235.85|230.01|235.42
2022-02-03|233.04|233.49|230.55|231.54
2022-02-04|228.5|230.22|224.95|228.39
2022-02-07|228|229.92|226.01|227.16
2022-02-08|226.26|228.5|224.75|227.94
2022-02-09|230.13|233.15|230.12|230.87
2022-02-10|228.03|229.95|224.87|225.59
2022-02-11|227.25|229.1|223.54|224.69
2022-02-14|223.29|227.2601|222.81|225.34
2022-02-15|227.27|229.29|224.91|227.82
2022-02-16|227.5|229.88|225.595|228.82
2022-02-17|228.4|228.81|224.17|224.61
2022-02-18|224.6|225.74|221.84|222.69
2022-02-22|221.02|224.34|219.92|221.32
2022-02-23|222.84|224.28|215.42|215.95
2022-02-24|203.37|217.8626|201.45|217.3
2022-02-25|217.29|220.68|214.25|219.27
2022-02-28|216|218.65|213.24|216.12
2022-03-01|214.48|215.15|207.28|208.97
2022-03-02|206.9|210.54|206.19|208.48
2022-03-03|210.55|211.5|206.56|207.23
2022-03-04|205|206.37|196.86|200.29
2022-03-07|199.84|200.18|190.045|190.7
2022-03-08|190.01|196.42|186.67|191.71
2022-03-09|196.5|200.5|195.24|199.76
2022-03-10|196.9|199.94|196.3|197.97
2022-03-11|200.75|200.84|196.46|196.71
2022-03-14|198.42|204.43|198.16|200.33
2022-03-15|202.09|206.41|201.4|206.14
2022-03-16|210|213.665|207|211.87
2022-03-17|209.93|213.54|208.72|213.45
2022-03-18|211.7|219.26|210.29|219.11
2022-03-21|216.34|218.055|214.55|217.04
2022-03-22|217.84|219.57|217.175|218.47
2022-03-23|215.3|217.285|214.2|214.68
2022-03-24|214.99|217.66|214|217.31
2022-03-25|218.42|218.93|215.6875|218.43
2022-03-28|218.5|220.98|217.51|220.77
2022-03-29|224.84|228.81|223.78|228.12
2022-03-30|225.84|226.16|222.73|223.95
2022-03-31|223.91|225.92|220.44|221.77
2022-04-01|223.08|226.63|222.23|226.36
2022-04-04|225.76|229.24|224.96|227.74
2022-04-05|226.83|228.99|225.31|226.09
2022-04-06|222.78|222.87|218.62|219.01
2022-04-07|218.31|218.68|213.68|216.15
2022-04-08|214.81|219.405|213.08|216.98
2022-04-11|215.25|217.3|213.41|214.75
2022-04-12|216.5|216.99|210.7|211.4
2022-04-13|210.43|213.85|207.171|213.27
2022-04-14|214.27|215.95|212.53|212.79
2022-04-18|211.67|215.8319|211.52|213.17
2022-04-19|213.1|216.51|212.44|215.7
2022-04-20|218.66|220.8187|217.39|217.79
2022-04-21|219.51|223.92|215.35|216.45
2022-04-22|216.24|216.56|207.95|208.17
2022-04-25|206.35|210.5312|205.33|209.95
2022-04-26|206.98|208.56|201.1|201.1
2022-04-27|217.37|221.8|213.05|214.11
2022-04-28|220.4|224.93|219.27|220.66
2022-04-29|218.62|221.2008|212.35|213.13
2022-05-02|211.77|212.14|206.96|211.53
2022-05-03|213.61|213.61|206.27|208.56
2022-05-04|209.35|214.8|205.33|214.52
2022-05-05|212.27|214.58|203.07|205.24
2022-05-06|203.75|205.72|200.22|202.82
2022-05-09|200.05|200.75|192.08|193
2022-05-10|196.71|197.75|190.97|193.58
2022-05-11|193.49|198.32|191.4|196.72
2022-05-12|194.53|196.06|189.95|193.97
2022-05-13|197|200.54|196.5|199.23
2022-05-16|197.32|199.94|195.88|197.81
2022-05-17|202.85|204.8|200.15|204
2022-05-18|202.82|205.46|199.13|199.99
2022-05-19|196.35|200.42|193.31|197.37
2022-05-20|199.67|201.66|194.02|199.03
2022-05-23|200.88|207.96|200.77|207.56
2022-05-24|203.91|204.6729|199.03|202.63
2022-05-25|200.59|204.95|200.47|203.84
2022-05-26|205.11|209.74|204.67|208.55
2022-05-27|210|213.23|209.64|212.88
2022-05-31|210.38|214.35|209.11|212.17
2022-06-01|212.05|214.11|208.82|209.93
2022-06-02|211.89|215.25|211.08|215.05
2022-06-03|212.95|214.21|211.27|212.65
2022-06-06|215.45|217.58|212.09|212.94
2022-06-07|211.12|214.97|210.72|214.5
2022-06-08|213.76|215.57|212.83|213.5
2022-06-09|212.59|213.71|206.02|206.11
2022-06-10|201.65|203.42|199.18|199.51
2022-06-13|192.99|195.89|191.08|192.26
2022-06-14|192.72|194.34|191.75|193.52
2022-06-15|195.98|198.83|192.23|196.16
2022-06-16|191.41|191.87|187.53|189.05
2022-06-17|186.93|191.3053|185.91|190.01
2022-06-21|195.71|196.73|193.73|194.39
2022-06-22|191.25|196.39|191.03|193.82
2022-06-23|196.14|197.46|193.45|196.64
2022-06-24|197.73|205.64|197.51|205.51
2022-06-27|205.75|207.09|202.6149|203.56
2022-06-28|204|206.79|197.5|198.12
2022-06-29|197.32|200.64|197.32|199.5
2022-06-30|195.37|198.85|192.85|196.89
2022-07-01|196.79|199.8|194.71|199.18
2022-07-05|196.23|200.57|194.14|200.54
2022-07-06|200|202.51|198.665|201.12
2022-07-07|202.54|203.43|200.04|202.8
2022-07-08|202.32|204.1|200.46|203.57
2022-07-11|202|206.74|202|205.06
2022-07-12|203.25|208.12|202.76|204.82
2022-07-13|200.43|205.57|199.5|204.15
2022-07-14|200|206.08|197.98|205.91
2022-07-15|209.37|211.71|207.18|210.04
2022-07-18|211.5|212.91|206.64|207.21
2022-07-19|208.22|214.11|207.9|213.66
2022-07-20|212|214.13|211.21|213.37
2022-07-21|213.15|216.9|212.73|216.19
2022-07-22|217.93|218.07|212.12|213.7
2022-07-25|214.58|214.8|211.62|214.27
2022-07-26|213.85|215.15|211.75|212.49
2022-07-27|210.77|216.85|201.2|210.47
2022-07-28|210.64|212.72|207.92|211.35
2022-07-29|212|214.16|209.83|212.11
2022-08-01|208.45|213.985|207.56|211.36
2022-08-02|207.8|208.8379|203.93|206.26
2022-08-03|207.99|210.33|206.88|208.48
2022-08-04|210.53|214.88|208.55|213.47
2022-08-05|210.71|215.95|210.5|215.87
2022-08-08|215.23|216.63|212.0488|213.32
2022-08-09|212|213.45|209.75|210.26
2022-08-10|214.83|214.84|211.31|212.1
2022-08-11|213.29|213.5|210.59|211.08
2022-08-12|213|213.22|210.1|211.33
2022-08-15|210.37|216.74|210.37|216.42
2022-08-16|214.55|217.61|212.13|217.14
2022-08-17|215|216.18|212.75|214.52
2022-08-18|213.87|216|212.43|215.25
2022-08-19|214.11|215.23|212.39|212.82
2022-08-22|209.94|211.25|208.2|208.61
2022-08-23|208|209.3|206.53|206.8
2022-08-24|206.63|208.35|205.675|206.67
2022-08-25|207.39|209.91|206.5|209.82
2022-08-26|209.77|210.2599|202.7|202.89
2022-08-29|201.25|203.96|200.62|202.33
2022-08-30|203.92|204.41|200.21|201.38
2022-08-31|201|203.165|198.64|198.71
2022-09-01|198.72|200.43|196.66|200.13
2022-09-02|202.44|202.48|196.85|197.76
2022-09-06|197.9|200.04|196.4|198.64
2022-09-07|198.71|201.135|197.22|200.42
2022-09-08|197.4|201.11|196.96|200.71
2022-09-09|202.07|206.3953|201.35|205.2
2022-09-12|206.5|207.19|204.95|206.63
2022-09-13|202.05|203.47|198.87|199.67
2022-09-14|200|200.88|198.06|199.41
2022-09-15|198.09|200.31|194.53|195.37
2022-09-16|190.22|193.82|188.22|193.3
2022-09-19|191.59|193.99|190.71|193.13
2022-09-20|191.1|193.03|190.29|192.07
2022-09-21|192.53|193.09|187|187.02
2022-09-22|186.35|187.21|184.66|185.79
2022-09-23|183.47|184.58|182.23|183.96
2022-09-26|183.04|184.5|179.9|180.59
2022-09-27|182.51|184.85|177.0208|177.87
2022-09-28|177.26|180.1|174.83|179.18
2022-09-29|178.83|182.24|178.725|180.06
2022-09-30|180.06|182.92|177.595|177.65
2022-10-03|179.34|183.36|178.15|181.65
2022-10-04|185.05|186.2125|183.07|185.65
2022-10-05|183.34|188.82|182.36|187.67
2022-10-06|186.65|188.05|185.25|185.59
2022-10-07|183.45|184.61|181.93|183.83
2022-10-10|184.13|184.78|180.9|182.18
2022-10-11|180.37|181.64|178.19|179.14
2022-10-12|179.09|180.59|178.22|178.24
2022-10-13|175|185.37|174.6|184.66
2022-10-14|186.79|187.13|182.07|182.62
2022-10-17|186|188.57|182.85|185.25
2022-10-18|189.49|190.19|185.74|187.17
2022-10-19|185.49|187.64|184.755|186.41
2022-10-20|186.46|190.98|186.43|187.22
2022-10-21|185.8|190.95|185.05|190.37
2022-10-24|191.41|193.13|189.1|190.71
2022-10-25|190.87|195.23|190.72|194.38
2022-10-26|196.58|206.365|196.5|203.33
2022-10-27|203.32|206.32|201.59|204.29
2022-10-28|205|211.5186|203.31|209.34
2022-10-31|208.92|209.62|206.2|207.16
2022-11-01|208.91|209.97|205.33|206.93
2022-11-02|205.76|207|200.58|200.95
2022-11-03|198.28|198.85|194.18|194.75
2022-11-04|197|201.45|195.34|196.98
2022-11-07|198.32|200.44|197.17|200.1
2022-11-08|201.66|204.12|199.74|201.78
2022-11-09|200.7|201.33|193.325|193.93
2022-11-10|203.09|205.76|200.02|205.57
2022-11-11|206|206.425|202.15|205
2022-11-14|203.5|209.1664|203.21|206.86
2022-11-15|209.99|213.73|207.51|209.99
2022-11-16|208.58|210.89|208.22|210.14
2022-11-17|207.96|211.28|207.3243|210.99
2022-11-18|213.17|214.17|209.74|210.8
2022-11-21|210.3|210.55|205.89|206.32
2022-11-22|207.54|210.48|205.35|210.33
2022-11-23|210|212.83|209.915|211.73
2022-11-25|211.71|214|211.385|213.79
2022-11-28|212.26|214.47|210.65|211.26
2022-11-29|209.35|210.154|207.346|209.06
2022-11-30|208.22|217|208.01|217
2022-12-01|217|218.65|215.3|217
2022-12-02|215.73|218.48|214.235|217.66
2022-12-05|215.65|216.9099|213.05|213.68
2022-12-06|212|212.13|207.64|209.08
2022-12-07|208.8|209.0153|205.13|207.81
2022-12-08|209.51|210.3|207.75|209.1
2022-12-09|207.91|210.52|207.52|208.7
2022-12-12|210|214.815|209.47|214.59
2022-12-13|219.54|219.98|212.62|213.04
2022-12-14|212.85|216.2835|211.63|213.32
2022-12-15|209.6|211.82|206.82|207.91
2022-12-16|207.49|208.404|205.3|206.89
2022-12-19|206.63|207.47|203.95|204.82
2022-12-20|203.88|206.53|203.55|205.36
2022-12-21|206.57|207.96|205.58|206.81
2022-12-22|205.75|206.65|202.13|205.06
2022-12-23|204.13|206.24|203.5154|205.83
2022-12-27|205.92|206.88|204.6|206.29
2022-12-28|206.68|208.53|204.8|204.99
2022-12-29|205.95|208.53|205.5|208.06
2022-12-30|206.31|208.04|205.7|207.76
2023-01-03|209.28|212.325|206.16|207.39
2023-01-04|209.62|213.2|209.62|212.61
2023-01-05|213.8|214.16|210.46|211.11
2023-01-06|214|218.14|213.09|217.75
2023-01-09|219.07|222.21|218.35|218.6
2023-01-10|218.99|222.39|218.18|221.09
2023-01-11|221.29|222.18|219.7|222.1
2023-01-12|222.1|223.81|220.61|223.62
2023-01-13|221.91|223.755|220.14|223.06
2023-01-17|222.38|224.4|222.37|223
2023-01-18|224.08|224.99|219.44|219.46
2023-01-19|218.1|221.52|217.5|220.41
2023-01-20|221.14|224.43|220.41|224.31
2023-01-23|224.6|226.2|223.1538|224.18
2023-01-24|222.02|250.58|216.63|223.89
2023-01-25|221.62|224.97|221.17|224.9
2023-01-26|226|227.08|223.67|224.71
2023-01-27|228|232.84|227.25|231.44
2023-01-30|230.2|230.42|227.93|229.1
2023-01-31|228.81|230.8|228.445|230.21
2023-02-01|229.37|232.66|227.8|230.9
2023-02-02|233.96|234.3|228.37|229.56
2023-02-03|228.69|230.86|227.64|230.13
2023-02-06|228.7|230.26|228.035|229.44
2023-02-07|228.02|232.13|227.95|231.32
2023-02-08|230.34|231.86|229.99|230.2
2023-02-09|232.41|232.475|229.125|229.35
2023-02-10|228.96|229.91|226.16|227.2
2023-02-13|226.88|229.83|226.27|228.88
2023-02-14|228.67|231.42|227.17|229.39
2023-02-15|227.59|229.07|226.8|228.92
2023-02-16|226.07|228.36|225.67|225.83
2023-02-17|224.18|224.7719|221.74|223.56
2023-02-21|220.16|222.44|219.99|220.62
2023-02-22|220.41|221.75|219.45|220.02
2023-02-23|221.56|222.09|218.9301|221.13
2023-02-24|218.48|220.24|217.46|219.55
2023-02-27|220.73|221.44|219.341|220.35
2023-02-28|220|221.7731|219.5|219.94
2023-03-01|219.46|220.27|216.43|218.36
2023-03-02|217.89|219.6|217.09|219.06
2023-03-03|220.2|224.015|219.9|223.77
2023-03-06|223.93|227.415|223.69|226.75
2023-03-07|226.75|227.38|223.08|223.17
2023-03-08|221.96|222.93|221.18|222.19
2023-03-09|221.4|224.37|219.66|220.01
2023-03-10|219.03|219.12|215.48|216.14
2023-03-13|214.63|217.85|212.5|214.47
2023-03-14|218|219.87|216.04|218.66
2023-03-15|214.41|216.91|213.67|216.37
2023-03-16|215.17|217.58|208.76|217.45
2023-03-17|214.87|218.66|214.87|217.39
2023-03-20|217|220.545|216.84|218.15
2023-03-21|221.34|222.505|218.68|221.95
2023-03-22|222.5|224.9|219.92|220.04
2023-03-23|220.44|225.25|220.26|222.59
2023-03-24|220.67|221.33|218.25|221.04
2023-03-27|222.59|224.08|221.39|221.81
2023-03-28|222.82|223.33|218.65|220.33
2023-03-29|222.29|223.55|220.92|223.3
2023-03-30|223.92|224.235|221.21|222.36
2023-03-31|223.6|225.84|223.29|225.46
2023-04-03|225.23|229.16|224.12|229
2023-04-04|229|230.05|226.83|227.66
2023-04-05|226.78|228.47|226.55|228.17
2023-04-06|226.16|226.73|224.68|225.99
2023-04-10|225.56|226.48|224.32|226.43
2023-04-11|227|229.135|226.2|228.45
2023-04-12|229.93|231.59|227.33|227.81
2023-04-13|229.46|232.84|228.8|232.69
2023-04-14|232.99|234.99|232.24|234.02
2023-04-17|234.02|234.05|230.94|233.48
2023-04-18|233.75|234.33|231.69|233.6
2023-04-19|234|234.06|231.85|232.57
2023-04-20|232.46|234.67|231.5|234.6
2023-04-21|235|235.568|233.38|234.05
2023-04-24|234.23|235.15|231.51|232.76
2023-04-25|233.02|235.02|229.425|229.59
2023-04-26|231.22|232.77|226.72|228.15
2023-04-27|228.67|229.63|226.61|229.01
2023-04-28|228.65|233.5727|228.06|232.73
2023-05-01|232.87|234.59|231.51|232.51
2023-05-02|231.95|232.37|226.21|226.98
2023-05-03|226.98|228.67|225.92|225.98
2023-05-04|224.84|226.055|223.48|225.6
2023-05-05|228.34|232.34|227.29|231.78
2023-05-08|231.25|233.45|231.25|232.23
2023-05-09|231.08|234.09|230.821|233.26
2023-05-10|234.3|234.81|228.9|231.27
2023-05-11|230.75|231.52|228.27|231.01
2023-05-12|232|232.73|229.82|231.38
2023-05-15|231.19|232.83|230.55|232.81
2023-05-16|232.56|233.0988|229.63|230.47
2023-05-17|232.73|233.8892|230.55|232.65
2023-05-18|232.4|234.149|231.13|233.6
2023-05-19|234|234.34|231.94|233.31
2023-05-22|233.31|233.87|231.175|231.28
2023-05-23|229.27|229.49|223.66|224.58
2023-05-24|222.55|223.1|220.03|222.25
2023-05-25|222.45|224.69|220.49|223.38
2023-05-26|223.82|226.21|223.34|225.01
2023-05-30|225.01|225.47|219.75|221.64
2023-05-31|219.96|221.53|216.14|221.03
2023-06-01|222.73|226.71|222.425|226.5
2023-06-02|228.81|230.27|227.42|228.79
2023-06-05|227.91|228.33|225.31|226.77
2023-06-06|226.69|229.25|226.16|228.22
2023-06-07|227|227.55|221.02|225.27
2023-06-08|225.09|225.135|222.41|223.05
2023-06-09|223.64|225.18|222.76|223.56
2023-06-12|224.41|226.45|223.63|226.17
2023-06-13|225.62|227.15|222.63|223.4
2023-06-14|223.74|225.47|222.58|223.44
2023-06-15|222.02|227.11|221.37|226.17
2023-06-16|226.45|229.7995|226.08|228.91
2023-06-20|227|229.5675|226.18|226.47
2023-06-21|226.12|228.63|224.98|227.25
2023-06-22|226.36|228.93|225.5|228.39
2023-06-23|227.22|229.98|226.39|229.55
2023-06-26|229.44|230.1|226.2|226.3
2023-06-27|227.48|228.61|226.52|227.34
2023-06-28|227.5|228.06|226.02|227.96
2023-06-29|228.79|234.7|228.601|234.32
2023-06-30|236.27|238.28|235.95|237.48
2023-07-03|237|238.4|235.41|237.97
2023-07-05|234.41|240|233.9908|239.45
2023-07-06|238.27|239.6|236.69|238.88
2023-07-07|236.73|238.44|236.13|236.45
2023-07-10|237.01|239.0957|236.5|238.16
2023-07-11|238.81|240.7|238.12|240.55
2023-07-12|241.55|243.95|241.23|242.21
2023-07-13|243.79|244.265|243.15|243.31
2023-07-14|244.73|244.74|241.96|243.16
2023-07-17|243.11|245.37|243|243.99
2023-07-18|243.1|243.18|237.68|240.77
2023-07-19|241.25|242.59|240.12|241.42
2023-07-20|241.16|241.61|239.07|239.62
2023-07-21|239.74|240.345|238.73|239.25
2023-07-24|239.68|241.275|238.19|240.74
2023-07-25|240.02|240.8|238.56|238.69
2023-07-26|231.415|238.85|227.68|237.1
2023-07-27|237.42|238.66|232.96|234.44
2023-07-28|234.58|235.88|233.71|235.75
2023-07-31|236|238.42|236|237.73
2023-08-01|237.14|240.73|237|239.78
2023-08-02|238.63|238.79|236.79|237.56
2023-08-03|236|239.05|235.245|238.76
2023-08-04|238|241.91|237.84|238.99
2023-08-07|239.22|242.18|239.21|241.51
2023-08-08|240.42|241.36|237.39|239.29
2023-08-09|240.5|241.97|239.49|239.76
2023-08-10|240.62|243.95|240.09|240.16
2023-08-11|240|240.72|238.415|240.04
2023-08-14|240.72|243.33|240.26|242.9
2023-08-15|242.01|242.67|239.35|239.83
2023-08-16|236.53|241.065|236.0162|239.29
2023-08-17|240|240.38|236.49|237.37
2023-08-18|235.58|239.05|235.3|238.17
2023-08-21|239.38|240.53|237.755|239.46
2023-08-22|240|241.43|238.67|240.57
2023-08-23|241.32|242.54|240.72|242.3
2023-08-24|242.25|243.56|239.36|239.47
2023-08-25|241.38|243.41|240.21|242.57
2023-08-28|243.01|245.23|242.6|243.83
2023-08-29|243.5|245.83|243.4|245.34
2023-08-30|246.42|248.23|246.05|246.23
2023-08-31|245.59|248.02|245.45|245.68
2023-09-01|247.47|248.87|246.77|248.11
2023-09-05|248.35|248.69|245.2|245.34
2023-09-06|245.42|246.66|244.21|246.16
2023-09-07|245.5|247.4|245.1114|247.14
2023-09-08|247.79|248.14|246.44|247.29
2023-09-11|247.33|248.36|246.27|247.22
2023-09-12|246.94|247.76|246.01|247.3
2023-09-13|247.15|250.06|246.61|247.83
2023-09-14|245|245.54|238.75|241.5
2023-09-15|241.9|244.1|240.03|241.07
2023-09-18|240.94|245.23|240.77|244.66
2023-09-19|245|245.12|241.46|243.56
2023-09-20|243.63|244.53|241.67|241.86
2023-09-21|240.77|240.78|236.27|236.61
2023-09-22|236.75|237.79|234.88|235.08
2023-09-25|235.38|235.47|232.21|233.36
2023-09-26|231.93|232.67|229.6|229.65
2023-09-27|230.26|230.68|227.92|229.5
2023-09-28|230.67|232.535|229.67|231.66
2023-09-29|232.84|233.03|229.65|230.01
2023-10-02|229.24|231.37|228.77|231.27
2023-10-03|230.47|231.75|227.78|228.81
2023-10-04|229.48|231.7|228.88|231.22
2023-10-05|230.41|234.19|230.22|233.48
2023-10-06|233.17|236.59|232.75|235.04
2023-10-09|232.8|235.17|231.7|234.44
2023-10-10|234.9|238.22|234.28|236.6
2023-10-11|237.55|238.505|234.89|235.68
2023-10-12|236.71|237.73|234.89|236.78
2023-10-13|236.39|238.65|236.23|237.67
2023-10-16|239|240.71|238.33|240.07
2023-10-17|239.63|241.48|238.29|241.2
2023-10-18|239.96|240.83|236.99|237.47
2023-10-19|237.47|237.92|233.405|233.81
2023-10-20|234.13|235.77|232.64|233.38
2023-10-23|231.36|234.46|231.28|231.53
2023-10-24|232.89|236.53|232.89|234.65
2023-10-25|232.25|238.48|231.29|236.85
2023-10-26|234.57|235.605|230.36|231.28
2023-10-27|231.17|231.39|228.03|229.27
2023-10-30|232.19|233.38|230.03|233.08
2023-10-31|233.57|235.7199|232.99|235.1
2023-11-01|236.14|239.04|235.68|238.58
2023-11-02|239.91|243.25|239.2|243.25
2023-11-03|245.12|245.32|242.26|243.6
2023-11-06|244|244.7799|242.61|243.49
2023-11-07|243.41|245.07|243.38|244.77
2023-11-08|243.49|244.75|242.8|243.91
2023-11-09|244.33|244.48|240.97|241.64
2023-11-10|243.98|245.27|241.97|245.25
2023-11-13|245|245.68|244.11|244.67
2023-11-14|246.17|247.93|245.58|246.94
2023-11-15|246.81|248.24|245.34|248.11
2023-11-16|248.59|249.45|247.27|248.57
2023-11-17|249.45|250.24|248.66|249.56
2023-11-20|249.61|250.93|245.6|249.97
2023-11-21|250.03|253.34|250.03|252.23
2023-11-22|253|254.54|252.66|253.72
2023-11-24|254.19|254.7|253.5|254.3
2023-11-27|254.3|254.98|252.52|254.14
2023-11-28|253.85|254.15|251.61|252.94
2023-11-29|253.92|256.065|253.52|254.23
2023-11-30|254.25|256.77|253.17|256.68
2023-12-01|255.79|256.91|253.9|256.45
2023-12-04|255.91|257.385|254.35|254.44
2023-12-05|254.19|254.82|252.14|254.61
2023-12-06|255.8|256.83|253.53|254.29
2023-12-07|254.89|256.14|253.5|255.82
2023-12-08|255|256.04|253.87|255.74
2023-12-11|255|257.63|255|256.52
2023-12-12|257.3|259.72|256.395|259.56
2023-12-13|259.15|262.48|258.69|262.38
2023-12-14|263.19|263.25|256.4|258.73
2023-12-15|254.51|258.37|254.446|258.03
2023-12-18|258.7|259.59|257.9473|258.37
2023-12-19|258.61|260.34|257.2|259.99
2023-12-20|260.5|260.82|257.08|257.11
2023-12-21|257.51|259.99|257.04|259.54
2023-12-22|260|261.205|258.22|258.43
2023-12-26|258.53|259.735|258.53|259.16
2023-12-27|259.25|259.77|258.31|258.93
2023-12-28|258.54|260.97|258.54|260.4
2023-12-29|260.57|261.46|259.67|260.35
2024-01-02|259.61|260.09|257.67|258.87
2024-01-03|258.55|258.86|256.86|257.98
2024-01-04|258.07|261.04|258|259.61
2024-01-05|260.78|261.4599|258.75|259.69