2018-08-01|256.1|256.1|252.81|253.37
2018-08-02|253.5|256.3|252.23|256.08
2018-08-03|256.45|257.56|254.3|257.22
2018-08-06|256.5|257.54|255.465|256.76
2018-08-07|257.64|258.8449|257.13|257.65
2018-08-08|258.11|259.5|257.92|258.81
2018-08-09|259.91|263.02|259.31|261.59
2018-08-10|260.49|261.5|259.11|260.36
2018-08-13|261|262.55|260.2975|260.91
2018-08-14|260.89|264.295|260.85|263.48
2018-08-15|261.98|262.69|259.19|260.61
2018-08-16|261.57|263.75|261.45|263.1
2018-08-17|263.55|264.13|261.72|262.33
2018-08-20|263|263.49|261.57|262.4
2018-08-21|261.85|262.52|260.73|261.69
2018-08-22|261.95|261.95|260.25|260.74
2018-08-23|261.02|262.56|259.56|261.42
2018-08-24|261.75|264.78|261.75|264.28
2018-08-27|265|267.45|264.42|267.08
2018-08-28|268.54|269.14|267.33|268.51
2018-08-29|268.39|269.32|267.25|269
2018-08-30|269.46|270.17|268.11|268.39
2018-08-31|268.28|269.2056|267.2|268.46
2018-09-04|268|269.41|266.57|268.51
2018-09-05|268.56|268.795|266.93|267.64
2018-09-06|267.6|270.02|266.941|269.65
2018-09-07|269.64|271.16|267.51|268.28
2018-09-10|266.78|266.8|258.75|259.73
2018-09-11|257.92|261.418|257.4828|261.04
2018-09-12|261.12|264.49|260.85|262.67
2018-09-13|264.16|265.685|263.42|265.49
2018-09-14|265.4|266.65|263.28|265.31
2018-09-17|266.5|266.66|263.41|263.87
2018-09-18|262.93|264.0899|262.0048|263.29
2018-09-19|264.47|265.61|263.16|265.33
2018-09-20|266.08|267.94|266.06|266.39
2018-09-21|266.1|267.84|265.8501|266.67
2018-09-24|267.01|269.53|266.67|267.36
2018-09-25|267.3|267.33|263.03|263.51
2018-09-26|264.5|265.49|262.45|262.91
2018-09-27|263|265.41|262.93|264.65
2018-09-28|264.38|266.19|263.848|266.04
2018-10-01|267.25|270.02|267.02|269.1
2018-10-02|269|271.44|267.5|270.63
2018-10-03|272|272.07|269.77|270.9
2018-10-04|271|271.62|267.3118|268.32
2018-10-05|268.65|271|267.95|269.2
2018-10-08|268.84|269.655|265.6531|269.01
2018-10-09|269.19|271.955|268.47|270.11
2018-10-10|270.6|271.42|262.52|263.08
2018-10-11|262|264.4016|255.78|257.12
2018-10-12|259.7|261.39|256.86|259.61
2018-10-15|260.13|262.44|259.31|260.25
2018-10-16|269.69|272.81|265|272.57
2018-10-17|270.19|271|265.63|267.3
2018-10-18|267.35|267.88|263.71|266.81
2018-10-19|266.62|267.98|263.89|265.3
2018-10-22|266.75|266.83|260.06|262.19
2018-10-23|259.72|265.52|259.2|264.86
2018-10-24|264.01|265.33|255.93|256.32
2018-10-25|258.16|265.18|253.37|264.24
2018-10-26|261.5|262.4|257.02|258.18
2018-10-29|259.72|262.04|253.32|256.52
2018-10-30|256.69|259.69|253.98|258.28
2018-10-31|260.87|264.0686|260.22|261.35
2018-11-01|262.92|264.68|259.76|260.93
2018-11-02|264.61|266.3752|259.56|261.01
2018-11-05|262.15|263|260.07|261.01
2018-11-06|260.7|264.01|260.7|263.54
2018-11-07|266.9|276.75|266.9|274.63
2018-11-08|276|278|274.7|276.65
2018-11-09|276.86|278|274.19|276.55
2018-11-12|276|277.79|272|272.38
2018-11-13|272.58|273.6018|268.14|269.22
2018-11-14|269.29|270.52|263.35|264.96
2018-11-15|264|265.92|260.85|264.94
2018-11-16|264.99|271.8|264.92|271.11
2018-11-19|271.48|272.27|264.18|266.05
2018-11-20|265.62|266.78|260.4|261.5
2018-11-21|262.59|264.63|260.45|260.55
2018-11-23|260|262.94|258.28|261.62
2018-11-26|264.62|268.3|263.4981|266.16
2018-11-27|265.57|271.3|265.03|271.15
2018-11-28|272.82|282.4|272.82|280.95
2018-11-29|280.43|285.45|280.31|282.55
2018-11-30|282.99|283.64|279.066|281.36
2018-12-03|283|286.53|282.7143|286.33
2018-12-04|286.15|287.94|276.91|278.55
2018-12-06|273.02|276.94|265.25|276.85
2018-12-07|273.76|276.42|267.28|269.18
2018-12-10|268.59|269|260.23|266.53
2018-12-11|269.58|271.53|265.67|267.22
2018-12-12|271.95|274.56|270.49|270.64
2018-12-13|270.86|273.32|269.62|272.15
2018-12-14|270.36|270.57|263.71|265.02
2018-12-17|261.04|262.75|256.734|258.07
2018-12-18|259.7|259.99|248.2|252.97
2018-12-19|252.37|256.56|247.5929|250.31
2018-12-20|248.5|249.011|240.05|242.44
2018-12-21|240.73|247.5|237.45|238.34
2018-12-24|236.24|237.9|232.56|232.94
2018-12-26|232.7|243.37|231.81|243.35
2018-12-27|239.1|245.97|235.235|245.97
2018-12-28|246.71|249.79|244.81|246.24
2018-12-31|248.06|250.28|246.94|249.12
2019-01-02|245|246.35|241.47|243.49
2019-01-03|243.48|243.48|236.125|236.85
2019-01-04|239.8|243.46|238.8|239.62
2019-01-07|240.4|241.98|238.23|240.08
2019-01-08|242.33|244.79|239.71|243.29
2019-01-09|244.76|246.63|242.06|243.64
2019-01-10|242.08|245.14|241.41|244.87
2019-01-11|243.45|247.76|243.27|247.67
2019-01-14|246.59|249.92|246.11|248.06
2019-01-15|250|256.92|247|256.87
2019-01-16|258.73|262.19|258.17|261.46
2019-01-17|260.99|261.74|257.89|259.77
2019-01-18|262.6|266.26|260.42|265.5
2019-01-22|264.06|267.5|263.74|265.69
2019-01-23|267.75|269.47|263.67|267.02
2019-01-24|266.8|268.16|264.26|266.13
2019-01-25|268.8|270.41|265.7|268.05
2019-01-28|266.9|266.93|264.61|266.77
2019-01-29|266|268.45|265.44|267.34
2019-01-30|269.69|272.4351|267.19|270.37
2019-01-31|270.48|271.735|268.99|270.2
2019-02-01|268.47|269.3885|266.03|268.72
2019-02-04|268.31|268.69|264.27|268.21
2019-02-05|270.12|272.09|265.84|266.31
2019-02-06|265.14|269.93|264.98|269.5
2019-02-07|268.64|270.58|267.2572|269
2019-02-08|267.5|268.6999|260.32|261.9
2019-02-11|261.17|261.18|256.34|257.14
2019-02-12|259.22|264|256.92|263.5
2019-02-13|263.52|266.29|263.15|263.8
2019-02-14|263.24|267.07|262.71|265.33
2019-02-15|267.79|271.13|266.62|271.13
2019-02-19|271.17|272.49|269.28|270.41
2019-02-20|269.21|270.59|268.18|269.51
2019-02-21|269.47|269.94|265.1|266.4
2019-02-22|266.5|268.39|265.95|267.11
2019-02-25|267.58|268.17|264.38|264.6
2019-02-26|264.66|265.425|262.8|262.98
2019-02-27|261.61|261.61|248.9369|250.08
2019-02-28|249.7|251.95|239.15|242.22
2019-03-01|243.56|248|243.56|246.15
2019-03-04|248.12|248.45|234.51|236.02
2019-03-05|236.53|243.2024|234.9403|241.43
2019-03-06|241.74|241.74|237.03|239.07
2019-03-07|240.3|241.18|235.55|236.7
2019-03-08|235.15|239.41|234.635|237.29
2019-03-11|239.21|244.02|236.415|243.15
2019-03-12|244.95|247.48|243.74|245.88
2019-03-13|247.96|252.76|247.08|252.25
2019-03-14|253|255.0568|252.34|253.27
2019-03-15|254.34|254.74|249.94|251.4
2019-03-18|252.66|255.31|250.42|255
2019-03-19|255.95|259.2488|255.14|257.13
2019-03-20|257.43|257.69|249.97|250.5
2019-03-21|249.19|252.96|248.66|252.02
2019-03-22|250.57|251.195|246.99|247.09
2019-03-25|247.42|247.42|240.78|246.86
2019-03-26|247.26|247.89|241.72|243.39
2019-03-27|242.94|245.68|238.16|241.71
2019-03-28|242.59|242.85|238.885|242.23
2019-03-29|244.29|247.76|241.87|247.26
2019-04-01|249.71|250.2|243.0598|245.54
2019-04-02|245.51|246.4|242.8|244.41
2019-04-03|246.31|247.54|244.59|245.84
2019-04-04|245.48|249.11|244.64|247.39
2019-04-05|248.95|249.31|245.17|248.78
2019-04-08|249.68|249.68|246.31|248.75
2019-04-09|247.57|249.94|245.95|248.79
2019-04-10|248.78|249.87|245.52|246.03
2019-04-11|246.05|246.92|232.681|235.42
2019-04-12|236.5|236.78|220.77|223.22
2019-04-15|225.77|230.97|224.41|230.2
2019-04-16|238.01|238.01|215.82|220.96
2019-04-17|223.79|224.2368|208.07|216.84
2019-04-18|217.14|223|214.21|221.75
2019-04-22|224|227.56|221.5|227.11
2019-04-23|228.25|231.94|226.1|230.58
2019-04-24|230.09|231.63|227.75|230.35
2019-04-25|228.53|232.12|228.13|230.79
2019-04-26|232.14|237.11|231.19|237
2019-04-29|237.4|238.06|234.16|237.45
2019-04-30|238.08|238.08|230.19|233.07
2019-05-01|233.07|234.62|230.3501|231.95
2019-05-02|230.9|233.34|228.08|232.45
2019-05-03|232.84|233.9038|227.18|231.95
2019-05-06|228.17|240.57|227.5|240.5
2019-05-07|239.19|243.145|236.4|238.05
2019-05-08|238|240.81|235.53|239.15
2019-05-09|236.6|240.54|235.67|237.97
2019-05-10|239.97|242.62|236.37|240.59
2019-05-13|236.45|240.1|236.1974|239.55
2019-05-14|240.64|240.99|236.28|236.43
2019-05-15|235|237.53|232.62|236.08
2019-05-16|235.89|240.445|235.72|236.79
2019-05-17|236.17|242.44|235.645|241.38
2019-05-20|240|246.735|239.77|245.99
2019-05-21|247.01|251.18|246.8|249.94
2019-05-22|249.1|251.03|248.71|249.34
2019-05-23|247.98|248.1465|244.39|246.5
2019-05-24|247.25|249.36|245.51|247.63
2019-05-28|248.5|249.3|241.9|242.06
2019-05-29|239.85|243.03|237.9|242.4
2019-05-30|241.92|245.3529|241.34|243.5
2019-05-31|241.95|243.62|239.48|241.8
2019-06-03|241.49|243.8|236.02|236.56
2019-06-04|238.13|241.05|234.834|240.76
2019-06-05|243.17|245.79|241.23|242.77
2019-06-06|243.13|243.94|241.73|241.82
2019-06-07|242.9|247.07|242.19|246.77
2019-06-10|247.08|249.67|245.99|248.14
2019-06-11|248.52|250.69|245.73|245.87
2019-06-12|246.2|246.5|242.3|244.5
2019-06-13|244.82|245.34|243.12|244.96
2019-06-14|244.72|246.1|242.79|245.37
2019-06-17|246|247.1|245.22|245.97
2019-06-18|247.5|249.34|245.15|245.7
2019-06-19|246|251.37|245.51|250.19
2019-06-20|251.6|252.82|247.4|247.76
2019-06-21|248.78|253.4877|246.9|252.28
2019-06-24|251.33|252.625|247.8642|249.64
2019-06-25|249.3|251.04|247.42|247.66
2019-06-26|248|248.08|243.13|243.47
2019-06-27|244.26|248.15|243.16|246.34
2019-06-28|246.5|246.75|238.65|244.01
2019-07-01|245.95|246.17|240.72|242.64
2019-07-02|242.59|243.99|239.535|243.97
2019-07-03|244.32|247.52|244.04|245.21
2019-07-05|244.39|248.76|244.06|246.99
2019-07-08|246.41|247.98|244.88|247.84
2019-07-09|244.63|246.08|243.69|246
2019-07-10|246.82|249.11|245.48|247.48
2019-07-11|255.8|261.69|249.05|261.16
2019-07-12|261.63|266.52|261.63|265.9
2019-07-15|265.06|267.65|264.25|265.96
2019-07-16|265.33|267.14|263.19|264.66
2019-07-17|264|268.69|263.5|266.65
2019-07-18|265.64|266.51|257.26|260.6
2019-07-19|261.1|262.72|256.4|256.65
2019-07-22|258.14|258.95|254.53|255.32
2019-07-23|254.47|256.1|252.015|255.01
2019-07-24|252.79|252.83|245.13|251.13
2019-07-25|251.13|252.75|248.29|248.7
2019-07-26|249.02|253.88|246.51|252.94
2019-07-29|252.84|255.3|252.34|253.82
2019-07-30|252.66|255.06|250.47|254.93
2019-07-31|256.32|257.16|248.48|249.01
2019-08-01|249.19|251.58|247.28|249.25
2019-08-02|249.69|251.57|246.1|250.05
2019-08-05|248.13|249.94|242.59|245.06
2019-08-06|245.93|248.28|243.57|248.28
2019-08-07|246.27|247.04|241.26|246.45
2019-08-08|246.19|247.67|243.37|247.62
2019-08-09|247.72|250.42|246.14|248.63
2019-08-12|246.79|247.96|243.03|243.2
2019-08-13|241.68|250.46|241.51|249.22
2019-08-14|246.73|248.41|243.01|243.2
2019-08-15|244.35|245.26|241.45|244.25
2019-08-16|245.38|247.105|244.18|245.69
2019-08-19|247.49|248.49|244.09|244.71
2019-08-20|244.21|244.6|239.92|240.16
2019-08-21|240.19|241.89|239.3|240.35
2019-08-22|240.35|240.35|232.67|232.94
2019-08-23|232.9|235.1|229.38|230.66
2019-08-26|232.52|234.56|230.46|231.08
2019-08-27|231.72|232.4|222.6|222.93
2019-08-28|222.42|229.77|220.78|227.35
2019-08-29|228.42|232.3|228.01|230.62
2019-08-30|233.67|235.05|232.29|234
2019-09-03|231.74|232.17|228.47|230.62
2019-09-04|231.95|232.9499|226.5|226.73
2019-09-05|230|231.51|227.58|229.59
2019-09-06|230.17|231.96|228.59|229
2019-09-09|229|231.9995|228.56|230.68
2019-09-10|231.45|234.29|230.83|232.46
2019-09-11|232.49|234.25|228.58|234.21
2019-09-12|235|236.4|229.7|230.1
2019-09-13|232.99|236.56|231.54|233.61
2019-09-16|232.82|236.05|232.15|234.43
2019-09-17|233.07|233.99|231.17|232.52
2019-09-18|230.8|233.1347|229.23|230.61
2019-09-19|232|233.95|231.23|232.85
2019-09-20|234.77|235|231.92|232.89
2019-09-23|229.77|230.78|228.32|228.77
2019-09-24|229.38|229.84|222.92|225
2019-09-25|224.28|226.5|222.13|222.17
2019-09-26|223.04|223.63|213.43|215.48
2019-09-27|218.18|218.88|215.02|215.26
2019-09-30|213.64|218.53|213.12|217.32
2019-10-01|219.19|219.19|212.08|217.21
2019-10-02|216.15|219.36|215.28|216.75
2019-10-03|215.63|216.36|213.05|215.36
2019-10-04|216.84|219.86|215.138|219.8
2019-10-07|219.05|222.53|218.99|221.24
2019-10-08|219.49|221.98|218.3961|220.11
2019-10-09|221.71|223.47|220.17|222.08
2019-10-10|218.19|224.13|217.52|223.73
2019-10-11|225.54|228.85|221.59|222.07
2019-10-14|221.63|223.34|219.9033|220.59
2019-10-15|232.69|239.84|231.09|238.59
2019-10-16|236.29|237.48|234.08|236.99
2019-10-17|238.69|244.61|237.27|243.67
2019-10-18|244.45|246.41|241.76|245.34
2019-10-21|245.02|245.6|242.15|243.92
2019-10-22|243.64|251.5|243.15|249.48
2019-10-23|248.39|251.75|246.73|247.8
2019-10-24|248.03|248.49|243.91|244.51
2019-10-25|243.91|246.08|242.15|244.91
2019-10-28|245.26|248.39|244.92|247.05
2019-10-29|247.04|253.2|246.31|252.29
2019-10-30|252.17|255.275|251.98|254.8
2019-10-31|254.38|255.72|249.91|252.7
2019-11-01|253.99|256.33|252.16|252.21
2019-11-04|253.63|253.83|249.91|251.25
2019-11-05|253.74|254.2718|250.09|250.3
2019-11-06|249.71|251.99|249.09|250.52
2019-11-07|251.95|256.75|251.26|256.46
2019-11-08|256.77|258.34|255|256.97
2019-11-11|255.05|256.46|253.33|254.09
2019-11-12|253.59|255.76|253.41|255.25
2019-11-13|254.87|256.88|253.19|253.57
2019-11-14|253.8|256.08|253.47|255.83
2019-11-15|256.11|275.57|255.36|269.4
2019-11-18|269|278.45|269|272.93
2019-11-19|275.24|275.36|271.55|274.23
2019-11-20|272.25|276.03|271.24|275.56
2019-11-21|275.22|277.679|273.91|276.55
2019-11-22|276.53|277.77|275|276.84
2019-11-25|277.78|283|277.01|282.67
2019-11-26|280.71|282.25|280.16|281.4
2019-11-27|281.01|281.93|278.69|280.67
2019-11-29|278.1|280.92|277.33|279.87
2019-12-02|281.78|282|278.5671|279.66
2019-12-03|276.97|278.42|273.85|276.9
2019-12-04|281.62|281.84|278.6401|279.32
2019-12-05|279.24|282.82|277.44|282
2019-12-06|282.84|283.04|279.1139|280.19
2019-12-09|280.77|280.87|277.42|277.54
2019-12-10|277.6|279.6|274.01|279.52
2019-12-11|278.3|280.66|278.03|280.5
2019-12-12|281.03|283.99|280.04|283.61
2019-12-13|284.97|287.81|284.12|285.48
2019-12-16|287.97|295.4393|287.06|292.03
2019-12-17|291.24|292.7775|289.17|290.47
2019-12-18|291|294.86|290.99|292.9
2019-12-19|295|297.2|293.62|294.62
2019-12-20|298.9|300|292.51|292.59
2019-12-23|293.43|295.845|292.81|295.09
2019-12-24|295.26|295.83|293.56|294.54
2019-12-26|295.3|296.26|294.54|295.65
2019-12-27|296.01|296.54|295.0142|295.97
2019-12-30|296.05|296.54|293.45|293.85
2019-12-31|293.66|294.09|291.15|293.98
2020-01-02|293.98|295.7|289.79|292.5
2020-01-03|287.27|291.875|284.36|289.54
2020-01-06|288|291.66|287.22|291.55
2020-01-07|290.7|291.49|287.58|289.79
2020-01-08|291.5|297.38|290.04|295.9
2020-01-09|294.29|297.2|293.7168|294.22
2020-01-10|296.07|296.07|292.21|295.13
2020-01-13|294.37|294.45|285.015|285.85
2020-01-14|285.6|288.24|284.25|288.24
2020-01-15|289.02|299.64|289|296.41
2020-01-16|298|300.99|295.93|300.74
2020-01-17|300.01|300.7|295.88|298.47
2020-01-21|296.89|302.54|296.01|300.53
2020-01-22|301.99|302.13|297.3501|300.59
2020-01-23|300.01|300.58|296.65|299.46
2020-01-24|298.34|299.93|291.56|292.81
2020-01-27|288|288.08|280.07|284.09
2020-01-28|283.91|288.37|283.3|285.87
2020-01-29|284|286.19|280.891|282.9
2020-01-30|281.84|281.84|275.92|280.98
2020-01-31|278.17|278.78|271.18|272.45
2020-02-03|275.13|276.85|270.82|274.02
2020-02-04|277.28|283.5|276.88|280.84
2020-02-05|285.6|297|285.44|295.73
2020-02-06|297|297.27|290|292.46
2020-02-07|292.87|293.39|288.91|289.22
2020-02-10|286.23|289.29|285.45|287.03
2020-02-11|286.85|291.57|285.9|290.79
2020-02-12|295|305|294.01|303.48
2020-02-13|300.14|305.9|300.14|302.2
2020-02-14|302.21|303.97|297.3066|298.78
2020-02-18|299.67|303.35|299|302.14
2020-02-19|303.37|306.715|302.7256|305.31
2020-02-20|303.2|304.16|297.89|302.13
2020-02-21|300.47|302.51|298.61|301.43
2020-02-24|286.89|288.99|277.64|277.79
2020-02-25|280.15|281.98|262.01|263.39
2020-02-26|264.72|269.83|258.7102|263
2020-02-27|258.42|262.1542|252.07|253.92
2020-02-28|246.2|257.1|245.3|254.96
2020-03-02|257.34|273.24|250.32|273.11
2020-03-03|275.35|280.3536|259.23|261.4
2020-03-04|290|295.84|282.21|289.42
2020-03-05|281.6|289.42|279.94|282.96
2020-03-06|275.42|284.97|271.9|283.87
2020-03-09|264.465|281.44|259.24|273.44
2020-03-10|279.72|283.9|272.5|280
2020-03-11|274.76|285.24|273.26|277.78
2020-03-12|260|272.23|250|250.41
2020-03-13|260.99|273.22|242.27|272.04
2020-03-16|243.92|245.68|223.95|225.04
2020-03-17|230.82|248.76|228.2901|244.22
2020-03-18|225.75|231.45|200.19|217.06
2020-03-19|216.98|226.12|208.9425|219.8
2020-03-20|223.18|232.64|203.46|206.59
2020-03-23|202.04|205.75|187.72|194.86
2020-03-24|202.14|220.27|199|219.8
2020-03-25|219.09|247.51|216|234.49
2020-03-26|234.03|257.96|232.3|255.39
2020-03-27|242.94|251.6|238.24|242.45
2020-03-30|242.64|254.09|242.64|251.28
2020-03-31|243.48|254.5297|243|249.38
2020-04-01|238.69|246.605|235.44|237.32
2020-04-02|235.3|242|226.03|240.44
2020-04-03|238.32|239.337|227.27|229.49
2020-04-06|240|249.29|235.12|248.34
2020-04-07|259.81|266.71|246.54|248.04
2020-04-08|247.69|269.16|246.26|267.83
2020-04-09|265|270.4|261.6|264.13
2020-04-13|262.06|264.96|258.18|263.51
2020-04-14|269|273.07|267.0001|270.5
2020-04-15|276.33|282.99|270.68|281.68
2020-04-16|283.44|300|280.01|298.43
2020-04-17|300.99|304|287.1|290.56
2020-04-20|285.3|289.0086|281.27|282.14
2020-04-21|274.95|280|273.25|274.19
2020-04-22|279.58|283.82|276.71|277.02
2020-04-23|279.06|288.46|278.54|285.33
2020-04-24|287.29|291.9|284|291.29
2020-04-27|293.21|296.86|290.63|293.98
2020-04-28|298|298.25|285.62|288.36
2020-04-29|292|292.75|286.1|287.65
2020-04-30|286.65|295|285.52|292.47
2020-05-01|288.39|289|279.6|284.51
2020-05-04|284.49|287.94|282.11|287.54
2020-05-05|289.96|296|287.29|293.04
2020-05-06|295.1|297.68|288.44|288.77
2020-05-07|291.06|292.29|284.516|285
2020-05-08|289.49|290|285.66|287
2020-05-11|285.56|290.1032|285.255|288.69
2020-05-12|291.77|293.15|287.7|287.7
2020-05-13|284.49|286.4|275.56|278
2020-05-14|275.93|292.449|275.64|290.61
2020-05-15|292.41|300|290.72|290.96
2020-05-18|298.48|299.72|292.02|293.36
2020-05-19|290.74|294.63|288.88|289.05
2020-05-20|292.9|292.9|286.7|287.99
2020-05-21|286.04|290.13|284.9301|286.91
2020-05-22|287.3|290.24|284.7938|289.94
2020-05-26|296.5|297.03|292.5|294.89
2020-05-27|297.42|303.8|290.8|303.77
2020-05-28|305.95|309.66|303.29|303.97
2020-05-29|304.72|308.37|300.85|304.85
2020-06-01|304.02|305.98|300.563|305.93
2020-06-02|305.58|308.1|301.73|306.31
2020-06-03|307.85|310.12|302.74|305.35
2020-06-04|303.18|304.47|294.2944|298.08
2020-06-05|304|314.2825|300.5|311.85
2020-06-08|308.64|315.84|307.93|309.48
2020-06-09|309.9|312.655|307.33|309.21
2020-06-10|308.94|310.31|302.86|305.75
2020-06-11|303.36|303.36|280.8|283.73
2020-06-12|290.65|294.1|278.7|285.15
2020-06-15|278.02|287|273.71|286.28
2020-06-16|295.44|297.565|287.44|293
2020-06-17|295.1|295.1|291.23|292.6
2020-06-18|290.43|291.78|286.6|291.48
2020-06-19|294.43|296.52|290.91|291.24
2020-06-22|289.79|293|286.26|292.67
2020-06-23|294.01|299.28|291.07|297.6
2020-06-24|293.99|297.1|285.57|289.18
2020-06-25|288.28|296.78|286.06|296.22
2020-06-26|295.14|296.58|285.82|286.88
2020-06-29|288.45|292.28|286.615|289.76
2020-06-30|288.57|296.45|287.66|294.95
2020-07-01|295.83|300.4|295.24|297.73
2020-07-02|300.5|303.08|297.1783|298.26
2020-07-06|303|303.49|299.325|302.81
2020-07-07|300.66|303.56|295.95|296.65
2020-07-08|297.35|300.865|295.68|298.36
2020-07-09|295.1|298.55|287.5|291.16
2020-07-10|294.24|294.24|287.1006|291.23
2020-07-13|292.09|304.52|291.77|299.71
2020-07-14|297.81|309.74|296.71|308.52
2020-07-15|301.12|310.69|298.66|304.07
2020-07-16|305.01|310.85|303.16|307.15
2020-07-17|309.09|310.97|306.25|306.53
2020-07-20|306.79|308.6|302.3801|303.46
2020-07-21|305.03|307|303.11|305.11
2020-07-22|304.86|306.909|301.805|306.71
2020-07-23|308.2|308.5|301.27|302.97
2020-07-24|303.33|304.28|299.23|300.79
2020-07-27|298.43|302.13|297.37|298.6
2020-07-28|297.89|301.4|297.205|299.93
2020-07-29|301.46|309.75|300|306.68
2020-07-30|301.68|306.46|298.89|305.23
2020-07-31|303.44|303.74|298.05|302.78
2020-08-03|303.59|304.91|299.2|303.61
2020-08-04|301.91|308.86|300.07|304.5
2020-08-05|306.83|312.96|305.02|312.47
2020-08-06|312|316.24|310.4|314.06
2020-08-07|313.34|319|313.34|317.03
2020-08-10|317|320.47|315.582|319.1
2020-08-11|322.92|324.57|314.66|315.55
2020-08-12|318|323.29|317.64|322.27
2020-08-13|320.68|321.87|317.84|321.52
2020-08-14|320.54|323.93|318.725|323.7
2020-08-17|321.45|323.8|319.35|320.51
2020-08-18|321.98|322.67|315.71|316.81
2020-08-19|316.77|319.49|315.18|315.4
2020-08-20|314.83|315.28|312.01|313.33
2020-08-21|311.28|315.2809|310.09|314.14
2020-08-24|316.81|316.9|306.49|308.84
2020-08-25|312.2|312.36|307.8|312.22
2020-08-26|310.98|311.36|303.61|308.82
2020-08-27|310.41|314.775|305.49|311.67
2020-08-28|312.34|315.82|308.97|314.37
2020-08-31|314.89|319.56|312.54|312.55
2020-09-01|310.16|314.72|310|312.83
2020-09-02|312.56|321.28|312.56|320.24
2020-09-03|322|323.82|313.73|316.23
2020-09-04|316.48|317.8272|306.63|312
2020-09-08|311.03|311.46|303.83|307.25
2020-09-09|309.68|315.315|308.4167|312.02
2020-09-10|312.73|314.44|303.72|304.6
2020-09-11|305.07|306.46|297.29|301.48
2020-09-14|303.01|311.12|303.01|308.57
2020-09-15|310.05|311.46|306.05|307.23
2020-09-16|309.07|312.2499|306.2|306.52
2020-09-17|304.5|307.38|302.11|304.98
2020-09-18|305.01|310.39|303.77|308.02
2020-09-21|300.47|300.53|291.66|299.19
2020-09-22|298.44|300.62|292.92|294.26
2020-09-23|295|296.1|291.825|292.14
2020-09-24|292.19|294.93|289.64|292.66
2020-09-25|291.25|303.27|291.22|302.5
2020-09-28|306.39|310.01|302.83|303.23
2020-09-29|303.67|305.5|300.68|304.15
2020-09-30|304.02|314.52|303.99|311.77
2020-10-01|312.91|315.17|309.15|313.07
2020-10-02|312.1|317.39|308.36|311.98
2020-10-05|315.07|318.42|313.12|318.15
2020-10-06|318.95|320.3|313.49|314.45
2020-10-07|315.82|324.74|315.82|323.17
2020-10-08|323.43|325.35|320.99|322.41
2020-10-09|324.66|328.17|323.92|327.84
2020-10-12|329.12|333.5619|329.01|329.97
2020-10-13|328.5|333.7|327.71|331.42
2020-10-14|322.07|330.57|320.2|321.85
2020-10-15|318.85|326.97|316.33|324.57
2020-10-16|325.46|332.35|324.73|329.9
2020-10-19|328.54|330.78|322.06|324.22
2020-10-20|326.62|328.62|323.28|323.41
2020-10-21|323.41|326.49|322.18|322.79
2020-10-22|322.32|328.06|322.25|325.73
2020-10-23|329.16|335.65|328.13|330.6
2020-10-26|326.32|327.75|318.535|323.06
2020-10-27|323.06|323.495|319.43|320.51
2020-10-28|313.33|317.81|307.44|308
2020-10-29|306.59|309.475|301.46|303.68
2020-10-30|303.23|307.17|299.6|305.14
2020-11-02|312.64|312.64|307.36|312.1
2020-11-03|317.47|326.44|315.015|321.35
2020-11-04|345.23|360.44|341.141|354.56
2020-11-05|358.07|360.98|349.68|354.4
2020-11-06|350.36|352|344.57|347.46
2020-11-09|366.31|367.95|348.98|350
2020-11-10|349.49|355.9|348.17|353.69
2020-11-11|356.16|356.81|349.405|351.7
2020-11-12|351.4|360.52|349.75|354.41
2020-11-13|356.86|357.94|352.79|355.67
2020-11-16|358.95|359.58|351.01|356.82
2020-11-17|352.39|353.36|347.5|352.1
2020-11-18|353.43|354.05|343.09|344.51
2020-11-19|342.29|343.07|334.33|337
2020-11-20|335|337.6599|331.71|334.7
2020-11-23|335.55|336.259|331.59|335.06
2020-11-24|336.18|340|334.425|336.01
2020-11-25|338.82|338.82|329.14|333.19
2020-11-27|333.53|338.9|331.835|337.94
2020-11-30|335.11|337.94|330.29|336.34
2020-12-01|344.77|354.1|339.93|341.19
2020-12-02|341.77|351.83|341.5|347.56
2020-12-03|347.9|352.77|346.49|348.68
2020-12-04|346|351.47|345.75|349.89
2020-12-07|348.72|349.89|345.2206|347.86
2020-12-08|344.75|349.9|344.08|347.86
2020-12-09|348.89|349.41|341.61|344.41
2020-12-10|345.16|345.46|339.2601|339.65
2020-12-11|338.13|338.88|334.33|337.07
2020-12-14|340.03|343.23|335.86|336.13
2020-12-15|339.14|341.01|337.04|339.67
2020-12-16|336.83|341.66|334.26|339.34
2020-12-17|339.81|342.6|337.305|341.67
2020-12-18|342.52|342.61|334|338.38
2020-12-21|332.07|336.95|329.4|336.08
2020-12-22|335.16|336.98|333.47|335.01
2020-12-23|336.49|341.6499|336.03|337.59
2020-12-24|336.44|341.41|336.44|340.79
2020-12-28|343.21|347.79|343.06|345.95
2020-12-29|347.99|351.29|345|347.35
2020-12-30|347.08|349.01|344.47|344.99
2020-12-31|345.04|351.09|344.05|350.68
2021-01-04|351.45|352.075|340.38|349.5
2021-01-05|348.69|351.36|344.48|344.8
2021-01-06|337.11|359.49|335.11|359.27
2021-01-07|358.54|366.45|357.92|365.03
2021-01-08|367|367.49|358.76|363.39
2021-01-11|362.62|364.29|359.19|360.75
2021-01-12|357.94|360.08|355.23|357.37
2021-01-13|356.04|356.81|351.23|355.04
2021-01-14|356.85|358.81|350.42|350.53
2021-01-15|349.12|353.05|345.74|351.3
2021-01-19|356.21|356.96|351.56|352.19
2021-01-20|351.88|352.08|345.83|350.84
2021-01-21|350.81|360.89|350.74|355
2021-01-22|353.31|354.62|347.54|347.55
2021-01-25|347.15|350.39|344.6046|347.81
2021-01-26|350.51|351.51|342.57|343.11
2021-01-27|337.04|338|329.01|332.99
2021-01-28|336.64|346.58|334.51|338.15
2021-01-29|336.53|339.02|330.63|333.58
2021-02-01|335.03|338.15|332.7408|334
2021-02-02|337.1|344.6385|337.1|338.72
2021-02-03|338|340.16|334.6|337.89
2021-02-04|332.32|335.29|328.39|329.32
2021-02-05|332.11|333.48|323.4825|324.51
2021-02-08|327.01|327.015|323.805|324.34
2021-02-09|323.9|331.0449|321.71|329.63
2021-02-10|332.66|335.76|329.77|333.4
2021-02-11|335|336.645|331.5|333.07
2021-02-12|331.68|332.4|327.88|328.24
2021-02-16|327.36|329.84|322.48|324.62
2021-02-17|323.46|328.6|322.24|326.86
2021-02-18|325.9|329.58|325.2|328.41
2021-02-19|328.75|328.85|324.11|324.58
2021-02-22|321.5|329.05|320.35|327.64
2021-02-23|329.99|333.94|326.64|329.51
2021-02-24|328.49|333.6|326.04|332.21
2021-02-25|331|333.6|327.355|328.87
2021-02-26|330.55|337.91|329.85|332.22
2021-03-01|334.36|338.905|333.68|334.65
2021-03-02|335|337.67|333.89|334.64
2021-03-03|333.32|338.16|332.78|332.87
2021-03-04|334.17|340.84|332.67|333.81
2021-03-05|335.03|348.29|335.02|347.1
2021-03-08|347.01|354|345.6|350.17
2021-03-09|352.92|361.25|351.34|351.98
2021-03-10|353.91|354.48|348.5|349.6
2021-03-11|350.76|355.97|349.87|353.1
2021-03-12|353.17|356.82|351.99|356.02
2021-03-15|356.92|357.94|351.5501|353.88
2021-03-16|353.53|355.36|351.91|354.6
2021-03-17|355.17|358.07|351.83|352.18
2021-03-18|352.87|364.32|352.34|362.05
2021-03-19|361.92|370.4599|359.01|365.58
2021-03-22|365|368.58|360.11|366.86
2021-03-23|368.85|371.54|367.22|368.5
2021-03-24|366.05|373.8|365.51|370.6
2021-03-25|370.6|372.11|363.39|371.09
2021-03-26|371.675|377.06|370.285|376.48
2021-03-29|376.36|380.5|374.99|379.06
2021-03-30|377.55|379.88|371.8|373.56
2021-03-31|372.8|377|371.8|372.07
2021-04-01|372.2|372.69|365.755|367.07
2021-04-05|369.62|372.63|367.64|370.18
2021-04-06|368.78|369.79|362.72|364.37
2021-04-07|364.19|365.88|360.55|365.64
2021-04-08|363.11|366.91|363.11|364.89
2021-04-09|368.35|376.61|367|376.3
2021-04-12|374.48|379.83|374.03|376.28
2021-04-13|376.25|379.31|374.33|374.5
2021-04-14|375.34|378.01|374.58|375.63
2021-04-15|380|392.3602|380|390.01
2021-04-16|393.92|393.92|385.455|391.01
2021-04-19|390|393.39|388.47|389.84
2021-04-20|389.86|397.88|389.4175|396.53
2021-04-21|398.86|401.477|395.44|398.81
2021-04-22|398.44|398.76|393.19|396.54
2021-04-23|395.62|401.99|394.5|400.31
2021-04-26|399.81|400|395.21|395.86
2021-04-27|394.66|396.33|392.3|394.5
2021-04-28|395.18|396.99|393.3|394.59
2021-04-29|396.75|402.16|396.3|401.55
2021-04-30|401|401.86|398.35|398.8
2021-05-03|401|406.77|400.53|405.9
2021-05-04|405.48|412.47|403.5|411.34
2021-05-05|410.5|412.75|406.8|412.5
2021-05-06|413|416.85|412.56|414.97
2021-05-07|415|419.02|414.065|417.65
2021-05-10|419.27|425.98|418.215|420.89
2021-05-11|421|422.29|410.61|411.7
2021-05-12|409.29|410.85|404.6801|405.37
2021-05-13|406.28|413.18|404.315|408.56
2021-05-14|410.99|412.59|408.5|409.8
2021-05-17|409.31|412.51|408.57|408.63
2021-05-18|409.69|412.96|406.27|410.38
2021-05-19|409.49|410.72|404.25|409.5
2021-05-20|409.53|413.83|408.32|408.64
2021-05-21|410.76|418.63|409.46|411.63
2021-05-24|412.37|413.9|409.92|410.95
2021-05-25|411.85|413.86|408.8942|413.05
2021-05-26|412.1|415.3|411.01|413.21
2021-05-27|414.92|415.105|410.38|412.7
2021-05-28|412.7|415.47|410.02|411.92
2021-06-01|413.73|413.73|406.155|406.72
2021-06-02|409.14|409.14|404.55|405.85
2021-06-03|403.5|409.755|402.84|407.96
2021-06-04|410.96|411|404.65|405.64
2021-06-07|406.96|407.21|398.69|400.25
2021-06-08|400.72|402.75|398.745|401.74
2021-06-09|403.33|405.78|400.525|401.1
2021-06-10|401.91|402.85|398.47|401.49
2021-06-11|403.35|403.36|394.78|397.89
2021-06-14|397.3|399.47|395.13|399.16
2021-06-15|399.96|401.5|396.47|400.28
2021-06-16|401.1|403.1495|396.67|397.25
2021-06-17|396|398.07|394.61|397.35
2021-06-18|387.28|392.66|387.25|389.37
2021-06-21|389.37|399.199|389.22|398.07
2021-06-22|400.61|400.65|397.82|398.69
2021-06-23|397.82|399|395.265|395.56
2021-06-24|398.32|402.1602|396.84|398.87
2021-06-25|400.1|409.98|399.02|404.95
2021-06-28|404.95|404.99|397.931|401.46
2021-06-29|401.97|403.2|397.48|398.1
2021-06-30|397.54|401.4|396.8|400.44
2021-07-01|402.03|405.205|401.81|404.89
2021-07-02|405.09|409.87|403.88|409.36
2021-07-06|408.67|411.16|405.71|410.26
2021-07-07|410.35|412.18|407.2|411.66
2021-07-08|408.61|410.83|405.075|409.95
2021-07-09|412.53|413.25|410.635|412.11
2021-07-12|411.02|416.4|410.31|416.04
2021-07-13|416.38|419.69|415.71|418.54
2021-07-14|420.77|422.53|413.35|414.74
2021-07-15|411.91|421.73|407.2|420.05
2021-07-16|421.36|422.29|417.6414|419.7
2021-07-19|417.24|419.53|406.81|409.06
2021-07-20|411|417.73|410.61|412.97
2021-07-21|417.06|417.23|410.83|414.64
2021-07-22|416.02|416.825|413.73|415.77
2021-07-23|417.9|419.34|415.99|417.7
2021-07-26|416.83|417.67|410.9|413.54
2021-07-27|412|415.26|409.46|415.1
2021-07-28|414.49|414.49|406.8|409.17
2021-07-29|411.28|412.58|408.42|412.08
2021-07-30|410.76|413.77|410.2503|412.22
2021-08-02|413.57|416.44|412.81|415.57
2021-08-03|415.82|422.14|415.08|421.9
2021-08-04|422.05|423.66|419.71|421.54
2021-08-05|422.06|422.25|407.89|411.19
2021-08-06|412.01|416.77|412.01|415.12
2021-08-09|414.95|416.23|410.35|410.87
2021-08-10|410.51|413.65|408.57|411.78
2021-08-11|413.03|413.93|407.51|407.74
2021-08-12|407|408.73|404.3|405.96
2021-08-13|407.08|410.05|405.92|409.67
2021-08-16|409.84|417.42|407.33|417.21
2021-08-17|417.1|422.5|416.63|421.78
2021-08-18|421.35|421.59|417.09|417.32
2021-08-19|415.38|428.3524|412.4|427.89
2021-08-20|428.35|431.355|426.91|429.71
2021-08-23|430.56|430.56|424.9|425.36
2021-08-24|425.52|425.94|421.72|423.41
2021-08-25|421.85|423.615|419.45|419.74
2021-08-26|419.77|421.39|416.63|416.85
2021-08-27|418.01|420.35|416.115|418.76
2021-08-30|418.76|420.57|417.89|418.3
2021-08-31|417|420.7387|414.215|416.27
2021-09-01|416.54|419.87|411.24|417.35
2021-09-02|419.16|424.4|418.24|423.71
2021-09-03|421.93|424|420.61|422.86
2021-09-07|420.3|422.26|417.58|421.24
2021-09-08|421.19|422.87|414.2|415.39
2021-09-09|415.34|420.22|413.93|414.55
2021-09-10|415.56|416|402.59|403.91
2021-09-13|407.98|416.81|406.45|414.52
2021-09-14|417.59|417.59|411.365|412.54
2021-09-15|412.52|421.42|409.5|417.52
2021-09-16|419.67|423.4|414.9616|416.84
2021-09-17|414.97|421.09|414.97|420.16
2021-09-20|416.92|419.2974|408.72|412.7
2021-09-21|415.01|418.78|412.21|412.34
2021-09-22|404.94|412|404.94|408.7
2021-09-23|409.8|414.85|407.51|408.03
2021-09-24|406.94|407.89|405.23|407.08
2021-09-27|407.83|412.15|404.96|405.27
2021-09-28|402.6|404|397.02|398.62
2021-09-29|397|401.85|395.8|400.41
2021-09-30|401.49|403.49|390.46|390.74
2021-10-01|391.6|393.69|383.12|392.43
2021-10-04|391.62|395.15|384.76|387.01
2021-10-05|389.34|396.01|389.24|393.43
2021-10-06|390.75|394.775|385.84|394.25
2021-10-07|396.76|408.17|396.71|404.7
2021-10-08|406.41|409.12|402.64|408.46
2021-10-11|408|411.215|404.21|404.99
2021-10-12|405.11|408.38|402.31|403.24
2021-10-13|403.34|405.31|398.11|403.55
2021-10-14|425.66|433.5|417.8|420.36
2021-10-15|422.05|430.49|421.5|428.07
2021-10-18|428|428|423.84|424.62
2021-10-19|426.83|427.82|423.4|424.38
2021-10-20|427|435.53|426.84|435.09
2021-10-21|435.5|442.5|435.08|442.28
2021-10-22|440.84|449.29|440.46|449.16
2021-10-25|450|452.635|446.44|449.49
2021-10-26|450.49|457.71|447.59|454.64
2021-10-27|454.64|460.44|453.48|453.48
2021-10-28|453|457.9|452.52|455.44
2021-10-29|454.41|461.39|453.06|460.47
2021-11-01|461.82|465.76|451.1765|454.11
2021-11-02|456.26|456.44|450.38|452.04
2021-11-03|450.42|457.52|447.04|457.33
2021-11-04|457.6|458.51|452.16|456.76
2021-11-05|457.83|461.52|454.575|455.81
2021-11-08|456.85|464.19|454.31|462.62
2021-11-09|462.62|464.47|460.29|464.35
2021-11-10|465.39|466|456.625|459.9
2021-11-11|460|460.85|455.44|457.39
2021-11-12|460.67|460.999|457.08|458.99
2021-11-15|458|458.205|450.5|450.8
2021-11-16|452.99|458.35|449.37|449.62
2021-11-17|450.39|453.96|448.73|448.95
2021-11-18|448.73|452.81|447.11|449.47
2021-11-19|448.13|449.445|439.5|440
2021-11-22|442.82|443.75|437.39|437.54
2021-11-23|436.01|447.52|436|447.13
2021-11-24|446.64|450.98|445.64|450.16
2021-11-26|444.92|448.18|438.21|439.91
2021-11-29|443.56|453.075|440.55|452
2021-11-30|447.06|451.35|441.25|444.22
2021-12-01|452.89|455.92|444.14|444.34
2021-12-02|443.15|447.885|439.2186|446.02
2021-12-03|447.77|454.44|445.17|449.32
2021-12-06|452.15|461.78|451.52|460.11
2021-12-07|462.745|465.75|460.23|464.73
2021-12-08|466.09|470.17|462.49|468.86
2021-12-09|468.53|474.48|467.36|473.32
2021-12-10|472|478.48|471.01|478.23
2021-12-13|477.02|480.2568|474.0109|478.14
2021-12-14|479.75|483.035|477.18|479.46
2021-12-15|480.6|495.4|480.14|494.38
2021-12-16|494.01|496.96|490.11|492.86
2021-12-17|491.42|493.13|486.38|487.12
2021-12-20|482|485.01|475.26|483.73
2021-12-21|487.02|489|482.195|487.21
2021-12-22|487.15|495.45|485.9|494.13
2021-12-23|495|498.15|492.81|495.38
2021-12-27|498.68|500.3|496.64|499.5
2021-12-28|502|505.32|500.4|502.94
2021-12-29|504.78|507.22|502|505.58
2021-12-30|507.93|509.23|503.65|504.43
2021-12-31|504.14|506.87|502.04|502.14
2022-01-03|500|502.9|493.05|502.28
2022-01-04|503.2|503.75|490.88|490.9
2022-01-05|494.77|497|489.69|489.69
2022-01-06|480|484.135|463.12|469.65
2022-01-07|467.69|467.97|455.55|458.6
2022-01-10|456|465.86|454.44|465
2022-01-11|467.2|470.445|460.67|469
2022-01-12|468.97|475.32|466.34|473.72
2022-01-13|475.89|476.55|465.98|467.43
2022-01-14|469.89|473.1699|465.08|468.69
2022-01-18|465.17|465.71|458.35|460.99
2022-01-19|468.0001|475.49|461.51|462.52
2022-01-20|464.38|471.63|462|463
2022-01-21|463.5|470.79|461.07|461.17
2022-01-24|458.07|464.14|448.1278|462.27
2022-01-25|454.07|459.49|447.27|456.84
2022-01-26|458.45|463.88|453.45|458.43
2022-01-27|458.08|468.68|457.0144|461.6
2022-01-28|461.4|466.28|455.08|466.06
2022-01-31|465|473.18|464.4|472.57
2022-02-01|475|475|462.75|468.41
2022-02-02|469.06|481.98|469.06|479.78
2022-02-03|498.65|500.1815|483.57|488.77
2022-02-04|481.75|489.625|480.19|483.17
2022-02-07|484.91|487.26|481.2988|483.7
2022-02-08|481.35|495.67|481.35|493.41
2022-02-09|497|500.93|496.29|498.1
2022-02-10|492.24|494.22|485.07|486.72
2022-02-11|484.68|490.43|476.4404|478.13
2022-02-14|475.11|477.74|469.33|474.4
2022-02-15|475.94|481.17|475.2|478.23
2022-02-16|475.5|481.73|471.395|480.05
2022-02-17|478.17|479.29|468.89|470.34
2022-02-18|470.25|474.92|466.825|467.81
2022-02-22|463.83|467.19|457.82|462.51
2022-02-23|467.19|467.72|458.84|459.62
2022-02-24|449.52|456.59|445.735|455.89
2022-02-25|456.65|475.78|456.23|475.75
2022-02-28|465.85|477.31|465.6103|475.87
2022-03-01|470.89|476.96|467.725|476.25
2022-03-02|478.19|487.17|477.89|485.38
2022-03-03|486|491.38|482.22|486.59
2022-03-04|480.69|499.66|477.49|498.65
2022-03-07|500|500|483.02|486.87
2022-03-08|478.8|484.49|471.52|473.46
2022-03-09|482.58|487.715|473.5935|485.57
2022-03-10|479.33|493.71|477.83|491.44
2022-03-11|487.83|493.8|482.51|482.87
2022-03-14|490.4|495.59|485.275|487.92
2022-03-15|490|499.94|487.305|497.91
2022-03-16|499.83|505.4999|490.01|498.26
2022-03-17|496|507.12|495.18|507.02
2022-03-18|508.74|510.6799|501.56|506.12
2022-03-21|505.01|513|504.36|507.66
2022-03-22|509.27|511.85|504.84|505.32
2022-03-23|502.27|507.06|501.3348|503.23
2022-03-24|505|515.78|503.86|513.46
2022-03-25|514.19|516.53|509.24|513.03
2022-03-28|514.32|517.14|508.81|513.2
2022-03-29|517.1|519.59|507.3|510.73
2022-03-30|515.11|521.2|512.48|520.82
2022-03-31|517.1|521.89|509.67|509.97
2022-04-01|510.68|514.7811|506.6|512.59
2022-04-04|512.21|512.48|504.5301|510.02
2022-04-05|510|524.7299|508|517.76
2022-04-06|518.22|533.5174|518|531.75
2022-04-07|530|538.28|528.39|536.95
2022-04-08|539|548.97|538.1|545.96
2022-04-11|543.6|547.61|536.64|537.44
2022-04-12|535.41|540.725|530.78|533.71
2022-04-13|533.32|538.28|528.6234|537
2022-04-14|538.5|553.29|534.07|534.82
2022-04-18|537.9|541|530.38|534.08
2022-04-19|535.89|542.48|535.24|537.7
2022-04-20|542.14|548.36|539|546.01
2022-04-21|545.5|548|536.03|537.44
2022-04-22|532.06|533.35|520.185|520.94
2022-04-25|520.4|526.26|511.73|524.27
2022-04-26|524.24|526.26|513.51|513.78
2022-04-27|514.91|520.9|509.82|513.81
2022-04-28|516.76|526.28|513.17|524.42
2022-04-29|518.85|519.9025|506.9604|508.55
2022-05-02|510.81|513.51|493.34|501.15
2022-05-03|501.13|505.52|497.48|499.62
2022-05-04|499.5|509.77|493.09|507.62
2022-05-05|507.21|510.67|489.23|494.72
2022-05-06|485.01|501.57|485|499.62
2022-05-09|490.4|494.63|484.43|486.42
2022-05-10|493.81|496.35|481.12|488.01
2022-05-11|484.39|500.52|484.39|486.15
2022-05-12|486.1|486.89|471.42|478.8
2022-05-13|480.98|487|475.81|485.4
2022-05-16|485.41|495.56|484.15|489.22
2022-05-17|494|494.72|488.4611|492.53
2022-05-18|488.26|489.21|468.36|471.38
2022-05-19|464.32|481.58|463.33|478.55
2022-05-20|481.38|487.47|472.31|485.73
2022-05-23|486.29|495.74|486.29|492.08
2022-05-24|490.79|498.08|488.66|497.56
2022-05-25|498.52|502.31|491.26|498.09
2022-05-26|501.74|507.255|499.41|502.23
2022-05-27|491|507.11|489.39|507.11
2022-05-31|503.62|504.11|495.66|496.78
2022-06-01|498.32|501.3799|487.78|492.55
2022-06-02|494|496.15|482.97|492.26
2022-06-03|488.33|491.67|484.9|485.61
2022-06-06|489.43|493.63|486.29|490.18
2022-06-07|489.5|497.61|487.12|497.1
2022-06-08|494|497.9|488.55|493.53
2022-06-09|492.88|496.46|487.61|489.43
2022-06-10|484.8|490.155|480.93|484.63
2022-06-13|475.13|481.335|467.26|469.7
2022-06-14|467.5|469.18|457.415|461.75
2022-06-15|464.2|469.015|456.5|464.33
2022-06-16|453.4|457.81|450.68|456.09
2022-06-17|450.75|461.46|449.7009|452.06
2022-06-21|457.81|485.115|457.1|480.32
2022-06-22|475.72|495.92|474.54|489.68
2022-06-23|494.95|503.575|491.96|499.81
2022-06-24|499.44|499.76|486.56|495.64
2022-06-27|492.83|511.89|492.58|505.66
2022-06-28|512.08|518.61|505.08|508.44
2022-06-29|508.85|518.7|506.01|515.71
2022-06-30|513.55|516.32|509.72|513.63
2022-07-01|512.32|517.53|502.31|517.4
2022-07-05|507.64|511|492.25|505.24
2022-07-06|505.64|517.41|504.3|515.29
2022-07-07|515.25|517.3|512.23|514.38
2022-07-08|512.31|528.37|511.01|518.63
2022-07-11|514.86|521.47|511.81|516.95
2022-07-12|513.25|519.14|510.62|514.42
2022-07-13|508.07|511.86|501.19|501.24
2022-07-14|495|505.89|492.28|502.43
2022-07-15|526.06|531.99|515.45|529.75
2022-07-18|531|532.16|518.75|519.37
2022-07-19|521.09|533.84|520.59|533.45
2022-07-20|533.45|534.05|515.73|519.47
2022-07-21|519.39|522.47|511.14|522.46
2022-07-22|526|527.6|518.4|521.41
2022-07-25|526.09|532.89|524.2201|529.47
2022-07-26|533.8|537.64|531.03|531.59
2022-07-27|533.54|537.8599|528.04|534.61
2022-07-28|537.49|544.335|531.74|541.49
2022-07-29|540.01|543.85|536.69|542.34
2022-08-01|542.27|543.65|531|535.38
2022-08-02|537.55|540.53|531.72|535.46
2022-08-03|537.26|543.62|535.69|540.65
2022-08-04|539.29|540.43|532.755|533.75
2022-08-05|530|535.5|527.56|535.06
2022-08-08|539.91|541.3|533.42|536.6
2022-08-09|540|545.74|536.38|537.26
2022-08-10|540.26|541.98|533.81|537.72
2022-08-11|538.24|538.6336|529.675|532.86
2022-08-12|535.61|544.395|534.45|543.7
2022-08-15|541.67|547.21|538.56|544.64
2022-08-16|545.21|547.44|542.39|546.12
2022-08-17|545.24|547.79|541.57|545
2022-08-18|545.01|548.13|541.82|545.22
2022-08-19|545.5|553.1299|544.815|548.32
2022-08-22|541.39|549.52|541.35|544.57
2022-08-23|543.29|543.29|533.21|535.8
2022-08-24|536.68|539.86|535.02|536.46
2022-08-25|535.01|542.02|531.25|541.57
2022-08-26|542.26|543.19|528.22|529.25
2022-08-29|526|532.9|522.87|529.77
2022-08-30|530.41|531.09|521.79|522.84
2022-08-31|520.82|527.1|519.155|519.33
2022-09-01|519.33|524.26|515.09|524
2022-09-02|529.62|529.79|513.81|516.35
2022-09-06|519.93|527.45|516.92|517.68
2022-09-07|517|523.5|514.68|521.68
2022-09-08|520.95|528.49|518.81|527.51
2022-09-09|527.83|527.83|522.58|524.34
2022-09-12|525|535.02|522.5|531.25
2022-09-13|524|525.26|511.97|513.96
2022-09-14|514|515.38|506.1|509.77
2022-09-15|516.3|527.98|514.1402|522.91
2022-09-16|518.52|522.82|517.08|521.02
2022-09-19|518.59|524|512.97|523.55
2022-09-20|524.24|524.67|514.81|522.8
2022-09-21|525.03|528.01|512.02|512.08
2022-09-22|511.03|520.97|506.1101|517.46
2022-09-23|513.56|514.66|506.38|513.61
2022-09-26|507.39|512.57|499|508.36
2022-09-27|510.37|516.795|503.58|508.37
2022-09-28|506.48|516.27|500.8|513.94
2022-09-29|514.77|514.77|502.47|508.83
2022-09-30|511.1|516.55|504.84|505.04
2022-10-03|507.08|517.81|505.4|515.51
2022-10-04|518.35|524.59|516.83|523.17
2022-10-05|521|529.35|520.13|527.07
2022-10-06|528.33|528.575|516.74|519.13
2022-10-07|514.17|514.17|501.06|504.85
2022-10-10|505.6|506.31|495.02|498.86
2022-10-11|496.97|506.83|495.18|499.81
2022-10-12|502.13|508.25|498.21|499.96
2022-10-13|493.45|513.47|487.74|509.91
2022-10-14|520|529.91|511.93|513.13
2022-10-17|517.74|524.31|515.28|521.88
2022-10-18|532|532|518.325|522.21
2022-10-19|521.74|523.815|514.6|520.32
2022-10-20|523.05|529.42|519.78|520.88
2022-10-21|518.06|536.5325|518.01|533.73
2022-10-24|538.07|546.48|537.8|541.6
2022-10-25|537.79|543.92|533.9|540.22
2022-10-26|541.38|547.64|540.205|543.17
2022-10-27|546.52|546.52|539.76|541.8
2022-10-28|544.97|553|543.69|551.24
2022-10-31|555|558.1|550.13|555.15
2022-11-01|555|555.69|544.22|547.31
2022-11-02|544.41|554.58|543.07|543.43
2022-11-03|541.74|547.87|538.13|543.61
2022-11-04|547.05|547.76|527.14|538.17
2022-11-07|538.17|546.95|535.47|545.02
2022-11-08|547.05|554.8|542|553.05
2022-11-09|553.78|554.61|539.44|540.66
2022-11-10|548.93|551.7|533.95|544.17
2022-11-11|546.28|546.28|509.65|522.08
2022-11-14|522|528.98|513.41|513.75
2022-11-15|512.81|516.635|500.7724|503.01
2022-11-16|505.89|514.13|505.47|511.52
2022-11-17|512.16|526.98|512.16|515.31
2022-11-18|522.12|532.995|519.4591|530
2022-11-21|529.01|531.95|515.38|517.19
2022-11-22|519.94|524.6552|519.91|523.09
2022-11-23|525|530.44|523|529.71
2022-11-25|534|540.85|532.52|537.62
2022-11-28|535.83|539.58|531.69|532.27
2022-11-29|531.67|532.97|523.65|528
2022-11-30|529.72|548.08|527.48|547.76
2022-12-01|552.36|553|535.8|536.91
2022-12-02|532.83|538.61|532.44|536.16
2022-12-05|531.49|540.38|530.88|535.04
2022-12-06|534.42|540.59|534.24|539.32
2022-12-07|540.84|545.905|539.6344|542.91
2022-12-08|544.86|551.29|543.78|547.92
2022-12-09|547.93|548.49|538.87|539.2
2022-12-12|541.85|546.079|539.28|545.86
2022-12-13|550.56|550.99|535.1|538.22
2022-12-14|541.93|543.48|531.57|538.36
2022-12-15|533.99|534.07|525.47|527.68
2022-12-16|525.15|525.81|515.72|523.7
2022-12-19|524.6|527.2111|520.928|523.6
2022-12-20|526.99|526.99|519.7|520.21
2022-12-21|523.63|527.8799|518.1|527.54
2022-12-22|526.48|529.01|521.63|527.09
2022-12-23|524.1|531.31|522.895|531.31
2022-12-27|533.93|535.84|529.845|531.99
2022-12-28|535.07|538.15|527.734|528.45
2022-12-29|532.54|533.68|528.86|529.88
2022-12-30|530|530.5|524.84|530.18
2023-01-03|525.13|525.63|512.1601|518.64
2023-01-04|518.64|518.64|500.6|504.5
2023-01-05|501.01|502.09|488.5|489.96
2023-01-06|491.59|492.87|487.5401|490
2023-01-09|492.41|499.99|488.54|490.06
2023-01-10|488.85|490.47|482.68|486
2023-01-11|485.29|495.6|485|493.4
2023-01-12|490|498.73|485.22|495.67
2023-01-13|486.11|509.5|486|489.57
2023-01-17|491.2|492.94|483.78|485.08
2023-01-18|488.05|489.5|474.75|476.24
2023-01-19|477.87|486.39|477.3882|484.36
2023-01-20|485.53|486.99|479|486.72
2023-01-23|486.68|490.1|481.39|485.81
2023-01-24|500.26|500.26|480|491.6
2023-01-25|489.28|495.36|485.73|492.5
2023-01-26|492.5|496.45|490.5801|492.48
2023-01-27|493.37|493.37|484.47|486.05
2023-01-30|487.81|495.25|484.8|485.79
2023-01-31|498|505.5|493.13|499.19
2023-02-01|499.95|504.38|495.67|497
2023-02-02|494.26|495|463.89|470.83
2023-02-03|475.23|478.78|469.75|472.02
2023-02-06|472|478.965|471.01|475.24
2023-02-07|471.04|478.08|469.0301|476.88
2023-02-08|475.47|485.035|475.11|483.22
2023-02-09|485.63|489.695|482.4|485.73
2023-02-10|489.13|495.66|488.75|494.25
2023-02-13|494|499.865|491.76|495.35
2023-02-14|494.29|497.9535|489.09|492.83
2023-02-15|489.65|491.83|488.39|491.25
2023-02-16|491.15|494|487.27|487.35
2023-02-17|487.38|499.46|487.35|499.08
2023-02-21|496.7|501.395|490.5|491.31
2023-02-22|492.81|493.89|488.67|488.89
2023-02-23|486.66|493.33|485.8665|491.69
2023-02-24|489.58|492.51|483.01|484.33
2023-02-27|488.77|490.94|481.96|483.32
2023-02-28|482.67|483.36|473.92|475.94
2023-03-01|473.61|478.405|472|475.22
2023-03-02|475.21|480.43|473.25|477.7
2023-03-03|477.94|479.1|474.22|478.56
2023-03-06|481.37|484.35|479|480.78
2023-03-07|482.98|483.82|472.56|473.88
2023-03-08|471.75|475.39|466.76|470.6
2023-03-09|473.95|473.95|463.75|464.91
2023-03-10|462.77|468.86|457.59|460.33
2023-03-13|458.65|470.37|458.65|463.68
2023-03-14|464.65|469.8393|459.05|464.58
2023-03-15|460.99|468.879|459.24|465.43
2023-03-16|464.71|473.39|463.1|472.02
2023-03-17|471.39|472.01|466.3|469.5
2023-03-20|470|479.82|470|476.96
2023-03-21|478.39|481.45|475.72|480.1
2023-03-22|481.95|485.74|474.82|475.52
2023-03-23|477.41|480.67|466.67|469.91
2023-03-24|468.98|476.88|467.59|475.99
2023-03-27|485.55|486.29|478.59|481.9
2023-03-28|482|483.79|470.69|472.58
2023-03-29|475.11|475.88|464.95|466.59
2023-03-30|466.57|470.4099|461.075|470.06
2023-03-31|471.52|475.995|470.1|472.59
2023-04-03|485.2|496.13|483.4901|494.19
2023-04-04|493.03|496.095|491.84|493.25
2023-04-05|497.39|511.74|496.1|509.23
2023-04-06|511|514.24|507.1519|512.81
2023-04-10|510.81|515.39|508.09|515.18
2023-04-11|516.14|522.22|515.22|520.97
2023-04-12|524.98|526.7|520.04|521.19
2023-04-13|523.91|530.45|520.5|526.23
2023-04-14|522|527.24|508.5|511.79
2023-04-17|508.72|509.59|502.75|505.35
2023-04-18|503.67|506.99|498.14|504.48
2023-04-19|500.65|501.97|483.625|486.2
2023-04-20|485.47|489.65|483.26|487.46
2023-04-21|490.04|490.73|482.14|483.82
2023-04-24|483.41|490.22|482.6481|488.94
2023-04-25|492.68|498.5026|490.58|491.92
2023-04-26|485.87|487.7|478.36|482.95
2023-04-27|482.2|490.98|482.2|490.47
2023-04-28|488.69|493.96|488.12|492.09
2023-05-01|494.59|499.385|491.8091|495.7
2023-05-02|495.25|496.71|489.27|493.39
2023-05-03|494.4|495.45|488.03|489.44
2023-05-04|487.05|489.69|481.95|487.28
2023-05-05|494.06|500.85|492.03|494.28
2023-05-08|492.04|494.35|488.32|492.62
2023-05-09|492.84|499.4|490.3|490.38
2023-05-10|489.4|493.465|487.64|490.07
2023-05-11|488|490.12|485.66|488.76
2023-05-12|488.76|492.9|487.745|491.23
2023-05-15|491.4|491.79|483.7|486.86
2023-05-16|487.62|489.21|479.01|479.72
2023-05-17|480|485.4|477.54|484.81
2023-05-18|482.05|482.55|473.89|479.23
2023-05-19|479.58|484.8|477.81|478.82
2023-05-22|480.44|482.2044|477.91|480.62
2023-05-23|476.18|483.39|472.544|479.44
2023-05-24|480.61|483.28|478.89|480.83
2023-05-25|477.63|481.77|474.3|477.7
2023-05-26|478.06|488.39|478|481.52
2023-05-30|476.68|485.87|476.03|479.85
2023-05-31|478.12|487.4|477.11|487.24
2023-06-01|487.79|498.78|486.11|493.63
2023-06-02|492|501.02|490.36|499.58
2023-06-05|500.7|502.9|497.415|498.19
2023-06-06|499.9|499.9|483.665|487.57
2023-06-07|489.95|490.4399|481.6|482.13
2023-06-08|484.39|491.82|482.43|490.23
2023-06-09|489.99|498.2194|487.225|493.62
2023-06-12|492.3|494.45|488.7201|492.59
2023-06-13|490.87|494.66|488.66|491.31
2023-06-14|454.64|460.63|445.68|459.86
2023-06-15|461.99|472|460.91|465.89
2023-06-16|466.14|468.515|457.93|458.49
2023-06-20|456.75|470.49|456.75|469.39
2023-06-21|468.95|479.365|467.19|476.75
2023-06-22|478.18|483.18|478|479.05
2023-06-23|478.33|482.275|476.55|477
2023-06-26|478.14|481.31|473|479.06
2023-06-27|478.13|483.18|477.77|482.56
2023-06-28|481.96|482.12|473.98|474.45
2023-06-29|475.08|479.71|473.08|476.44
2023-06-30|478|482.1|475.12|480.64
2023-07-03|478.1|480.21|476.3|477.88
2023-07-05|476.03|477.29|470.59|471.22
2023-07-06|469.35|472.4|466.65|469.36
2023-07-07|465|468.61|460.82|461.58
2023-07-10|460|463.1|459.1601|463.05
2023-07-11|462.37|466.49|461.14|462.89
2023-07-12|463|464.82|451.25|451.7
2023-07-13|452|454.9|447.18|447.75
2023-07-14|462.55|485|460.11|480.17
2023-07-17|481.11|484.6|478.3|484.08
2023-07-18|489.33|504.42|487.5|500
2023-07-19|507.54|514.655|502.48|503.7
2023-07-20|506.66|508.68|500.525|504.24
2023-07-21|505.05|510.405|504.52|506.53
2023-07-24|505.33|509.78|504.565|508.68
2023-07-25|510|512.5|507.275|510.93
2023-07-26|511.54|515.86|506.63|508
2023-07-27|508.57|510.5|503.13|505.23
2023-07-28|505.21|507.48|497.28|502.91
2023-07-31|503|507.88|499.06|506.37
2023-08-01|507.5|510.04|502.49|504.74
2023-08-02|509.69|510.47|502.99|504.8
2023-08-03|502.89|506|501.04|504.86
2023-08-04|510|510.895|501.75|502.73
2023-08-07|505.74|513.6|504.6456|510.74
2023-08-08|503|508.165|500.02|505.86
2023-08-09|504|505.7319|500.88|502.11
2023-08-10|504.47|512.0351|502.78|503.48
2023-08-11|505.63|510.67|504.2526|508.01
2023-08-14|509.15|513.5|508.25|510.93
2023-08-15|511.58|513.65|506.27|506.69
2023-08-16|508|510.5|502.83|503.56
2023-08-17|495.48|501.23|491.82|493.96
2023-08-18|494.78|500.94|493.5|498.44
2023-08-21|497.51|500.25|496.22|497.68
2023-08-22|495.42|496.79|491.33|492.34
2023-08-23|493|494|487.93|489.44
2023-08-24|491.43|495.42|487.21|488.1
2023-08-25|489.92|491.15|484.65|489.12
2023-08-28|490.49|493.0581|489.13|491.28
2023-08-29|491.47|492.94|487.97|492.83
2023-08-30|493.99|496.71|490.29|491.53
2023-08-31|492.36|493.82|476.29|476.58
2023-09-01|479|480.65|473.36|476.24
2023-09-05|478|484.6|477.544|480.81
2023-09-06|482.09|483.16|476.375|476.94
2023-09-07|479.9|487.105|478.6|484.81
2023-09-08|480.19|482.97|478.75|480.77
2023-09-11|481.98|483.84|478|479.38
2023-09-12|477.38|483.64|472.12|479.9
2023-09-13|481.43|484.04|479.46|479.84
2023-09-14|482.63|485.27|478.7775|483.6
2023-09-15|485.74|489.82|484.14|486.7
2023-09-18|488.41|488.74|483.5977|486.06
2023-09-19|483.76|485.73|476.54|480.66
2023-09-20|482.75|495.11|479.14|492.13
2023-09-21|494.19|505.135|493.08|501.14
2023-09-22|499|509.4288|498.03|506.1
2023-09-25|508.26|510.935|506.63|510.28
2023-09-26|508.94|509.42|504.38|505.45
2023-09-27|506.23|506.36|501.05|503.73
2023-09-28|505.97|514.15|505.01|510.1
2023-09-29|509.85|509.88|503.8|504.19
2023-10-02|505.53|514.84|503.135|514.57
2023-10-03|513.3|513.98|508.36|509.47
2023-10-04|509.485|511.82|506.61|510.62
2023-10-05|511.62|518.21|511.23|516.23
2023-10-06|516.45|525.95|515.98|524.81
2023-10-09|521.15|526.87|520.25|526.51
2023-10-10|526.5|528.14|523.08|524.24
2023-10-11|520.92|525.59|520.23|524.13
2023-10-12|524.47|528.58|522.25|525.54
2023-10-13|533.25|544.46|532|539.4
2023-10-16|543.18|546.78|536.12|538.03
2023-10-17|539.94|542.435|534.57|536.65
2023-10-18|543.04|543.98|535.395|536.06
2023-10-19|536.82|538.34|529.25|531.63
2023-10-20|531|534.43|526.77|527.03
2023-10-23|527.03|527.78|520.29|521.57
2023-10-24|522.86|530.67|522.07|525
2023-10-25|527.27|532.36|520.08|530.21
2023-10-26|525.7|530.47|522.52|528.36
2023-10-27|525.99|527.74|521.26|524.66
2023-10-30|525|531.82|522.94|529.99
2023-10-31|535|536.68|531.62|535.56
2023-11-01|529.98|535.83|526.8|531.6
2023-11-02|532|536.84|526.945|536.13
2023-11-03|534.57|535.98|528.8|530.9
2023-11-06|531.63|536.02|530.05|533.46
2023-11-07|535.36|539.65|531.52|537.83
2023-11-08|540|541.395|534.14|536.73
2023-11-09|537.6|540.91|534.48|539
2023-11-10|542.68|542.68|536.02|541.21
2023-11-13|541.15|544.15|537.91|542.57
2023-11-14|539.03|542.675|536.51|540.46
2023-11-15|540.05|540.46|531.7001|538.41
2023-11-16|538.41|544.86|537.47|539.82
2023-11-17|540.27|540.52|528.34|536.29
2023-11-20|533.61|536.34|531.8|535.1
2023-11-21|537.77|541.67|534.19|539.59
2023-11-22|542.97|544.4|540.255|543.76
2023-11-24|544.93|547.59|542.81|547.1
2023-11-27|547.1|550.8891|541.5347|543.59
2023-11-28|545.63|545.82|540.07|540.53
2023-11-29|530|541.86|528.65|534.98
2023-11-30|535.79|553.94|534.01|552.97
2023-12-01|550.42|554.7|545.16|547.16
2023-12-04|548.26|551.87|543.0351|548.28
2023-12-05|549.1|552.53|545.35|550.26
2023-12-06|547.56|551.88|547.1|549.53
2023-12-07|551.35|551.51|544.52|548.27
2023-12-08|550.22|551.73|544.54|549.77
2023-12-11|549.76|550|539.06|543.68
2023-12-12|545.8|547.49|542.65|545.72
2023-12-13|544|549.42|538.59|549.01
2023-12-14|544.3|544.92|529.4|534.24
2023-12-15|530|533.5|522.96|531.12
2023-12-18|529.11|531.47|525.23|526.55
2023-12-19|524.59|527.62|521.78|524.04
2023-12-20|523.85|524.83|515.87|515.93
2023-12-21|518.88|520.8199|516.5001|519.88
2023-12-22|519.88|523.01|518.02|520.31
2023-12-26|519.88|521.48|517.97|520.03
2023-12-27|519.75|523.16|519.36|522.79
2023-12-28|523.47|527.87|522.94|524.9
2023-12-29|525.98|528.24|523.92|526.47
2024-01-02|526.84|539.66|526.67|539.34
2024-01-03|543.04|546.79|539.48|542.03
2024-01-04|545|549|543|545.42
2024-01-05|547|547|533.725|537.38