2018-08-01|218.65|219.0989|216.251|217.13
2018-08-02|215.01|221.403|215.01|221.12
2018-08-03|221|222.62|221|222.03
2018-08-06|221.43|223.27|221.0112|222.72
2018-08-07|223.24|225.48|222.98|223.86
2018-08-08|222.86|224.88|222.24|224.58
2018-08-09|221.62|222.35|216.9101|218.24
2018-08-10|218.14|221.7202|217.75|220.31
2018-08-13|221.03|221.58|219.06|219.56
2018-08-14|220.01|222.56|219.86|222
2018-08-15|220.72|222.11|218.77|221.67
2018-08-16|223.45|224.26|222.14|223.19
2018-08-17|222.33|225.88|222.15|225.68
2018-08-20|226|228.22|225.97|227.35
2018-08-21|229.49|230.1|227.7|228.54
2018-08-22|228.48|230.23|228.3819|229.21
2018-08-23|229|230.35|228.57|229.51
2018-08-24|230|232.06|229.6|231.28
2018-08-27|232.74|232.86|228.1|230.03
2018-08-28|230.94|231.83|229.84|230.26
2018-08-29|231.79|232|228.7345|230.19
2018-08-30|229.62|231.16|229.44|230.83
2018-08-31|230.21|233.52|230.21|233.13
2018-09-04|233.14|234.91|233.14|234.68
2018-09-05|234.57|236.17|233.2|235.61
2018-09-06|235.47|236.77|235.06|236.68
2018-09-07|237.31|242.95|237.2|241.46
2018-09-10|243|243.8042|242.115|243.18
2018-09-11|243.93|245.16|243.17|244.21
2018-09-12|245|245.12|242.23|242.44
2018-09-13|242.5|243.99|241.05|241.27
2018-09-14|239|239|234.47|235.38
2018-09-17|234.06|234.585|231.51|232
2018-09-18|231.98|235.47|231.7|234.35
2018-09-19|234.62|234.74|232.4217|233.85
2018-09-20|234.6|234.996|232.32|233.92
2018-09-21|234.37|235.84|234.01|234.76
2018-09-24|234.19|234.85|232.9|233.34
2018-09-25|234.03|234.66|232.73|232.93
2018-09-26|233.57|235.66|233.45|233.81
2018-09-27|233.7|235.67|232.34|234
2018-09-28|233.86|235.47|233.79|234.88
2018-10-01|235.81|236.53|234.43|234.65
2018-10-02|234.1|237.57|233.87|236.35
2018-10-03|236.62|237.31|232.73|233.2
2018-10-04|233.26|234|230.66|231.68
2018-10-05|225|227.06|217.79|218.82
2018-10-08|219.34|224.4999|219.2569|223.93
2018-10-09|224.15|225.15|222.56|224.17
2018-10-10|224.1|225|221.04|221.05
2018-10-11|222.91|225.32|220.93|221.82
2018-10-12|225.2|227.62|223.39|226.95
2018-10-15|226.25|226.94|224.25|224.51
2018-10-16|224.87|228.26|224.316|227.68
2018-10-17|228.45|228.88|225.51|228.49
2018-10-18|228.54|230.65|226.25|228.58
2018-10-19|228.9|230.63|228.72|229.67
2018-10-22|229.88|230.25|227.27|229.06
2018-10-23|227.07|229.26|223.82|228.75
2018-10-24|225.93|231.09|223.09|223.76
2018-10-25|224.06|227.59|222.84|226.4
2018-10-26|222.31|225|217|218.19
2018-10-29|219.75|224.89|218.75|222.42
2018-10-30|223.1|228.21|223.0104|227.92
2018-10-31|228.65|230.56|225.56|228.63
2018-11-01|228.18|230.8|227.54|229.6
2018-11-02|229.81|232.23|227.1787|230.16
2018-11-05|230.71|234.89|229.8|234.45
2018-11-06|235|237.49|234.1757|236.71
2018-11-07|238.75|240.88|236.935|240.37
2018-11-08|238.51|239.8|237.03|238.7
2018-11-09|237.97|240.26|237.07|237.74
2018-11-12|237.64|239.2|234.13|234.48
2018-11-13|234.75|236.42|232.77|234.14
2018-11-14|237.12|237.12|231.71|233.31
2018-11-15|232.32|232.65|227|229.94
2018-11-16|229.3|231.12|226.52|231.02
2018-11-19|231.61|233.5|227.81|228.74
2018-11-20|224.92|225|218.05|219.31
2018-11-21|220.56|222.03|217.45|218.57
2018-11-23|218.1|221.18|217.6596|220.06
2018-11-26|222.85|223.48|218.9|219.45
2018-11-27|219.37|223.12|218.38|223.01
2018-11-28|222.78|230.46|222.19|230.34
2018-11-29|229|231.59|228.36|231
2018-11-30|231.69|233.39|229.7|231.28
2018-12-03|230.72|232.2|228.21|232.08
2018-12-04|232.11|233.3|225.56|226.35
2018-12-06|227.94|233.86|226.6|233.2
2018-12-07|233.15|233.81|223.03|224.86
2018-12-10|224.54|225.2|219.11|222.66
2018-12-11|225.12|227.25|224|226.5
2018-12-12|228.35|230.45|227.07|227.8
2018-12-13|228.84|229.615|225.48|226.51
2018-12-14|218|219|205.51|207.06
2018-12-17|206.68|207.995|200.66|202.23
2018-12-18|203.09|204.6659|201.57|202.99
2018-12-19|203.5|207|199.86|201.41
2018-12-20|200.33|200.7|193.6753|197.13
2018-12-21|197.16|200.7|194.32|194.52
2018-12-24|193.9|195.3272|189.8|189.99
2018-12-26|190.82|198.78|189.51|198.63
2018-12-27|196.96|201.13|193.96|201.08
2018-12-28|201.82|204.95|199.59|202.04
2018-12-31|203.38|204.39|201.38|203.71
2019-01-02|200.5|205.1|199.85|204.76
2019-01-03|203.7|205.935|200.04|200.42
2019-01-04|203.08|207.93|201.45|206.24
2019-01-07|205.52|209.12|203.54|207
2019-01-08|208.65|209.08|204.18|208.55
2019-01-09|209.15|211.2182|207.92|209.9
2019-01-10|208.15|210.9|206|210.64
2019-01-11|210.04|211.25|209.31|210.51
2019-01-14|209.47|210.65|208.16|209
2019-01-15|210.04|211.34|209.08|211.03
2019-01-16|211.46|211.46|209.5|210.18
2019-01-17|209.87|211.65|209.65|211.46
2019-01-18|212.56|214.16|211.77|213.59
2019-01-22|213|215.555|210.8|212.4
2019-01-23|213|214.845|210|212.09
2019-01-24|212.39|212.39|208.9|210.31
2019-01-25|212.03|212.319|208.74|209.07
2019-01-28|208.68|210.79|207.31|210.77
2019-01-29|210.32|210.54|208.5668|210.31
2019-01-30|210.48|212.17|209.32|211.35
2019-01-31|211.14|214.88|209.72|214.63
2019-02-01|214|215|209.365|210.27
2019-02-04|210.7|211.19|207.9|211.18
2019-02-05|211.49|212.52|209.64|211.61
2019-02-06|212.26|212.26|210.48|211.6
2019-02-07|210.07|210.1|206.27|209.05
2019-02-08|207.83|208.49|205.75|207.75
2019-02-11|208.65|208.92|206.76|208.72
2019-02-12|210.06|212.75|209.255|211.9
2019-02-13|212.23|213.505|211.295|212.8
2019-02-14|212|214.545|211.14|213.84
2019-02-15|215.15|217.25|214.04|216.47
2019-02-19|216.67|219.6|216.51|218.12
2019-02-20|218.23|219.07|215.0573|217.11
2019-02-21|216.6|216.72|214.33|215.23
2019-02-22|215.17|216.59|214.25|216.29
2019-02-25|217.37|219.09|216.55|217.05
2019-02-26|216.89|218.91|216.13|217.61
2019-02-27|216.51|218.86|216.45|218.05
2019-02-28|218.49|219.6917|217.52|218.74
2019-03-01|219.76|220.57|215.77|219.44
2019-03-04|220.43|221.08|215.87|218.41
2019-03-05|218.91|221.61|218.9|219.82
2019-03-06|220.5|221.91|218.23|219.23
2019-03-07|218.13|219.39|216.22|216.79
2019-03-08|225.48|228.7|223.77|227.82
2019-03-11|227.53|229.91|227.06|229.69
2019-03-12|230.32|233.4|229.9|232.96
2019-03-13|234.25|237.45|232.95|236.38
2019-03-14|236.13|236.38|233.28|233.84
2019-03-15|234.17|235.65|233.18|233.6
2019-03-18|233.58|236.68|233.49|236.59
2019-03-19|237.52|238.05|236.29|237.05
2019-03-20|237.03|238.49|235.775|236.98
2019-03-21|236.68|239.85|236.5526|239.54
2019-03-22|239.75|240.34|236.9|237.56
2019-03-25|236.93|238.08|235.785|236.97
2019-03-26|238|240.25|237.36|239.07
2019-03-27|238.71|240.21|238.16|239.41
2019-03-28|239.98|241.95|239.5834|241.22
2019-03-29|241.66|242.44|240.77|242.14
2019-04-01|243.07|244.41|242.58|244.19
2019-04-02|244|244.19|240.31|240.5
2019-04-03|241.69|243.55|241.02|242.48
2019-04-04|242.17|244.76|241.25|244.4
2019-04-05|244.96|247.09|244.01|245.87
2019-04-08|245.99|246.83|245.2|246.52
2019-04-09|245.11|245.68|244.005|244.91
2019-04-10|245.28|246.67|244.71|245.61
2019-04-11|243.62|244.18|240.92|241.24
2019-04-12|241.51|242.72|240.9|241.95
2019-04-15|242.37|246.75|241.96|246.33
2019-04-16|246.65|246.82|244.25|245.34
2019-04-17|246.3|246.46|244.32|245.56
2019-04-18|246.79|247.25|244.701|245.81
2019-04-22|245.19|245.77|242.56|243.42
2019-04-23|244.65|246.53|242.21|245.58
2019-04-24|245.68|248.7|245.6|247.96
2019-04-25|246.21|247.15|243.94|245.6
2019-04-26|245.62|245.89|242.06|243.82
2019-04-29|245|245.75|243.49|244.28
2019-04-30|244.77|245.79|243.02|245.53
2019-05-01|245.34|245.46|241.55|241.59
2019-05-02|241.76|242.885|240.42|242.69
2019-05-03|243.27|244.88|242.72|244.62
2019-05-06|242.85|244.83|242.06|244.23
2019-05-07|241.72|242.735|238.22|240.18
2019-05-08|239.56|243.05|238.19|241.34
2019-05-09|240.66|244.0556|240.16|243.47
2019-05-10|242.94|248.55|240.025|247.02
2019-05-13|244.12|244.93|240.67|241.92
2019-05-14|242.29|245.09|241.81|242.73
2019-05-15|242.11|245.4|241.23|244.67
2019-05-16|245.63|249.73|245.21|247.44
2019-05-17|245.88|250.0498|245.5935|248.35
2019-05-20|247.15|249.94|247.15|248.9
2019-05-21|249.11|250.83|248.1|249.93
2019-05-22|251.01|251.01|249.14|249.51
2019-05-23|248.63|249.92|247.1774|248.53
2019-05-24|249.11|249.5635|246.77|247.3
2019-05-28|248.58|250.2|246.14|246.31
2019-05-29|244.13|244.77|238.91|240.69
2019-05-30|242.15|243.58|240.745|241.54
2019-05-31|238.98|240.66|233.05|239.58
2019-06-03|239.78|241.54|238.0846|241.07
2019-06-04|243|245.82|242.5|245.61
2019-06-05|246.1|248.76|245.02|247.96
2019-06-06|248|251.94|247.735|251.21
2019-06-07|251.16|256.6|251.02|256.01
2019-06-10|256.4|258.825|256.11|256.85
2019-06-11|258.91|259.615|256.2078|257.11
2019-06-12|257.58|258.75|255.77|257.23
2019-06-13|257.71|259.87|257.5474|259.71
2019-06-14|260|261.2|258.91|260.15
2019-06-17|261.13|262.25|260.43|261.43
2019-06-18|263.61|264.1956|262.05|262.74
2019-06-19|262.31|264.1008|260.94|263.66
2019-06-20|265|267.79|264.55|267.35
2019-06-21|266.77|268.94|265.99|266.13
2019-06-24|267.31|267.97|266.52|266.77
2019-06-25|266.71|267.08|265.36|266.36
2019-06-26|266.45|266.8195|264.34|264.41
2019-06-27|264.9|266.48|262.99|265.58
2019-06-28|265.5|266.385|263.36|264.26
2019-07-01|266.43|267|261.84|263.55
2019-07-02|263.92|265.57|261.67|265.47
2019-07-03|265.14|269.16|265.14|269.14
2019-07-05|268.2|268.61|266.27|268.25
2019-07-08|268.33|269.69|267.35|269.4
2019-07-09|269.36|270.78|268.49|269.97
2019-07-10|270.05|271.53|269.34|271.42
2019-07-11|272.33|276.77|271.813|276.54
2019-07-12|276.5|280|276.01|279.44
2019-07-15|279.94|280.7|278.9|280.58
2019-07-16|281|281.37|279.7765|280.65
2019-07-17|281.05|282.85|280.22|281.56
2019-07-18|282.2|283.06|279.19|282.91
2019-07-19|283.07|284.31|281.35|281.51
2019-07-22|281.22|282.32|279.32|280.17
2019-07-23|281.85|282.08|279.0243|280.1
2019-07-24|279.83|281.24|279.01|280.83
2019-07-25|281.2|281.94|279.34|279.8
2019-07-26|279.8|281.77|279.12|281.37
2019-07-29|281.01|281.3|279.54|280.13
2019-07-30|280.27|280.57|279.1|279.5
2019-07-31|279.02|279.72|272.6301|275.63
2019-08-01|275.75|280.93|274.31|274.57
2019-08-02|274.3|274.9414|270.5|272.5
2019-08-05|270.09|270.5524|262.71|265.1
2019-08-06|266.47|270.2299|264.0485|269.31
2019-08-07|268.18|274.855|263.59|274.3
2019-08-08|273.04|274.84|271|274.8
2019-08-09|274.58|275.47|271.9148|273.94
2019-08-12|274.03|274.98|269.3|271.31
2019-08-13|271.18|278.16|270.01|276.26
2019-08-14|274|275.36|268|268.15
2019-08-15|270.53|272.9749|268.77|271.52
2019-08-16|274.1|276.07|273.44|274.1
2019-08-19|276.41|277.3815|274.55|275.61
2019-08-20|276.28|276.36|272.85|272.97
2019-08-21|275.41|276.54|274.7|275.68
2019-08-22|277.01|280.99|276.868|279.92
2019-08-23|278.21|280.13|272.7|274.01
2019-08-26|275.75|278.53|275.69|278.46
2019-08-27|281|293.44|280.34|292.38
2019-08-28|293.75|299.95|292.42|294.49
2019-08-29|297.48|297.725|292.7566|296.57
2019-08-30|298|298.28|292.83|294.76
2019-09-03|292.57|294|290.46|292.05
2019-09-04|294|296.3|293.771|296.12
2019-09-05|298.43|299.71|296.675|296.97
2019-09-06|299.2|304.64|298.29|303.76
2019-09-09|304.5|307.34|298.21|299
2019-09-10|297.38|298.25|294.5789|297
2019-09-11|294.3|295.74|287.81|290.69
2019-09-12|290.34|292.75|288.68|289.89
2019-09-13|290.2|294.07|289.85|291.9
2019-09-16|290.57|291.3769|288.3402|288.69
2019-09-17|289.56|291.7858|288.69|291.41
2019-09-18|290.7|293.57|288.8|292.43
2019-09-19|289.49|289.76|284.71|287.83
2019-09-20|288.75|289.41|286.14|286.36
2019-09-23|286.36|288.13|285.75|287.57
2019-09-24|289.3|292.62|286.4|287.91
2019-09-25|288.26|289.68|286.87|288.51
2019-09-26|289.43|289.8099|286.6|288.26
2019-09-27|289.53|289.53|284.4|285.95
2019-09-30|287.7|288.62|286.57|288.11
2019-10-01|288.04|288.68|283.18|283.93
2019-10-02|283.23|285.79|282.22|285.11
2019-10-03|285.39|290.86|281.6001|289
2019-10-04|287.85|291.95|283.32|291.67
2019-10-07|291.04|295.69|290.5|293.41
2019-10-08|292.95|295.58|290.45|291.89
2019-10-09|293.11|298.57|293.11|296.9
2019-10-10|298.63|299.48|296.26|297.14
2019-10-11|298.07|300.76|297.36|297.6
2019-10-14|298|300.34|297.5|297.52
2019-10-15|298.32|299.64|297.23|298.39
2019-10-16|296.8|298.97|295.08|298.78
2019-10-17|298.85|302.61|298.85|302.4
2019-10-18|302|304|300.9764|302.86
2019-10-21|303|303.51|300.17|301.08
2019-10-22|301.61|304.88|299.95|299.97
2019-10-23|299.58|300.0523|297.18|297.32
2019-10-24|295.05|298.28|294.56|297.05
2019-10-25|295.52|297.25|295.11|296.5
2019-10-28|295.7|299.09|295.21|298.94
2019-10-29|298.21|298.94|295.81|295.86
2019-10-30|296.92|300.25|295.97|299.84
2019-10-31|298.36|299.622|294.55|297.11
2019-11-01|297.99|298.415|295.5|296.09
2019-11-04|297.16|298.22|295.17|296.82
2019-11-05|297.09|299.6925|295.805|299.18
2019-11-06|299.97|301.65|297.925|301.57
2019-11-07|303.93|307.1|302.48|305.21
2019-11-08|302.74|304.29|301.28|302.62
2019-11-11|301.55|302.33|299.7|300.84
2019-11-12|300.83|302.73|298.66|300.5
2019-11-13|300.18|304|299.52|302.9
2019-11-14|304.39|305.8884|302.265|304.59
2019-11-15|305.31|305.44|301.6|303.66
2019-11-18|303.11|306.38|302.75|304.54
2019-11-19|304.5|304.6446|301.45|302.24
2019-11-20|302.44|303.17|298.0108|300.57
2019-11-21|300.69|301.87|299.52|300.27
2019-11-22|301.94|301.94|297.23|299.31
2019-11-25|300.29|300.626|297.55|299.05
2019-11-26|299.26|301.35|298.82|301.24
2019-11-27|301.82|302.79|300.57|300.76
2019-11-29|300.82|300.89|299.66|299.81
2019-12-02|299.75|300.2|294.27|297.39
2019-12-03|295.13|296.19|292.7|295.67
2019-12-04|296.04|297.16|295.15|296.52
2019-12-05|297.13|297.13|292.5|293.1
2019-12-06|294.98|295.99|294.26|294.945
2019-12-09|295|297.19|294.545|295.16
2019-12-10|296.03|296.69|294.545|295.78
2019-12-11|296|296.3479|293.05|295.3
2019-12-12|295.27|297.76|294.12|297.34
2019-12-13|294.64|295|289.1|291.87
2019-12-16|293.03|294.46|292.85|293.5
2019-12-17|293.5|296.3|292.75|295.55
2019-12-18|295.99|296.36|291.82|291.87
2019-12-19|292.06|293.81|291.5|293.71
2019-12-20|293.85|295.02|292.78|294.83
2019-12-23|294.91|295.31|293.03|293.31
2019-12-24|293.91|294.45|293.36|294.23
2019-12-26|294.49|295.73|293.9|295.73
2019-12-27|296.22|296.3|293.18|294.11
2019-12-30|294.2|295.612|293.66|295.14
2019-12-31|295|295.45|292.18|293.92
2020-01-02|294.06|294.58|291|291.49
2020-01-03|290.05|292.9|289.33|291.73
2020-01-06|290.55|292.07|288.62|291.81
2020-01-07|291.32|291.69|289.279|291.35
2020-01-08|290.99|295.48|290.5|294.69
2020-01-09|298.55|301.96|297.71|299.42
2020-01-10|300|300.27|296.66|297.24
2020-01-13|296.92|300.6495|296.8|299.87
2020-01-14|299.25|301|298.58|299.75
2020-01-15|298.35|301.04|298.044|300.82
2020-01-16|301.39|304.06|300.975|303.03
2020-01-17|303.4|305.3|303.03|304.68
2020-01-21|306.2|313.34|305.76|313.26
2020-01-22|313.4|313.56|310.21|311.89
2020-01-23|312.02|313.4|310.7307|312.88
2020-01-24|314.02|314.28|309.1|310.51
2020-01-27|306.15|311.77|305.65|309.45
2020-01-28|310.51|311.71|309.1|310.85
2020-01-29|310.86|311.97|309.385|309.58
2020-01-30|308.84|309.64|306.665|309.47
2020-01-31|308.55|309.18|304.56|305.52
2020-02-03|307|308.58|301.67|302
2020-02-04|304.57|305.9083|302.7622|304.9
2020-02-05|307|309.59|305.4|308.95
2020-02-06|309.35|311.8387|307.85|310.61
2020-02-07|310|313.81|309.1248|313.63
2020-02-10|313.76|316.9445|312.6|313.79
2020-02-11|314.03|314.43|310.47|310.68
2020-02-12|310.77|315.48|310.77|315.12
2020-02-13|314.85|318.79|313.535|318.2
2020-02-14|318.87|319.81|316.95|318.31
2020-02-18|319|323.48|318.61|322.05
2020-02-19|322.08|324.5294|321.73|323.02
2020-02-20|322.32|325.07|321.01|324.08
2020-02-21|322.56|325.26|321.03|321.95
2020-02-24|315.5|320|313.26|313.62
2020-02-25|315|316.565|304.4|304.87
2020-02-26|307.55|311.3|304.68|305.69
2020-02-27|301.98|305|293|293.13
2020-02-28|285.25|287.335|271.28|281.14
2020-03-02|294.44|309.51|291.377|309.14
2020-03-03|309.14|314.165|301.03|302.73
2020-03-04|308.29|320.97|305.0201|320.74
2020-03-05|315.7701|324.51|313.2|315.76
2020-03-06|312.14|317.49|302.75|311.34
2020-03-09|295.85|310.33|293|301.98
2020-03-10|307.97|309.73|294.42|309.4
2020-03-11|300.86|307.79|294.19|297.43
2020-03-12|280.44|295.625|276.34|279.85
2020-03-13|288.83|303.245|278.27|302.27
2020-03-16|281.83|299.53|279.51|283.18
2020-03-17|289|307.19|286.3|306.99
2020-03-18|298|318|296|307.5
2020-03-19|310.41|313.8526|302.63|305.22
2020-03-20|307.92|308.01|287.02|290.42
2020-03-23|292.01|295.6721|278.4238|285.53
2020-03-24|294.59|297.35|282.8305|284.94
2020-03-25|284.21|290.7176|279.21|280.86
2020-03-26|281.34|293.7297|280.86|292.3
2020-03-27|287.13|293.49|283.33|284.33
2020-03-30|287.49|291.68|285.84|291.12
2020-03-31|287.42|291.52|284|285.13
2020-04-01|282.36|288.8|280.9|286.78
2020-04-02|284.38|292.78|282.82|291.48
2020-04-03|289.1604|292.34|285.8|288.65
2020-04-06|293|305.49|289.57|305.12
2020-04-07|306.5|310|303.22|303.63
2020-04-08|305.11|307.42|302.28|305.97
2020-04-09|299.45|304.35|297.575|300.01
2020-04-13|298.58|303.95|297.66|299.62
2020-04-14|302.75|314.75|301.25|314.14
2020-04-15|311.64|313.75|306.82|310.27
2020-04-16|314.73|322.63|312.04|321.56
2020-04-17|321.31|322.1344|314.02|317.92
2020-04-20|317.95|318.38|311.53|312.08
2020-04-21|311.14|311.89|299.345|301.33
2020-04-22|304|311.13|302.04|309.42
2020-04-23|307.0335|309.635|304.79|305.4
2020-04-24|307.33|310.83|305.5117|310.55
2020-04-27|313.05|313.29|307.59|308.78
2020-04-28|310.825|311.27|304.28|304.95
2020-04-29|304.95|308.6832|301.1206|307.09
2020-04-30|306.15|307.895|302.57|303
2020-05-01|301.78|304.8199|300.18|301.92
2020-05-04|303|305.53|300.07|304.49
2020-05-05|305.06|309.8|303.44|307.92
2020-05-06|309.92|311.04|306.54|308.89
2020-05-07|309.34|309.87|304.53|305
2020-05-08|305.9|307.18|303.7|305.94
2020-05-11|305.64|311.83|305|310.33
2020-05-12|310.84|311.545|304.79|304.84
2020-05-13|304.84|306.4|300.12|302.14
2020-05-14|301.01|302.88|294.535|299.74
2020-05-15|299.07|299.835|295.86|299.21
2020-05-18|301.7206|303.19|299.92|302.76
2020-05-19|304.62|309.025|303.15|304.63
2020-05-20|306.77|307.918|303.2005|304.91
2020-05-21|304.79|305.04|301.25|301.97
2020-05-22|302.01|303.94|300.83|302.43
2020-05-26|306.01|306.9|303.5278|304.8
2020-05-27|304.56|306.31|299.47|306.01
2020-05-28|307.25|311|306.9|309.56
2020-05-29|304.2|308.88|302.35|308.47
2020-06-01|307.9|309.74|306.46|308.29
2020-06-02|307.95|309.02|304.72|307.09
2020-06-03|307.5|308.2|305.92|306.64
2020-06-04|310.85|315.35|309.09|310.75
2020-06-05|313.13|313.6283|307.29|312.04
2020-06-08|310.66|311.2911|306.46|307.19
2020-06-09|307.5|308.6|305.17|305.55
2020-06-10|306.48|308.63|305.65|307.33
2020-06-11|306.99|309.2|300.64|300.83
2020-06-12|302.67|305.15|296.25|298.7
2020-06-15|297.05|298.07|293.8394|297.18
2020-06-16|301.35|302.74|299.22|301.36
2020-06-17|301.02|302|298.9|299.61
2020-06-18|300|300.8062|297.79|299.57
2020-06-19|300.18|301.8999|298.64|299.9
2020-06-22|299.7|301.48|298.25|300.45
2020-06-23|301.73|304.9|300.73|301.29
2020-06-24|300.77|301.28|296.6|298.02
2020-06-25|297.06|301.15|295.4|300.53
2020-06-26|300.41|302.1173|295.95|296.56
2020-06-29|297.44|301.63|296.83|301.59
2020-06-30|301.01|304.62|300.1363|303.21
2020-07-01|302.5|305.58|300.75|304.75
2020-07-02|306|308.92|304.6006|305.74
2020-07-06|307.53|311.555|307.24|311.49
2020-07-07|310.02|318.05|309.72|316.23
2020-07-08|317.14|318.05|314.01|316.32
2020-07-09|320|328.98|319.68|325.54
2020-07-10|326|327.4|323.11|326.23
2020-07-13|326.3|329.1133|321.5|322.92
2020-07-14|321.3175|328.66|320.451|328
2020-07-15|328.1|329.32|325.62|326.7
2020-07-16|326.62|327.9|324.06|326.27
2020-07-17|327.3|327.8|324.58|324.79
2020-07-20|324.891|327.435|322.6634|326.51
2020-07-21|327|331.49|326.5|327.74
2020-07-22|329.65|329.66|325.01|328.3
2020-07-23|328.1|330.38|325.33|326.11
2020-07-24|326.22|328.75|324.67|325.78
2020-07-27|325.68|329|325.18|327.6
2020-07-28|327.97|330|325.82|327.57
2020-07-29|327.02|328.04|325.385|326.14
2020-07-30|322.685|326.45|322|324.82
2020-07-31|324.82|326.31|322.55|325.53
2020-08-03|325.55|329.89|324.3|329.32
2020-08-04|329.56|339.82|328.92|339.79
2020-08-05|341.8552|342.73|337.59|339.97
2020-08-06|342.41|345.12|341.61|343.31
2020-08-07|343.14|344.73|339.63|340.91
2020-08-10|340.71|341.065|338.58|340
2020-08-11|340.85|340.85|331.8|332.43
2020-08-12|333.745|338.9|333.17|336.76
2020-08-13|336.99|339.46|335.13|335.7
2020-08-14|336.53|338.76|335.6|336.28
2020-08-17|337.65|340.37|337.355|339.96
2020-08-18|341|342.8|336.81|340.75
2020-08-19|341.12|341.94|339.95|340.9
2020-08-20|340.14|341.66|338.74|340.87
2020-08-21|340.07|345.84|339.33|344.61
2020-08-24|345.11|346.11|342.105|344.13
2020-08-25|344.14|344.91|341.46|344.71
2020-08-26|343.01|344.83|341.69|344.27
2020-08-27|345.61|347.742|342.5501|346.36
2020-08-28|347.47|349.06|345.5|348.37
2020-08-31|346.85|348.75|344.29|347.66
2020-09-01|345.71|351.49|345.41|351.38
2020-09-02|353.61|359.92|351.31|358.86
2020-09-03|363.07|363.67|345.52|348.3
2020-09-04|353.98|353.98|340.4|346.57
2020-09-08|343.84|344.92|338.18|338.86
2020-09-09|340.9|349.7|340.39|346.43
2020-09-10|346.27|348|338.76|339.53
2020-09-11|340.28|343.26|336.1|339.13
2020-09-14|340.99|344.84|340.47|342.92
2020-09-15|345.02|347.76|342.75|343.91
2020-09-16|347.27|348.76|343.25|343.73
2020-09-17|339.58|342.89|336.365|338.88
2020-09-18|340.2|341.22|331.2|335.96
2020-09-21|333.9713|339.62|333.71|339.57
2020-09-22|340.702|344.9|339.59|344.45
2020-09-23|348|348.25|344.06|344.63
2020-09-24|345|347.3333|338.309|347
2020-09-25|340.74|343.77|335.36|342.58
2020-09-28|343.76|349.77|343.1|349.62
2020-09-29|348.95|354.29|347.1|352.14
2020-09-30|352.56|357.7|351.1705|355
2020-10-01|356.26|359.685|354.82|358.46
2020-10-02|354.7277|357.84|352.85|355.01
2020-10-05|355.33|358.98|355.33|358.58
2020-10-06|361.9|363|357.0394|358.35
2020-10-07|360.47|364.74|359.66|363.02
2020-10-08|364.802|365.97|361.75|365.09
2020-10-09|366|369.75|365.7|369.46
2020-10-12|371|380.66|370.77|376.48
2020-10-13|378.42|382.29|376.48|380.68
2020-10-14|382.8897|383.8715|376.7|378.34
2020-10-15|376.46|378.36|373.06|376.58
2020-10-16|380.5|384.87|379.12|381.54
2020-10-19|382.03|383.085|374.71|375.56
2020-10-20|377.69|382.08|376.12|378.31
2020-10-21|378.56|381.28|377.02|377.82
2020-10-22|377.35|378.38|372.0301|375.75
2020-10-23|375.61|376.52|373.56|374.6
2020-10-26|366.68|372.63|366.12|370.71
2020-10-27|368.77|374.913|368.77|372.72
2020-10-28|367.3293|372.41|364.67|364.96
2020-10-29|363.23|369.09|362.51|364.86
2020-10-30|361.13|363.85|355.79|357.62
2020-11-02|362.22|365.66|360.71|364.39
2020-11-03|368.94|374.8|367.89|371.96
2020-11-04|374.02|381.635|374|376.17
2020-11-05|382.48|386.58|379.5|385.23
2020-11-06|381.88|386.8|380.89|385.66
2020-11-09|388.25|389.5|364.76|365
2020-11-10|363.8795|371.535|360.59|366.62
2020-11-11|369.68|374.7|368.16|372.92
2020-11-12|376.95|378.24|373.5|375.71
2020-11-13|376.52|379.83|374.9905|378.84
2020-11-16|376.91|381.28|376.91|379.79
2020-11-17|387.32|388.48|381.79|381.92
2020-11-18|382.8883|388.05|381.73|382.23
2020-11-19|383.61|384.71|380.31|383.54
2020-11-20|383.95|385.5023|381.01|381.12
2020-11-23|383|383.06|380.34|381.71
2020-11-24|383.69|386.05|380.71|384.22
2020-11-25|385.7897|388.34|385.555|387.75
2020-11-27|390.46|390.67|387.75|388.39
2020-11-30|391.75|393.15|385.23|391.77
2020-12-01|384.5|388.07|381.1751|387.56
2020-12-02|385.47|386.88|381.57|383.5
2020-12-03|378|378.73|373.28|374.05
2020-12-04|375.21|375.31|371.89|373.43
2020-12-07|374.27|376.5|372.65|373.33
2020-12-08|373.95|379.524|370.75|377.6
2020-12-09|379.88|381|372.8|374.29
2020-12-10|374.29|375|371.56|372.79
2020-12-11|379.77|379.77|372.54|375.1
2020-12-14|376.56|378.18|373.21|374.38
2020-12-15|374.5048|375.69|369.3|371.88
2020-12-16|371.16|372.84|368.845|369.44
2020-12-17|370.26|370.97|368|370.29
2020-12-18|371.1|371.36|365.93|367
2020-12-21|365.09|366.115|361.812|364.97
2020-12-22|364.1|364.76|360.61|362.03
2020-12-23|362.45|363.1|359.5|361.89
2020-12-24|361.4055|365.335|361.4055|364.58
2020-12-28|365.5|371.69|365.0754|371.06
2020-12-29|372.25|373.255|370.26|372.72
2020-12-30|374.2|375.86|373.2828|374.45
2020-12-31|374.99|377.04|372.46|376.78
2021-01-04|377.43|381.55|374.81|380.15
2021-01-05|378.86|380.205|375.25|375.74
2021-01-06|373.82|375.8|369.648|370.02
2021-01-07|371.01|371.65|366.79|367.92
2021-01-08|368.115|370.26|364.29|369.94
2021-01-11|368.58|371|363.86|364.01
2021-01-12|364|365.07|360.25|364.2
2021-01-13|364.37|368.74|363|366.95
2021-01-14|366|366.5|361.5553|362.35
2021-01-15|361.06|364.905|360.8|362.16
2021-01-19|362.355|362.95|352.44|354.47
2021-01-20|354.39|361.897|353.41|361.3
2021-01-21|361.3|363.99|359.9401|362.8
2021-01-22|363.2|364.63|359.85|362.3
2021-01-25|360.86|361.96|356.82|361.88
2021-01-26|360.2|365.8995|358.88|364.98
2021-01-27|362.99|365.8|354.85|356.39
2021-01-28|356.85|361.605|356.07|357.06
2021-01-29|354.75|356.29|351.88|352.43
2021-02-01|351.21|352.79|349.21|350.52
2021-02-02|351.76|357.7|350.72|355.58
2021-02-03|356.2326|357.53|353.21|355.21
2021-02-04|356.714|358.38|353.85|355.85
2021-02-05|356.55|356.845|354.1|355.17
2021-02-08|356.57|360.04|355.57|359.83
2021-02-09|360.04|361.6739|358.3|359.56
2021-02-10|361|361|355.12|356.12
2021-02-11|355.73|356.5|351.39|352.2
2021-02-12|351.99|352.98|350.1|352.75
2021-02-16|353.0788|355.36|352.0362|354
2021-02-17|353.11|358.17|351.91|358.04
2021-02-18|352.28|358.2|352.28|356.92
2021-02-19|356.69|357.93|354.575|354.77
2021-02-22|352.75|353.29|348.82|350.21
2021-02-23|349.8|351|342.03|342.15
2021-02-24|341.79|342.5|337.89|340.7
2021-02-25|340.85|343|333.35|333.9
2021-02-26|335.51|335.89|330.94|331
2021-03-01|335.21|335.9999|331.36|331.77
2021-03-02|333.69|334.69|328.42|328.46
2021-03-03|328.1698|328.4197|323.76|323.92
2021-03-04|323.37|325.6|315.04|319.04
2021-03-05|315.3288|318.43|307|317.32
2021-03-08|318.91|322.3289|310.92|311.42
2021-03-09|313.76|320.28|312.71|318.78
2021-03-10|321.14|327.39|317.32|323.83
2021-03-11|330.4097|331.25|326.7211|328.65
2021-03-12|328.1|331.625|325.6|331.14
2021-03-15|333.6|333.68|327.32|330.51
2021-03-16|329.67|330.03|326.64|327.25
2021-03-17|326|330.5|324.12|329.19
2021-03-18|326.48|328.14|322.375|322.98
2021-03-19|323.61|329.25|322.39|328.91
2021-03-22|328.45|336.17|328.19|334.49
2021-03-23|333.89|342.51|333.795|340.34
2021-03-24|342.22|342.51|336.83|338.04
2021-03-25|337.81|347.78|337.27|346.34
2021-03-26|346.21|352.46|344.1|352.02
2021-03-29|351.45|357.77|351.01|356.15
2021-03-30|353.58|354.77|348.84|349.75
2021-03-31|350.66|357.4495|349.23|352.48
2021-04-01|352.54|357.32|351.6314|354.94
2021-04-05|357.5|362.67|356.8378|360.82
2021-04-06|359.8|362.8|359.01|360.12
2021-04-07|360.866|361.46|357.61|358.81
2021-04-08|362.8|366.02|359.6|361.22
2021-04-09|360.91|363.71|359.595|363.21
2021-04-12|362.84|365.25|361.34|364.81
2021-04-13|365.34|367.3|364.2701|365.21
2021-04-14|364.85|364.85|362.55|363.17
2021-04-15|364.88|369.55|364.27|368.8
2021-04-16|369.7|372.8|368.58|370.72
2021-04-19|371|371.53|368.2|369.55
2021-04-20|369|375.355|368.73|371.73
2021-04-21|371.61|374.58|371.47|374.09
2021-04-22|374.34|375.44|370.03|371.26
2021-04-23|371.26|374.85|370.41|373.28
2021-04-26|373.9|373.9|368.21|368.52
2021-04-27|368.17|370.96|365.29|370.21
2021-04-28|369.55|370.5|368.18|369.59
2021-04-29|368.5395|374.71|368.53|373.54
2021-04-30|372.91|374.16|371.33|372.09
2021-05-03|373.84|379.62|372.89|379.32
2021-05-04|379.03|379.23|373.75|375.29
2021-05-05|376.35|377.5164|372.05|372.5
2021-05-06|373.19|382.94|373.19|382.76
2021-05-07|382.83|386.45|382.2001|384.32
2021-05-10|385.49|387.89|381.28|381.48
2021-05-11|379.31|380.92|376|378.18
2021-05-12|376|376.94|371.1141|372.2
2021-05-13|373.09|381.44|371.5654|379.53
2021-05-14|382.14|385.82|380.1|384.42
2021-05-17|385.04|387.05|382.9|383.96
2021-05-18|386.45|389.45|382.51|382.81
2021-05-19|377.1509|381.73|376.13|379.66
2021-05-20|379.18|384.5172|378.28|383.58
2021-05-21|385.05|385.3499|380.43|380.72
2021-05-24|384.3374|385.76|381.89|383.45
2021-05-25|383.62|385.74|382.03|385.38
2021-05-26|385.86|387.75|385.02|385.62
2021-05-27|385.13|387.7699|383.5|387.5
2021-05-28|384.15|385.31|377.03|378.27
2021-06-01|379.925|380.1985|375.5|378.23
2021-06-02|378.38|381.92|377.71|380.59
2021-06-03|379.64|384.19|378.86|383.87
2021-06-04|384.19|387.76|383.71|387.52
2021-06-07|385.47|386.45|378.57|380.4
2021-06-08|380.41|381.21|377.69|379.7
2021-06-09|380.21|381.78|379.1301|379.96
2021-06-10|380.27|383.36|379.49|383.01
2021-06-11|383.86|383.86|380.53|381.83
2021-06-14|380.79|383.98|379.08|383.76
2021-06-15|383.76|384.4999|381.56|383.91
2021-06-16|384.4|386.4407|377.12|379.41
2021-06-17|380.38|386.47|379.21|384.75
2021-06-18|384.75|384.9056|380.3|380.88
2021-06-21|382.25|387.645|380.56|386.8
2021-06-22|387.02|392.5|386.56|392.18
2021-06-23|393|393.44|390.59|391.97
2021-06-24|393.42|395.5|391.795|392.07
2021-06-25|392.97|394.55|391.25|394.51
2021-06-28|395|397.42|393.13|396.54
2021-06-29|396.3|399.4407|395.47|398.79
2021-06-30|397.97|400.47|395|395.67
2021-07-01|396.3|397.69|393.88|394.53
2021-07-02|396.21|400.77|396.1136|398.94
2021-07-06|399.84|401.4|397.11|398.86
2021-07-07|399.2|406.115|399.2|404.68
2021-07-08|403.5|408.64|403.16|407.15
2021-07-09|408.55|414|407.59|412.37
2021-07-12|414.04|414.35|404.53|407.88
2021-07-13|404.7|409.29|404.7|407.06
2021-07-14|408.58|410.47|407.26|409.95
2021-07-15|410.46|412.2|407.88|411.82
2021-07-16|412.12|413.42|409.765|410.37
2021-07-19|410.0586|415.3171|410.05|414.15
2021-07-20|414|418.07|412.85|416.24
2021-07-21|417.11|417.11|412.22|415.01
2021-07-22|416|418.6|413.5493|417.54
2021-07-23|418.2885|423.9878|417.05|423.43
2021-07-26|423.4|424.4999|420.3477|423.23
2021-07-27|424|424.56|421.6|424.34
2021-07-28|423.27|424.8649|420.54|422.22
2021-07-29|421.68|425.851|420.36|425.28
2021-07-30|425.98|431.5|425.94|429.72
2021-08-02|430.62|430.71|425.48|428.92
2021-08-03|429.92|436.8|429.12|435.07
2021-08-04|436|437.99|432.89|435.04
2021-08-05|437.75|443.5|436.73|443.19
2021-08-06|442.73|443.46|438.9|439.63
2021-08-09|440.65|442.7779|439.31|440.47
2021-08-10|440.66|443.8|440.66|443.03
2021-08-11|445.5|448|441.8|444.3
2021-08-12|443|446.63|442.25|445.36
2021-08-13|445.78|448.36|444.5404|447.82
2021-08-16|447.91|453.19|447.0526|452.86
2021-08-17|452.86|453.78|449.7|452.34
2021-08-18|450.96|455.235|445.9|446.21
2021-08-19|442.95|455.5|441.31|454.26
2021-08-20|455.49|460.62|453.66|458.99
2021-08-23|457.27|459.06|454.59|454.93
2021-08-24|455.25|455.39|450.3|451.79
2021-08-25|450.83|452.82|447.32|451.23
2021-08-26|451.23|452.48|446.7|449.31
2021-08-27|449.31|451.6195|446.8001|450.34
2021-08-30|451.04|456.59|450.4368|455.93
2021-08-31|456.14|456.88|452.44|455.49
2021-09-01|455.48|456.68|451.85|456.52
2021-09-02|459.42|461.44|458.39|460.97
2021-09-03|459|463.6001|459|462.55
2021-09-07|462.5|463.2|457.625|459.6
2021-09-08|459.11|465.83|458.08|465.7
2021-09-09|467.34|469.77|465.24|465.94
2021-09-10|467.17|468.4|463.2|465.16
2021-09-13|467.06|468.235|458.2|459.66
2021-09-14|460.95|462.2|457.42|458.41
2021-09-15|458.24|462.25|456.14|460.73
2021-09-16|460.79|463.77|456.57|463.31
2021-09-17|461.62|462.82|457.02|459.51
2021-09-20|456.632|460.95|446.62|451.14
2021-09-21|451.14|456.8399|450.16|452.11
2021-09-22|454.7|455.35|449.84|452.33
2021-09-23|452.3|455.55|451.1|452.78
2021-09-24|455.98|468.7199|455|467.75
2021-09-27|465.55|470.49|457.24|460.56
2021-09-28|457.14|457.5|445.67|447.35
2021-09-29|449.87|456|448.9|451.79
2021-09-30|453.62|455.36|449.2988|449.35
2021-10-01|449.73|451.08|440.76|448.33
2021-10-04|448.34|449.35|436.1667|440.14
2021-10-05|439.58|449.1091|439.25|446.24
2021-10-06|443.93|449.78|442.38|449.34
2021-10-07|456.47|459.59|452.07|452.87
2021-10-08|455.44|455.75|450|451.85
2021-10-11|450.04|453.69|449.54|449.7
2021-10-12|450.15|452.85|445.75|446.87
2021-10-13|448.54|450.51|444.07|445.3
2021-10-14|447.11|451.6965|446.5|450.66
2021-10-15|453.89|453.94|449.18|452.39
2021-10-18|449.61|462.35|448.5|461.95
2021-10-19|463|467.16|460.31|467.08
2021-10-20|468.52|472.5|467.84|469.77
2021-10-21|469.77|477.65|469.08|477.23
2021-10-22|478.99|485.03|478.565|481.99
2021-10-25|481.99|492.21|479.5|490.1
2021-10-26|482.13|488.25|481.23|485.53
2021-10-27|483.85|491.5|483.56|489.11
2021-10-28|486.96|491.8299|486.48|490.53
2021-10-29|486.78|494.17|486.66|491.54
2021-11-01|494.15|494.8914|487.2|491.87
2021-11-02|494.74|499.49|492.72|496.99
2021-11-03|501.34|502.96|495.75|502.33
2021-11-04|507.01|520.21|506.0101|515.62
2021-11-05|514.77|517.9|508.63|513.12
2021-11-08|513.41|513.41|500.2|503.81
2021-11-09|505.12|509.1|504.06|508.71
2021-11-10|508.26|510.3581|503.765|505.51
2021-11-11|506.2|512.4999|504.04|512.18
2021-11-12|514.25|519.66|513.23|517.17
2021-11-15|518.49|523.1|518.01|519.89
2021-11-16|519.8364|528.2999|517.41|526.72
2021-11-17|527.5|530.74|524.505|526.29
2021-11-18|528.16|530.8|522.4944|529.37
2021-11-19|534.08|535.28|528.01|533.79
2021-11-22|533.32|545.42|532.32|539.65
2021-11-23|537.955|545.82|533.77|545.26
2021-11-24|545.54|550.8338|543.32|549.73
2021-11-26|549.555|554.5499|544.31|546.13
2021-11-29|546.13|560.78|542.41|554.88
2021-11-30|551.002|557.17|535.89|539.38
2021-12-01|543.1|548.25|529.4|529.84
2021-12-02|518.5059|530.9143|514.04|525.51
2021-12-03|529.99|537.5|524.77|528.93
2021-12-06|532.25|536.055|527.5701|533.2
2021-12-07|538.25|543|534.71|542.02
2021-12-08|546.21|547.7892|525.55|530.11
2021-12-09|528.8|532.3299|523.8|524.33
2021-12-10|534.71|561.27|534.61|558.82
2021-12-13|550.44|559.745|547.98|557.22
2021-12-14|556.4615|557.17|537.5676|545.34
2021-12-15|546.21|566.49|545.53|565.48
2021-12-16|564.7913|566.55|549.45|552.63
2021-12-17|549.32|556.4699|540.98|547.61
2021-12-20|542.13|549.141|538.03|548.56
2021-12-21|550.5|551.78|536.08|545.43
2021-12-22|545.38|550|539.8|549.67
2021-12-23|551.74|552.61|547.49|550.37
2021-12-27|551.54|565.7393|551.44|563.47
2021-12-28|563.43|566.64|560.7|564.64
2021-12-29|566.4|571.4899|563.5|567.77
2021-12-30|569.53|569.88|562.37|563.91
2021-12-31|563.41|568.25|559.03|567.7
2022-01-03|565.0301|567.47|555.51|566.71
2022-01-04|564.23|568.72|561.79|564.23
2022-01-05|563.69|565.05|549.77|549.92
2022-01-06|546.2|553.5172|543.55|549.8
2022-01-07|547.55|548.365|534.24|536.18
2022-01-10|529.29|530.41|508.5|518.8
2022-01-11|518.8|522.47|510.29|522.03
2022-01-12|522.03|530.03|522.01|525.8
2022-01-13|527.64|529.05|515.23|516.88
2022-01-14|511.57|512.98|501.86|502.99
2022-01-18|494.461|495.08|486.86|488.07
2022-01-19|489.885|496.24|487.1|490.16
2022-01-20|490.7496|499.8799|481.84|482.82
2022-01-21|481.9238|494.61|481.32|481.61
2022-01-24|475.5513|489.97|469.01|488.9
2022-01-25|479.9|482.64|472.37|477.32
2022-01-26|483.23|493.87|478.77|483.47
2022-01-27|486.92|495.7899|480.31|482.52
2022-01-28|483.74|492.725|475.901|492.43
2022-01-31|492|506.42|490.63|505.13
2022-02-01|505|509.68|496.94|508.41
2022-02-02|511.11|523.99|510.34|522.02
2022-02-03|515.88|526.44|514.21|521.77
2022-02-04|518.11|522|510.8034|519.77
2022-02-07|521.3|522|514.23|515.89
2022-02-08|515.89|523.39|510.5|521.15
2022-02-09|528|534.242|525.68|528.83
2022-02-10|520.87|524.47|514.7498|518.48
2022-02-11|518.4|521.35|507.38|509.67
2022-02-14|508.99|511.53|501.44|506.56
2022-02-15|513.34|516|510.7632|513.92
2022-02-16|511.49|514.55|501.71|512.4
2022-02-17|509.64|518.21|507.03|515.01
2022-02-18|514.89|517.9|510.3305|512.67
2022-02-22|510|514.58|498.16|502.18
2022-02-23|502.94|507.97|494.775|495.26
2022-02-24|483.265|506.545|482.98|505.58
2022-02-25|508.58|518.25|505.2461|517.49
2022-02-28|514.3|519.63|511.3|519.25
2022-03-01|519.46|529.36|519.19|522.93
2022-03-02|524|533.09|519.77|528
2022-03-03|534.49|538.96|529.54|533.05
2022-03-04|519.5|529.92|511.78|525.5
2022-03-07|523.45|545.29|523.4222|528.52
2022-03-08|526.22|539.73|522.41|523.36
2022-03-09|527.62|530.86|515.71|527.65
2022-03-10|523.11|534.37|518.14|532.72
2022-03-11|536.62|542.65|526.43|527.42
2022-03-14|527.77|535.31|523.54|525.95
2022-03-15|530|543.85|527.92|542.32
2022-03-16|544.53|551.62|531.26|543.39
2022-03-17|543.35|553.17|543.2|552.79
2022-03-18|552.96|562.55|549.51|561.35
2022-03-21|560.14|566.75|550.84|555.53
2022-03-22|556.96|560.35|552.325|559.42
2022-03-23|556.95|560.69|551.91|554.02
2022-03-24|555.51|558.26|549.22|558.11
2022-03-25|559.82|560.4299|550.225|555.71
2022-03-28|556.74|565.26|553.5|565.21
2022-03-29|568|571.22|564.53|569.98
2022-03-30|570.95|578.25|568.5901|576.47
2022-03-31|578.7|586.32|575.51|575.85
2022-04-01|577.38|582.99|572.31|575.57
2022-04-04|573.94|579.69|571.47|575.13
2022-04-05|572.59|583.98|572.1|575.32
2022-04-06|574.03|586.8|570.366|584.79
2022-04-07|592.29|612.27|588.78|608.05
2022-04-08|606.38|608|597.725|600.04
2022-04-11|598.79|601|582.8|584.67
2022-04-12|586.69|591.7343|578.76|581.36
2022-04-13|582.47|593.49|582.47|591.09
2022-04-14|591.78|596.28|587.05|590.39
2022-04-18|585.38|592.11|579.6|582.12
2022-04-19|583.35|594.83|582|594.3
2022-04-20|599.15|605.28|597.305|603.53
2022-04-21|607.28|609.18|591.15|591.74
2022-04-22|590.35|591.9|571.05|571.7
2022-04-25|570.31|570.33|553.53|568.21
2022-04-26|565.25|568.34|553.31|553.76
2022-04-27|556.19|563.62|552.85|554.08
2022-04-28|555.47|564.8|545.8|562
2022-04-29|560.93|561.575|529.7|531.72
2022-05-02|532.23|539.195|518.265|528.95
2022-05-03|530|534.27|523.7021|528.08
2022-05-04|531.6|546.1391|522.81|544.43
2022-05-05|541.57|542.34|512.17|517.32
2022-05-06|514.4|516.4362|498.82|503.36
2022-05-09|496.1|507.05|494.34|498.83
2022-05-10|509.7|510.63|495.63|501.46
2022-05-11|503.92|508|487.81|489.08
2022-05-12|486.79|497.2558|479.7611|486.18
2022-05-13|493.11|498.7942|489.6|497.27
2022-05-16|496.14|497.675|489.62|494.53
2022-05-17|489.16|493.56|480.23|490.47
2022-05-18|460|463.8599|424.551|429.4
2022-05-19|430.37|430.5253|418.72|422.93
2022-05-20|428.8|428.85|406.5101|416.43
2022-05-23|420|430|416.67|429.48
2022-05-24|424.8|438.73|424.35|437.71
2022-05-25|436.33|443.26|430.8252|440.11
2022-05-26|449.1|468.045|447.51|464.99
2022-05-27|456.8|474.88|455.12|470.76
2022-05-31|470.76|470.8|458.03|466.22
2022-06-01|469.38|470.5|456.695|456.99
2022-06-02|460.9|491.13|457.88|487.61
2022-06-03|485.03|488.15|475.59|476.25
2022-06-06|480.5|481|468.91|472.47
2022-06-07|459.91|473.73|459.59|471.78
2022-06-08|471.78|474.4298|466.89|467.99
2022-06-09|467.34|484.24|467.15|472.05
2022-06-10|465|468.1889|457.76|463.31
2022-06-13|450|458.635|448.9|452.25
2022-06-14|452.25|458.76|450.28|454.8
2022-06-15|458.5|464.36|451.39|458.79
2022-06-16|450.31|457.77|447.97|451.76
2022-06-17|451.05|455.6875|443.2|446.69
2022-06-21|450.55|464.82|449.14|463.11
2022-06-22|459.39|464.7229|458.5|459.96
2022-06-23|466.37|476.28|465.71|475
2022-06-24|480|484.83|476.676|484.37
2022-06-27|485.81|487.24|477.35|481.75
2022-06-28|483.5|487.24|467.89|468.61
2022-06-29|470.95|472.9736|466.415|469.84
2022-06-30|468.3|482.09|464.72|479.28
2022-07-01|481.18|491.25|478|485.76
2022-07-05|485.56|490.9|478.46|488.26
2022-07-06|488.26|497.02|487.78|492.65
2022-07-07|492.06|495.53|489.22|494.95
2022-07-08|497.32|505.52|497|501.54
2022-07-11|501.12|505.55|494.84|498.9
2022-07-12|497.01|501.9|488.04|490.57
2022-07-13|484.32|497.32|483.82|492.22
2022-07-14|496.09|513.27|493.62|511.94
2022-07-15|516.92|524.8|515.78|522.95
2022-07-18|521.86|528.53|515.665|516.3
2022-07-19|522.41|525.58|516.97|520.23
2022-07-20|521.26|526.16|516.81|524.2
2022-07-21|524.04|529.74|521.596|529.46
2022-07-22|530.71|537.11|526.07|529.72
2022-07-25|531.42|532.29|526|529.14
2022-07-26|515|519.685|508.76|511.93
2022-07-27|513.1|525.3193|511.17|522.31
2022-07-28|520.28|539.18|520.28|536.18
2022-07-29|532|542.12|531.9|541.3
2022-08-01|541.42|552.71|541.25|546.81
2022-08-02|544.03|551.0399|540.765|543.46
2022-08-03|545|548.7|542.1168|547.01
2022-08-04|547|547.2|540.67|543.28
2022-08-05|537.24|541.6|533.35|540.67
2022-08-08|543.84|547.5|538.6737|541.9
2022-08-09|543.64|545|533.89|535.82
2022-08-10|544.48|549.91|537.29|539.82
2022-08-11|543.24|543.49|531.81|532.2
2022-08-12|536.18|538.4|533.73|537.21
2022-08-15|536.4|547|535.68|545.75
2022-08-16|551.1|559.97|548.9678|553.02
2022-08-17|550|559.45|549.0101|556.32
2022-08-18|559.06|564.75|556.42|560.96
2022-08-19|558.65|559.26|553.165|554.53
2022-08-22|553|553|544.285|545.47
2022-08-23|545.74|546.01|536.88|542.07
2022-08-24|542.75|545.22|539.36|543.22
2022-08-25|545.74|550.91|539.55|550.77
2022-08-26|550|552.67|531.67|531.82
2022-08-29|527.03|535.5|524|531.06
2022-08-30|534.28|536.01|521.51|524.14
2022-08-31|525.54|526.32|520.26|522.1
2022-09-01|519.72|529.58|517.03|529.17
2022-09-02|532.7|534.84|516.05|519.11
2022-09-06|520.16|523.15|512.5289|518.9
2022-09-07|520|531.66|518.9|529.64
2022-09-08|524.33|533.0261|521.56|529.12
2022-09-09|532.12|538.06|529.53|536.58
2022-09-12|537.73|542.6|537|539.52
2022-09-13|530.79|532.24|508.6882|510.3
2022-09-14|513.86|514.01|503.1201|508
2022-09-15|508.4|509.055|500.53|503.5
2022-09-16|499.57|506.44|497.3|504.14
2022-09-19|502.16|506.71|498.89|506.57
2022-09-20|503|503.43|493.42|499.52
2022-09-21|502.5|506.43|493|493.07
2022-09-22|494|494|484.41|487.17
2022-09-23|478.94|482.32|463.53|466.4
2022-09-26|465.87|484.1096|465.21|480.3
2022-09-27|485.49|488.4|475.43|478.3
2022-09-28|481.53|491.55|474.19|488.29
2022-09-29|485.61|489.01|474.0663|478.98
2022-09-30|480.66|483.83|471.87|472.27
2022-10-03|474.5|480.84|470.4|477.73
2022-10-04|483.83|488.02|480.73|486.13
2022-10-05|481.3|483.87|474.8214|480.32
2022-10-06|483.45|493.88|481.92|482.49
2022-10-07|478.26|479.105|466.12|468.15
2022-10-10|469.69|470.25|461.61|466.31
2022-10-11|465|477.25|463.7|472.02
2022-10-12|474.32|479.74|466.3|466.38
2022-10-13|458.19|471.74|449.03|467.99
2022-10-14|472.03|473.39|453.79|454.65
2022-10-17|461.65|466.8799|460.48|464.17
2022-10-18|473.2|476.5205|468.83|473.27
2022-10-19|467.81|474.8667|466.95|471.43
2022-10-20|471|472.08|462.91|464.62
2022-10-21|463.71|479.57|462.28|478.18
2022-10-24|481.61|498|481.01|496.97
2022-10-25|493.32|500.19|490.5001|499.06
2022-10-26|498|507.42|495.69|499.45
2022-10-27|499.81|503.01|494.14|496.54
2022-10-28|497.3|512.82|495.97|510.87
2022-10-31|509.635|509.635|500.5|501.5
2022-11-01|503.7|507.3852|499.78|499.96
2022-11-02|497.8|503.235|483.27|483.51
2022-11-03|480.88|491.325|479.7126|486.29
2022-11-04|490.4|492.63|476.49|486.41
2022-11-07|477.05|490|474.5|488.55
2022-11-08|490.73|498.26|484.51|492.76
2022-11-09|491.9|497.58|486.8601|489.97
2022-11-10|504.95|514.85|501.4|513.13
2022-11-11|513.13|516.84|506.71|515.47
2022-11-14|515.77|520.6999|509.42|509.68
2022-11-15|520|529.8|520|526.47
2022-11-16|521.31|528.56|520.17|524.11
2022-11-17|519|521.79|512.96|521.32
2022-11-18|526.87|529.54|518.19|523.67
2022-11-21|525.74|527.28|522.08|523.37
2022-11-22|529.96|532.8|526.68|531.95
2022-11-23|534|536.8|530.4|534.49
2022-11-25|534.16|535.86|533.07|533.66
2022-11-28|530.89|536.2499|528.94|530.92
2022-11-29|531.04|533.72|528|528.96
2022-11-30|527.41|542.58|522.14|539.25
2022-12-01|519.14|519.14|495.6673|503.86
2022-12-02|498.52|498.97|492.11|494.53
2022-12-05|492.5|492.7|484.73|488.66
2022-12-06|490.66|491.47|477.17|481.16
2022-12-07|479.09|486.54|478.87|481.97
2022-12-08|482.9|483.33|473.5|481.42
2022-12-09|475.1|490.09|470.5|483.02
2022-12-12|482.73|487.82|480.67|487.68
2022-12-13|497.04|497.97|481.5501|488.2
2022-12-14|488.855|491.69|481.04|483.52
2022-12-15|475.34|476.6999|463.16|463.91
2022-12-16|461.26|464.79|456.88|461.45
2022-12-19|460.92|463.41|455.355|458.63
2022-12-20|456.56|460.25|452.53|457.82
2022-12-21|459.38|463.69|456.2|462.06
2022-12-22|458.65|460.4|453.39|458.71
2022-12-23|457.52|463.1799|454.8|462.65
2022-12-27|464.4|464.7|457.11|458.5
2022-12-28|457.54|460.46|452.8|452.99
2022-12-29|455.63|459|453.46|456.53
2022-12-30|454.65|456.7|450.75|456.5
2023-01-03|458|458.8|447.9|453.28
2023-01-04|457.18|459.51|452.59|456.56
2023-01-05|454.54|456.43|449.62|450.19
2023-01-06|463.08|484.42|462.22|482.87
2023-01-09|482.93|486.87|478.14|478.75
2023-01-10|477.14|482.09|475.48|481.4
2023-01-11|480.33|484.52|479.11|484.31
2023-01-12|484.99|485|478.75|482.43
2023-01-13|480.89|485.59|479|485.25
2023-01-17|485.13|490.48|484.365|486.77
2023-01-18|484.81|488.8143|478.52|479.47
2023-01-19|476.24|477.56|468.07|469.49
2023-01-20|473.92|480.32|469.47|480.11
2023-01-23|479.95|495.24|477.6|492.61
2023-01-24|492.05|493.6|487.01|492.11
2023-01-25|489.36|491.94|484.5|490.88
2023-01-26|493.2|498.67|491.7676|498.3
2023-01-27|499.76|509.1|497.86|503.29
2023-01-30|500.37|505.6|500.37|503.28
2023-01-31|503.23|511.41|502|511.14
2023-02-01|508.31|520.45|504.72|517.91
2023-02-02|524.29|530.05|520.64|523.43
2023-02-03|519.13|521.55|512.5001|514.8
2023-02-06|514.44|517.2219|512.265|515.59
2023-02-07|511.99|517.99|507.3935|516.53
2023-02-08|511.29|512.18|501.56|503.81
2023-02-09|505.29|509.16|498.42|500.63
2023-02-10|498.51|500.55|495.38|499.99
2023-02-13|501.74|506.785|501.35|506.45
2023-02-14|505.01|507.85|498.63|503.22
2023-02-15|502.73|511.42|501.34|511.28
2023-02-16|503.61|510.7299|503.6|504.1
2023-02-17|504.27|507.71|501.835|507.48
2023-02-21|500.82|503.99|496.55|501.74
2023-02-22|503.92|505.46|496.6|497.39
2023-02-23|498.8|498.855|487.86|493.14
2023-02-24|488.58|490.355|484.7|488.61
2023-02-27|492.55|492.9999|485.68|487.03
2023-02-28|485.6|488.88|483.78|484.18
2023-03-01|481.1|482.575|475.02|478.67
2023-03-02|477.36|487.43|475.5618|485.69
2023-03-03|474.83|476|465.33|475.26
2023-03-06|476.52|488.8174|475.52|483.08
2023-03-07|486.1|495.21|485|485.15
2023-03-08|483|486.88|481.1401|486.04
2023-03-09|487.48|490|478.62|479.52
2023-03-10|478.98|480.46|468.38|471.14
2023-03-13|466.8|476.69|466.8|472
2023-03-14|475.43|485.16|473|481.92
2023-03-15|481.51|487.02|478.54|485.66
2023-03-16|484.93|488.14|482.76|487.26
2023-03-17|489.07|489.9|481.51|487.05
2023-03-20|488|490.79|485.72|489.29
2023-03-21|493|493|485.99|490.85
2023-03-22|489.46|496.62|487.35|487.52
2023-03-23|490.69|493.25|484.29|487.76
2023-03-24|486.94|495.97|486.5558|495.27
2023-03-27|497.28|499.8577|492.51|493.22
2023-03-28|492.61|494.0624|485.41|486.77
2023-03-29|489.2|491.3|485.9|490.87
2023-03-30|493|495.7436|491|491.48
2023-03-31|495|498.36|493.94|496.87
2023-04-03|496.5|499.2|495|497.03
2023-04-04|496.5|502.5762|495.5|497.73
2023-04-05|499|504.13|495.155|497.13
2023-04-06|482|487.85|477.5|485.98
2023-04-10|483.9|493.9034|481.66|493.83
2023-04-11|493.83|499.99|493|498.65
2023-04-12|500|500.05|488.54|489.35
2023-04-13|493.49|498.44|490.31|497.89
2023-04-14|496.19|500.37|490.16|491.3
2023-04-17|492.77|497.89|491.15|493.94
2023-04-18|496.1|497.63|494.115|496.9
2023-04-19|497.13|497.99|493.83|496.03
2023-04-20|495.75|510.66|495.51|505.58
2023-04-21|509.37|510.64|505.46|506.35
2023-04-24|506.1|511.69|505.81|511.42
2023-04-25|511.13|513.13|502.26|503.17
2023-04-26|500.42|502.87|493.39|494.66
2023-04-27|494.83|502.26|494.83|501.27
2023-04-28|501.56|504.83|500.64|503.22
2023-05-01|499.15|500.05|488.8|493.59
2023-05-02|495|495.68|489.81|494.81
2023-05-03|496.6|498.78|489.6615|490.06
2023-05-04|488.94|490.91|485.93|490.34
2023-05-05|493.2|499.4|492.98|499.06
2023-05-08|497.37|500.2499|495.7|499.06
2023-05-09|496.96|501.74|496.39|500.79
2023-05-10|501.95|504.9731|495.1|499.66
2023-05-11|499.51|503|497.55|501.89
2023-05-12|503.17|506.03|501.2|504.07
2023-05-15|504.01|504.995|498.86|502.04
2023-05-16|500|500.29|494.3|496.15
2023-05-17|498|498.01|491.895|495
2023-05-18|495|498.6|494.08|498.1
2023-05-19|499.39|499.39|493.92|496.52
2023-05-22|497|497|488.54|491.87
2023-05-23|487.17|487.17|482.97|484.87
2023-05-24|487.25|487.25|480.91|482.76
2023-05-25|480.21|488.5399|476.75|486.55
2023-05-26|485.65|510.75|484.12|507.26
2023-05-30|509.785|514.795|501.59|508.03
2023-05-31|508.86|513.865|504.95|511.56
2023-06-01|509.33|513.74|502.1|512.6
2023-06-02|510.32|518.5|509.4|512.59
2023-06-05|512.59|518.915|512.02|518.25
2023-06-06|518.25|518.63|512.76|516.26
2023-06-07|514.51|519.29|510.57|511.23
2023-06-08|512.5|520.2876|512.5|520.09
2023-06-09|518.19|522.06|515.5|517.28
2023-06-12|517.28|521.27|516|520.97
2023-06-13|522.02|522.95|517.91|522.02
2023-06-14|525|527.8541|523.14|527.2
2023-06-15|529|531.26|526.66|529.18
2023-06-16|530.1|530.42|522.63|523.65
2023-06-20|521.95|522.9|518.14|519.7
2023-06-21|517.91|521.64|516.54|519.62
2023-06-22|520.69|524.68|519.68|524.2
2023-06-23|523.13|525.4|519.34|524.44
2023-06-26|524.4|524.87|521.26|523.42
2023-06-27|522.65|532.41|522.1|530.33
2023-06-28|528.98|533.49|528.61|532.8
2023-06-29|530.58|532.4475|528.95|531.69
2023-06-30|534.17|539.56|533.63|538.38
2023-07-03|537.25|541.08|534.34|541.04
2023-07-05|541.22|546.05|537.5|541.13
2023-07-06|538.88|540.3|536.58|537.37
2023-07-07|533.89|536.46|524.63|525.05
2023-07-10|525.06|531.15|525.06|527.01
2023-07-11|527.5|530.76|526.1504|529.64
2023-07-12|532|540.11|531.11|538
2023-07-13|537.8|539.12|532.785|538.45
2023-07-14|538.71|546.86|538.1|546.7
2023-07-17|546.18|554.21|546.1|552.96
2023-07-18|552.67|555|549.39|553.59
2023-07-19|554.48|555.886|552.0201|554.11
2023-07-20|553.81|561.065|553.71|556.96
2023-07-21|559.17|562.05|557.45|557.86
2023-07-24|558|566.57|555.875|563.93
2023-07-25|566.77|567.549|564.3|565.19
2023-07-26|565.51|568.025|563.42|566.17
2023-07-27|567.72|571.16|560.6|561.83
2023-07-28|564.58|567.81|562.62|563.32
2023-07-31|563|564.2908|559.05|560.67
2023-08-01|560.63|562.8799|554.54|555.47
2023-08-02|552.26|556.632|551.0171|552.35
2023-08-03|553.53|560.35|552.22|557.69
2023-08-04|561.07|561.29|551.41|552.04
2023-08-07|554.99|559.56|554.99|558.41
2023-08-08|558|558.895|551.84|556.12
2023-08-09|557.98|562.09|556.81|559.7
2023-08-10|563.2|569.21|560.7|561.49
2023-08-11|560.35|564.9999|559.033|562.96
2023-08-14|564.77|567.71|560.44|561.47
2023-08-15|561.05|565.16|558.2|558.51
2023-08-16|561.7|564.95|558.72|559.05
2023-08-17|559.47|560.42|545.08|547.11
2023-08-18|546.92|549.47|543.11|544.94
2023-08-21|543.86|545.15|536.3|543.21
2023-08-22|541.96|541.96|537.5|538.37
2023-08-23|538.96|541.17|536.24|540.86
2023-08-24|539.29|541|530.82|531.71
2023-08-25|532.91|535.785|530.56|534.01
2023-08-28|536|537.04|533.12|536.19
2023-08-29|534.34|543.07|534.34|542.77
2023-08-30|542.73|544.4234|539.31|542.26
2023-08-31|540|552.2|540|549.28
2023-09-01|553.07|553.48|540.64|544.25
2023-09-05|545.73|549.19|544|544.73
2023-09-06|541.72|548.68|540.18|546.69
2023-09-07|548.65|550.99|544.285|548.62
2023-09-08|549.07|552.3799|548.1|551.19
2023-09-11|552.81|559.39|551.86|558.78
2023-09-12|559.28|560.4|556.18|558.79
2023-09-13|558.3|560.4439|554.615|559.76
2023-09-14|564.81|566.6993|560.25|564.77
2023-09-15|565.33|565.51|555.54|556.36
2023-09-18|558.18|564.19|557.465|562.72
2023-09-19|561.64|565.33|559.43|564.35
2023-09-20|564.35|569.2189|562.66|563.83
2023-09-21|564.07|564.57|554.28|555.08
2023-09-22|555.16|562.97|554.78|558.59
2023-09-25|559.49|561.27|554.735|558.62
2023-09-26|559.15|561.37|552|552.96
2023-09-27|547.38|566.5|544.73|563.53
2023-09-28|564.07|572.18|564.07|568.63
2023-09-29|570|570.99|560.7|564.96
2023-10-02|567.91|571.74|564|571.31
2023-10-03|571.1|576.1948|563.01|565.04
2023-10-04|569.49|572.61|563.7601|571.8
2023-10-05|572.17|574.75|564.355|569.52
2023-10-06|566.09|566.95|542.63|557.53
2023-10-09|555|559.75|549.78|558.97
2023-10-10|559.92|566.95|557.24|562.09
2023-10-11|564.85|566.5|560.2|565.52
2023-10-12|568.05|569.14|562.38|563.78
2023-10-13|563.85|567.44|561.98|566.84
2023-10-16|569.69|574.0966|568.52|572.24
2023-10-17|571.94|576.06|570.71|574.34
2023-10-18|573.915|577.3|572|574.64
2023-10-19|573.7|575.85|564.11|565.63
2023-10-20|566.54|566.67|552.01|552.93
2023-10-23|554.14|556.925|546.63|552.29
2023-10-24|552.1|555.99|549.325|551.84
2023-10-25|548.55|553.83|545.61|549.99
2023-10-26|549.65|554.66|545.5301|547.6
2023-10-27|547.6|548.03|540.23|543.03
2023-10-30|545.74|556.36|543.64|554.88
2023-10-31|552.16|554.03|549.063|552.44
2023-11-01|555|558.44|549.65|556.8
2023-11-02|556.5|559.51|552.01|555.97
2023-11-03|557.33|562.99|555.23|560.9
2023-11-06|560.49|572.65|560.13|569.82
2023-11-07|572.5|573.89|569.5575|571.27
2023-11-08|572.12|572.99|564.295|567.38
2023-11-09|569|569|562.01|563.27
2023-11-10|567.9|577.885|564.94|577.12
2023-11-13|575|579.95|573.485|578.23
2023-11-14|581.74|591.55|581.21|590.8
2023-11-15|593.99|599.89|593.39|596.78
2023-11-16|586.38|586.585|572.24|578.58
2023-11-17|578.9|579.92|574.06|577.15
2023-11-20|577.34|582.32|577.34|580.8
2023-11-21|582|584.95|577.71|584.3
2023-11-22|586.85|591.1424|586.3451|589.08
2023-11-24|591.02|594.195|590.41|591.36
2023-11-27|592.52|599.94|592.4125|594.9
2023-11-28|593.19|597.42|591.4239|594
2023-11-29|595.2|595.21|587.42|587.86
2023-11-30|587.83|593.07|582.825|592.74
2023-12-01|593.28|596.35|590.59|596.25
2023-12-04|592.15|599.53|591.46|599.08
2023-12-05|598.53|608.88|597.03|605.35
2023-12-06|605.5|608.482|603.86|607.43
2023-12-07|610|612.35|606.35|610.95
2023-12-08|608.6|613.61|607.73|610.78
2023-12-11|621.97|625.03|618.7601|623.86
2023-12-12|627.44|629.69|623.21|629.5
2023-12-13|633.92|642.595|631|642
2023-12-14|641.18|641.9|630.3|630.78
2023-12-15|641.5|661.88|640.5|658.82
2023-12-18|664.5|681.91|661.1|681.24
2023-12-19|675|680.7979|669.12|677.74
2023-12-20|671.79|674.35|660.8|661
2023-12-21|665.86|667.34|659.45|665.16
2023-12-22|668|673.2733|666|671.6
2023-12-26|673.01|675.86|670.78|674.62
2023-12-27|662.7|668.58|660.4|666.8
2023-12-28|665.85|666.86|661.5901|663.1
2023-12-29|661|663.185|657.16|660.08
2024-01-02|655.58|657.8|649.5|650.65
2024-01-03|651.21|655.45|643.1|644.69
2024-01-04|642.08|649.9|640.5101|648.35
2024-01-05|656.18|659.65|652.24|656.01
2024-01-08|655.81|662.08|654.0338|661.69