2018-08-01|55.48|55.72|54.84|55.28
2018-08-02|54.2|55.72|54.0212|55.6
2018-08-03|55.64|56.2736|55.52|55.92
2018-08-06|56.16|57.08|56.04|56.96
2018-08-07|57.4|57.76|57.28|57.64
2018-08-08|57.64|58.2736|57.4404|58.04
2018-08-09|58.12|58.4|57.6|57.64
2018-08-10|56.36|56.8|55.56|56.2
2018-08-13|55.88|56.84|54.48|54.52
2018-08-14|55.04|55.96|54.6404|55.92
2018-08-15|54.48|54.56|52.24|54.12
2018-08-16|55.2|56.12|55.16|55.64
2018-08-17|55.4|56.56|55.08|56.44
2018-08-20|57.04|57.2|56.76|56.96
2018-08-21|57.16|57.36|56.32|56.36
2018-08-22|56.4|56.956|56.36|56.72
2018-08-23|57.04|57.28|56.36|56.84
2018-08-24|57.2|57.48|56.92|57
2018-08-27|57.48|57.48|56.92|56.96
2018-08-28|57.24|57.2532|56.62|56.88
2018-08-29|56.92|57.2796|56.66|56.92
2018-08-30|56.92|57.2|55.84|56.32
2018-08-31|56.04|56.892|55.92|56.68
2018-09-04|56.52|56.64|55.68|56.64
2018-09-05|56.24|56.48|55.52|56.24
2018-09-06|56.28|56.4|54.84|55.48
2018-09-07|54.84|55.5136|54.52|54.92
2018-09-10|55.56|55.9596|55.4004|55.72
2018-09-11|55.44|56.68|55.2064|56.64
2018-09-12|56.68|57.14|56.5112|56.92
2018-09-13|57.56|57.84|57.52|57.8
2018-09-14|57.88|58.4|57.62|58.36
2018-09-17|58.4|58.48|57.4|57.48
2018-09-18|57.66|58.15|57.35|57.35
2018-09-19|58.38|58.82|58.37|58.58
2018-09-20|58.99|59.29|58.86|59.25
2018-09-21|59.08|59.46|58.89|58.95
2018-09-24|58.84|59.08|58.25|59.02
2018-09-25|59.35|59.47|58.59|58.69
2018-09-26|59.05|59.37|58.16|58.39
2018-09-27|58.76|59.1285|58.6701|58.81
2018-09-28|58.6|59.09|58.43|59.09
2018-10-01|59.8|59.89|58.9|59.3
2018-10-02|59.25|59.61|58.96|59.24
2018-10-03|59.69|59.71|59.1|59.5
2018-10-04|58.97|58.98|56.46|57.7
2018-10-05|57.98|58.52|55.42|57.02
2018-10-08|56.35|57|54.9|56.76
2018-10-09|56.09|57.12|55.66|56.32
2018-10-10|55.86|55.86|51.55|51.64
2018-10-11|51.8399|52.49|48.12|49.26
2018-10-12|51.92|51.99|49.05|51.5
2018-10-15|50.92|51.77|50.21|51.09
2018-10-16|51.95|52.98|51.62|52.93
2018-10-17|53.02|53.02|51.09|52.64
2018-10-18|52.29|52.29|49.82|50.78
2018-10-19|51|51.69|50.2|51.04
2018-10-22|51.21|51.2915|49.73|50.84
2018-10-23|48.63|50.37|47.921|49.89
2018-10-24|50.13|50.2|47.34|47.55
2018-10-25|48.17|48.94|47.45|48.47
2018-10-26|46.95|47.93|46.0968|47.07
2018-10-29|48|48.37|45.8|46.99
2018-10-30|46.81|47.925|46.58|47.82
2018-10-31|48.3301|48.98|47.98|48.59
2018-11-01|48.54|49.41|48.15|49.38
2018-11-02|49.8|50.15|48.2|49.18
2018-11-05|49.12|49.68|48.94|49.4
2018-11-06|49.44|50.24|49.36|50.24
2018-11-07|51.2|52.1131|51.1799|52.1
2018-11-08|52.06|52.87|51.84|52.43
2018-11-09|51.81|51.97|50.72|51.43
2018-11-12|51.4|51.5|49.19|49.39
2018-11-13|49.32|49.84|48.49|49.13
2018-11-14|49.64|49.72|47.81|48.53
2018-11-15|48.09|48.95|47.47|48.8
2018-11-16|48.33|50.01|48.12|49.93
2018-11-19|49.95|50.1|48.26|48.7
2018-11-20|46.91|47.46|46.4|47.05
2018-11-21|47.6|47.95|47.29|47.61
2018-11-23|47.2|47.6899|46.99|47.44
2018-11-26|47.96|48.7884|47.95|48.75
2018-11-27|48.53|49.31|48.26|49.24
2018-11-28|49.57|50.14|48.97|49.93
2018-11-29|49.51|49.84|48.55|49.46
2018-11-30|49.29|50.31|49.17|50.11
2018-12-03|52|52.11|51.24|51.56
2018-12-04|51.3|51.8|47.67|48.31
2018-12-06|46.14|47.73|44.97|47.62
2018-12-07|47.59|48.08|45.48|45.91
2018-12-10|45.9|46.35|44.74|46.06
2018-12-11|46.9|46.94|45.37|46.13
2018-12-12|46.83|47.1|46.32|46.33
2018-12-13|46.71|46.97|46.17|46.68
2018-12-14|46.17|46.46|45.59|45.95
2018-12-17|45.58|45.9|44.154|44.6
2018-12-18|45.05|45.1|43.91|44.5
2018-12-19|44.57|45.67|43.94|44.63
2018-12-20|44.04|44.43|42.8|43.54
2018-12-21|43.47|43.82|42.08|42.42
2018-12-24|42.15|42.23|41.3|41.3
2018-12-26|41.46|42.43|40.92|42.35
2018-12-27|41.17|41.7|40.12|41.55
2018-12-28|41.53|42.1|40.88|41.54
2018-12-31|42.11|42.37|41.85|42.3
2019-01-02|41.65|43.06|41.5|42.99
2019-01-03|42.52|42.5991|41.49|41.92
2019-01-04|42.82|43.7|42.7|43.66
2019-01-07|43.83|44.4025|43.5|44.11
2019-01-08|44.5249|44.65|43.76|44.58
2019-01-09|44.78|45.37|44.59|45.07
2019-01-10|44.76|45.34|44.42|45.32
2019-01-11|45.03|46.1|44.94|46.07
2019-01-14|45.49|46.35|45.4|45.99
2019-01-15|46.1|47.04|46.1|47.03
2019-01-16|47.25|47.36|46.58|46.59
2019-01-17|46.44|47.185|46.41|46.81
2019-01-18|47.51|47.84|47.13|47.57
2019-01-22|47.16|47.19|44.97|45.53
2019-01-23|45.62|45.69|44.09|45.45
2019-01-24|45.4|46.24|45.11|46.2
2019-01-25|46.78|47.16|46.6|47.07
2019-01-28|46.26|46.26|45.34|46.09
2019-01-29|46.41|46.57|45.81|46.15
2019-01-30|46.53|47.26|46.14|47.21
2019-01-31|47.24|48.23|47.24|48.19
2019-02-01|48.27|48.59|48.0799|48.43
2019-02-04|48.55|49.32|48.4|49.23
2019-02-05|49.44|49.96|49.21|49.38
2019-02-06|49.63|49.84|49.26|49.55
2019-02-07|48.84|49.18|47.72|48.75
2019-02-08|48.16|49.05|47.93|49.01
2019-02-11|49.36|49.52|48.91|49.29
2019-02-12|49.85|50.01|49.57|49.7
2019-02-13|49.92|50.03|49.4984|49.79
2019-02-14|49.21|49.8|48.76|49.33
2019-02-15|49.81|50.22|49.62|50.17
2019-02-19|49.72|50.44|49.64|50.11
2019-02-20|50.3|51.14|50.28|51.1
2019-02-21|51.03|51.45|50.36|50.79
2019-02-22|51.21|51.7901|51.14|51.73
2019-02-25|52.4|52.6|51.23|51.26
2019-02-26|50.8921|51.46|50.72|51.03
2019-02-27|50.78|51.22|50.09|50.99
2019-02-28|50.98|51.52|50.92|51.04
2019-03-01|51.7|52.22|51.22|52.18
2019-03-04|52.52|52.82|50.17|51.54
2019-03-05|51.65|51.75|50.99|51.4
2019-03-06|51.4|51.42|50.49|50.64
2019-03-07|50.36|50.41|49.19|49.72
2019-03-08|48.92|49.575|48.52|49.57
2019-03-11|50.04|51.48|50.04|51.4
2019-03-12|51.65|52.15|51.53|52.13
2019-03-13|52.29|52.6263|52.15|52.38
2019-03-14|52.39|52.91|52.33|52.81
2019-03-15|52.96|53.65|52.86|53.32
2019-03-18|53.12|53.46|52.67|53.24
2019-03-19|53.66|53.73|52.62|53
2019-03-20|53.03|53.6|52.43|52.77
2019-03-21|52.38|53.41|52.36|53.11
2019-03-22|52.52|52.8|49.83|50.03
2019-03-25|50.09|50.57|49.33|50.02
2019-03-26|51|51.54|50.74|51.39
2019-03-27|51.49|51.62|49.94|51.02
2019-03-28|51.18|51.63|50.81|51.54
2019-03-29|52.02|52.42|51.86|52.36
2019-04-01|52.64|52.89|52.42|52.81
2019-04-02|52.73|53|52.58|52.89
2019-04-03|53.34|53.37|52.31|52.7
2019-04-04|52.86|53.14|52.5|52.93
2019-04-05|53.31|53.52|53.12|53.5
2019-04-08|53.44|53.7|53.23|53.64
2019-04-09|53.25|53.42|52.51|52.68
2019-04-10|52.9|53.44|52.73|53.39
2019-04-11|53.77|54.01|53.59|53.94
2019-04-12|54.51|55.24|54.46|55.15
2019-04-15|55.58|55.61|54.39|55.5
2019-04-16|55.67|56.01|55.5|55.65
2019-04-17|56.15|56.2|55.01|55.52
2019-04-18|55.59|55.99|55.04|55.96
2019-04-22|55.64|56.225|55.42|56.2
2019-04-23|56.37|56.64|56.23|56.4
2019-04-24|56.4|56.45|55.71|55.74
2019-04-25|55.4|55.75|54.35|55.17
2019-04-26|55.45|56.13|55.02|56.12
2019-04-29|55.93|56.17|55.66|55.68
2019-04-30|55.77|55.86|54.9|55.66
2019-05-01|55.97|56.15|54.59|54.59
2019-05-02|54.87|54.99|53.5029|54.52
2019-05-03|55.3|56|55.23|55.86
2019-05-06|53.06|54.5|52.78|54.27
2019-05-07|52.71|52.98|49.09|49.81
2019-05-08|50.32|51.4323|49.81|50.52
2019-05-09|49.14|50.71|48.3724|50.63
2019-05-10|50.39|52.62|49.74|52.62
2019-05-13|49.3|50.17|48.5|48.72
2019-05-14|49.59|50.31|49.4199|49.96
2019-05-15|49.3|51.12|49.14|51.02
2019-05-16|51.25|52.33|51.25|52.14
2019-05-17|51.12|52.48|51.109|51.76
2019-05-20|51.12|51.87|50.62|51.42
2019-05-21|52.27|52.78|52.2015|52.65
2019-05-22|52.56|53.2|52.4901|52.98
2019-05-23|51.94|51.97|50.7165|51.14
2019-05-24|51.94|52.18|51.36|51.72
2019-05-28|51.93|52.3|50.92|50.92
2019-05-29|50.35|50.85|49.93|50.4
2019-05-30|50.99|51.25|50.39|50.91
2019-05-31|49.71|50.34|49.49|49.82
2019-06-03|49.91|50.38|49.08|49.65
2019-06-04|50.4|51.06|50.05|51.02
2019-06-05|51.28|51.69|50.79|51.59
2019-06-06|51.78|52.1815|51.49|52.1
2019-06-07|52.19|52.35|51.84|51.88
2019-06-10|52.25|52.33|51.79|52.17
2019-06-11|52.64|52.67|51.68|52.04
2019-06-12|51.91|52.28|51.69|52.18
2019-06-13|52.48|52.6|52.07|52.34
2019-06-14|52.19|52.63|51.93|52.56
2019-06-17|52.65|53.01|52.55|52.9
2019-06-18|53.34|53.55|52.95|53.04
2019-06-19|53.34|54.04|52.98|53.94
2019-06-20|54.43|54.67|53.04|53.84
2019-06-21|53.68|54.01|53.1|53.21
2019-06-24|53.45|53.71|53.33|53.55
2019-06-25|53.54|53.54|52.66|52.75
2019-06-26|53.3|53.44|52.8|52.97
2019-06-27|53.2|53.64|53.06|53.42
2019-06-28|53.71|54.01|53.55|53.87
2019-07-01|55.46|55.49|54.82|55.36
2019-07-02|55.35|56.44|55.32|56.33
2019-07-03|56.35|56.65|56.12|56.57
2019-07-05|55.99|56.57|55.12|56.4
2019-07-08|55.78|56.09|55.43|55.62
2019-07-09|54.94|55.6984|54.84|55.57
2019-07-10|56.02|56.53|55.97|56.35
2019-07-11|56.84|57.1|56.42|56.88
2019-07-12|57.13|57.45|56.9|57.38
2019-07-15|57.55|57.64|57.24|57.42
2019-07-16|57.63|58.03|57.25|57.31
2019-07-17|57.71|57.83|56.67|56.67
2019-07-18|56.69|57.42|56.25|56.89
2019-07-19|57.49|57.6|56.56|56.58
2019-07-22|56.63|57.33|56.47|57.07
2019-07-23|57.635|58.2|57.1899|58.17
2019-07-24|57.89|59.07|57.83|58.91
2019-07-25|58.7|58.7|57.48|57.97
2019-07-26|58.57|59|58.52|58.76
2019-07-29|58.79|58.83|58.28|58.49
2019-07-30|57.91|58.33|57.64|57.76
2019-07-31|57.82|58.3|55.23|56.19
2019-08-01|56.14|57.3849|53.18|53.96
2019-08-02|53.99|54.17|52.68|53.76
2019-08-05|51.73|52.03|49.58|49.95
2019-08-06|50.61|51.21|49.43|51.16
2019-08-07|49.5|51.26|48.93|51.15
2019-08-08|51.67|52.78|51.33|52.61
2019-08-09|52.19|52.45|51.14|51.69
2019-08-12|51.32|51.39|49.71|49.93
2019-08-13|49.36|51.6099|49.34|51.56
2019-08-14|49.79|50.28|47.89|47.89
2019-08-15|48.74|48.93|47.62|48.68
2019-08-16|49.16|50.095|49.09|49.96
2019-08-19|51.13|51.95|50.98|51.9
2019-08-20|51.72|51.86|51.09|51.18
2019-08-21|52.28|52.59|52.09|52.56
2019-08-22|52.7|52.7707|51.31|52
2019-08-23|51.21|52.31|48.3|48.84
2019-08-26|50.15|50.1599|48.89|49.55
2019-08-27|50.08|50.13|48.4921|49.12
2019-08-28|48.57|49.68|48.19|49.64
2019-08-29|50.41|50.9453|50.18|50.69
2019-08-30|51.19|51.2065|49.96|50.61
2019-09-03|49.64|50.06|49.21|49.44
2019-09-04|50.43|51.03|50.01|50.94
2019-09-05|51.65|52.27|51.59|52.02
2019-09-06|52.35|52.875|52.14|52.76
2019-09-09|53.22|53.26|52.29|52.91
2019-09-10|52.6|53.11|52.22|53.01
2019-09-11|53.06|53.65|53.01|53.41
2019-09-12|54|54.45|53.64|54.08
2019-09-13|54.49|54.86|54.27|54.45
2019-09-16|54.02|54.61|53.86|54.09
2019-09-17|54.01|54.29|53.76|54.27
2019-09-18|54.52|55.19|53.8|55.14
2019-09-19|55.55|56.05|55.4|55.57
2019-09-20|55.88|56.01|53.93|54.13
2019-09-23|54.1|54.81|53.965|54.31
2019-09-24|55.13|55.13|52.84|53.06
2019-09-25|53|53.89|52.1689|53.61
2019-09-26|53.68|53.735|52.9|53.43
2019-09-27|53.79|53.91|51.95|52.72
2019-09-30|52.98|53.755|52.97|53.41
2019-10-01|54.15|54.24|52.1813|52.26
2019-10-02|51.54|51.54|50.13|50.4
2019-10-03|50.53|51.41|49.83|51.37
2019-10-04|51.61|52.82|51.6|52.82
2019-10-07|52.36|53.15|52.16|52.51
2019-10-08|51.56|51.87|50.41|50.45
2019-10-09|51.18|51.87|50.86|50.99
2019-10-10|51.33|52.32|51.24|52.19
2019-10-11|53.09|54.19|52.9|53.82
2019-10-14|53.67|54.6984|53.67|54.68
2019-10-15|55.15|55.76|55.15|55.25
2019-10-16|55.42|55.75|55.11|55.73
2019-10-17|56|56.28|55.69|55.85
2019-10-18|55.73|56.16|55.22|55.89
2019-10-21|56.14|56.66|56.14|56.66
2019-10-22|56.82|56.99|56.14|56.19
2019-10-23|56|56.55|55.95|56.55
2019-10-24|56.8|56.96|56.26|56.92
2019-10-25|56.75|57.85|56.75|57.83
2019-10-28|57.98|58.04|57.47|57.57
2019-10-29|57.25|57.79|57.16|57.58
2019-10-30|57.6|58.3507|56.88|58.3
2019-10-31|57.98|58.17|57.19|57.76
2019-11-01|58.76|59.235|58.61|59.18
2019-11-04|59.63|59.69|58.88|59.09
2019-11-05|58.95|59.03|58.46|58.47
2019-11-06|58.58|58.7|58.03|58.61
2019-11-07|59.19|59.26|58.67|58.91
2019-11-08|58.75|59.55|58.52|59.44
2019-11-11|58.88|59.9|58.83|59.56
2019-11-12|59.85|60.22|59.69|59.92
2019-11-13|59.65|60.08|59.51|59.78
2019-11-14|59.74|60.225|59.43|60.18
2019-11-15|60.75|61.569|60.6|61.56
2019-11-18|61.56|61.81|61.28|61.56
2019-11-19|61.81|61.86|61.1|61.24
2019-11-20|61.15|61.58|59.84|60.97
2019-11-21|61.17|61.22|60.28|60.88
2019-11-22|61.35|61.81|61.03|61.8
2019-11-25|62.73|63.23|62.47|63.1
2019-11-26|63.33|63.74|63.16|63.61
2019-11-27|63.82|63.93|63.69|63.7
2019-11-29|63.43|63.56|63.02|63.05
2019-12-02|63.15|63.18|60.95|61.55
2019-12-03|59.06|59.74|58.48|59.15
2019-12-04|60.53|61.3327|60.29|60.98
2019-12-05|61.45|61.49|60.43|61.38
2019-12-06|62.57|62.72|62.04|62.52
2019-12-09|62.34|62.46|60.81|60.85
2019-12-10|60.86|61.3601|60.18|60.76
2019-12-11|61.08|61.66|60.88|61.4
2019-12-12|61.56|63.32|61.3381|63.19
2019-12-13|62.98|64.6403|62.66|64.6
2019-12-16|65.6165|65.96|65.27|65.33
2019-12-17|65.63|65.76|65.108|65.52
2019-12-18|65.92|65.97|65.16|65.16
2019-12-19|65.31|66.02|65.18|66.02
2019-12-20|66.11|66.19|65.49|65.49
2019-12-23|65.66|65.74|65.4|65.43
2019-12-24|65.62|65.91|65.46|65.83
2019-12-26|66.13|66.16|65.8|65.83
2019-12-27|66|66|64.81|65.08
2019-12-30|64.87|64.89|63.58|63.93
2019-12-31|63.57|65.4103|63.44|65.23
2020-01-02|66.17|66.6602|65.47|66.65
2020-01-03|63.91|65.61|63.8138|64.94
2020-01-06|63.86|65.26|63.78|65.25
2020-01-07|65.11|65.79|64.71|65.44
2020-01-08|65.74|66.93|65.5|66.08
2020-01-09|66.82|67.3049|66.54|67.28
2020-01-10|67.35|67.81|67.06|67.43
2020-01-13|67.77|68.34|67.49|68.17
2020-01-14|68.23|68.89|67.93|68.47
2020-01-15|68.56|68.91|68.42|68.62
2020-01-16|69.09|69.5|69.06|69.47
2020-01-17|69.45|69.52|68.69|69.29
2020-01-21|68.88|69.79|68.85|69.07
2020-01-22|69.65|69.69|68.38|68.38
2020-01-23|68.3|69.01|67.68|68.91
2020-01-24|69.46|69.57|66.2|66.97
2020-01-27|64.08|64.88|63.41|63.41
2020-01-28|64.24|65.412|64.01|65.28
2020-01-29|65.88|66.16|64.72|65.19
2020-01-30|63.96|65.76|63.27|65.76
2020-01-31|64.89|65.03|60.9|61.94
2020-02-03|62.92|64|62.4983|63.23
2020-02-04|64.67|65.3|64.49|64.88
2020-02-05|66.04|66.23|65.08|66.23
2020-02-06|66.51|66.68|65.84|66.53
2020-02-07|65.57|66.36|65.15|65.98
2020-02-10|65.6|66.6|65.55|66.38
2020-02-11|67.01|67.18|66.31|66.41
2020-02-12|67.07|68.16|66.87|68.07
2020-02-13|66.93|67.8|66.72|67.38
2020-02-14|67.72|67.94|67.1|67.84
2020-02-18|67.26|67.69|66.54|67.1
2020-02-19|67.79|68|67.445|67.66
2020-02-20|67.5|67.8|65.3|66.45
2020-02-21|65.43|65.71|63.4799|64.38
2020-02-24|59.46|61.23|58.19|58.27
2020-02-25|59.58|59.76|54.84|55.63
2020-02-26|56.64|57.61|55.3|56.39
2020-02-27|53.9|54.63|51.91|51.94
2020-02-28|48.91|50.98|48.31|50.74
2020-03-02|51.4365|51.87|49.9301|51.77
2020-03-03|51.8|52.83|48.23|48.86
2020-03-04|49.95|50.61|49.08|50.21
2020-03-05|48.08|48.64|45.375|46.31
2020-03-06|42.12|44.25|41.255|43.87
2020-03-09|35.82|39.77|35.56|38.42
2020-03-10|40.87|40.96|38.55|40.31
2020-03-11|38.69|38.9|37.09|37.78
2020-03-12|34.43|36.3|32.595|33.3
2020-03-13|35.57|35.62|32.73|35.08
2020-03-16|30.42|31.7|27.51|28.23
2020-03-17|29.2|29.93|27.88|28.89
2020-03-18|27.1|28.04|24.02|26.27
2020-03-19|25.61|28.82|24.91|27.69
2020-03-20|28.29|29.73|27.54|28.11
2020-03-23|29.04|30.67|28.2|30.25
2020-03-24|32.9|33.6399|31.05|31.32
2020-03-25|30.96|31.06|29.4|30.13
2020-03-26|30.45|31.59|30.35|31.35
2020-03-27|29.72|30.55|29.72|29.85
2020-03-30|29.8|30.35|29.33|30.25
2020-03-31|30.17|31.26|30.08|31.01
2020-04-01|29.94|30.7201|29.44|29.7
2020-04-02|29.88|30.54|29.61|30.46
2020-04-03|30.61|31.25|30.29|31.11
2020-04-06|32.21|32.445|31.91|32.23
2020-04-07|32.7|32.76|31.65|31.73
2020-04-08|31.83|32.24|31.59|32.06
2020-04-09|32.1|32.44|31.88|32.35
2020-04-13|32.42|32.74|32.03|32.7
2020-04-14|33.68|34.2|33.53|34.07
2020-04-15|32.83|33.12|32.15|32.55
2020-04-16|32.43|32.58|31.96|32.47
2020-04-17|33.07|33.2|32.58|33.16
2020-04-20|32.18|32.63|31.39|31.41
2020-04-21|30.26|30.37|29.5|30.14
2020-04-22|30.61|30.99|30.4|30.86
2020-04-23|31.05|31.35|30.6|30.89
2020-04-24|31.19|31.79|30.98|31.73
2020-04-27|32.23|33.16|32.18|32.97
2020-04-28|33.46|33.58|32.46|32.64
2020-04-29|33.59|34.03|33.5401|33.69
2020-04-30|33.29|33.291|32.47|33.12
2020-05-01|31.72|32.0334|31.265|31.61
2020-05-04|31.1|31.99|30.93|31.93
2020-05-05|32.53|33.03|32.48|32.6
2020-05-06|32.86|32.99|32.32|32.32
2020-05-07|32.91|33.195|32.815|33.05
2020-05-08|33.52|34.21|33.3977|34.21
2020-05-11|33.72|35.39|33.66|35.35
2020-05-12|35.87|35.97|33.5|33.5
2020-05-13|33.17|33.49|31.055|31.71
2020-05-14|30.97|32.54|30.44|32.54
2020-05-15|31.75|32.96|31.4985|32.96
2020-05-18|34.03|34.195|33.71|33.99
2020-05-19|33.86|34.27|33.06|33.06
2020-05-20|33.86|34.14|33.51|34.07
2020-05-21|34.15|34.3|33.28|33.7
2020-05-22|33.52|33.85|33.25|33.8
2020-05-26|34.59|34.62|33.89|33.98
2020-05-27|34.46|34.48|33.26|34.38
2020-05-28|34.25|34.36|33.4909|33.67
2020-05-29|33.57|34.32|33.28|34.32
2020-06-01|33.86|34.29|33.77|34.15
2020-06-02|34.25|34.66|34.06|34.62
2020-06-03|35|35.48|34.89|35.41
2020-06-04|35.3|36.05|35.12|35.54
2020-06-05|36.6299|36.69|36.26|36.48
2020-06-08|36.52|36.61|35.88|36.07
2020-06-09|35.54|35.665|35.03|35.17
2020-06-10|35.02|35.91|34.69|35.26
2020-06-11|33.28|34.09|28.95|29.29
2020-06-12|29.94|30.27|27.79|29.8
2020-06-15|28.4|30.3296|27.86|30.2
2020-06-16|31.18|31.29|29.64|30.54
2020-06-17|30.66|30.7|30.03|30.51
2020-06-18|30.23|30.76|30.07|30.76
2020-06-19|31.13|31.24|29.99|30.51
2020-06-22|30.37|31.2|30.17|31.19
2020-06-23|31.86|31.88|31.285|31.4
2020-06-24|30.85|31.28|29.64|30.33
2020-06-25|30.12|30.98|29.8|30.96
2020-06-26|30.92|30.9599|29.815|30.03
2020-06-29|30.24|30.72|29.75|30.71
2020-06-30|30.56|31.6|30.5185|31.5
2020-07-01|31.74|32.05|31.47|31.96
2020-07-02|32.61|32.85|32.09|32.24
2020-07-06|32.76|32.76|32.03|32.2
2020-07-07|32.08|32.52|31.6099|31.65
2020-07-08|31.93|32.09|31.39|32.06
2020-07-09|32.06|32.15|31.08|31.79
2020-07-10|31.68|32.22|31.36|32.21
2020-07-13|32.42|32.42|30.61|30.68
2020-07-14|30.69|31.6|30.36|31.58
2020-07-15|32.05|32.08|31.36|32.02
2020-07-16|31.65|32.35|31.6294|32.29
2020-07-17|32.43|32.87|32.2805|32.85
2020-07-20|33.05|33.87|32.97|33.63
2020-07-21|34|34.1942|33.22|33.42
2020-07-22|33.35|33.64|33.08|33.64
2020-07-23|33.78|33.89|32.72|33.06
2020-07-24|32.53|33.01|32.3|32.99
2020-07-27|33.2|33.49|33|33.48
2020-07-28|33.46|34.07|33.3194|33.55
2020-07-29|33.79|33.95|33.58|33.86
2020-07-30|33.11|33.61|32.2648|33.48
2020-07-31|33.94|33.97|33.06|33.94
2020-08-03|34.04|34.1399|33.77|33.91
2020-08-04|33.98|34.475|33.98|34.43
2020-08-05|34.7|34.84|34.48|34.8
2020-08-06|34.73|35.03|34.6062|34.99
2020-08-07|34.75|35.28|34.71|35.09
2020-08-10|35.36|35.6705|35.11|35.57
2020-08-11|36.03|36.11|34.67|34.78
2020-08-12|35.49|35.855|35.394|35.74
2020-08-13|35.61|36.15|35.49|35.75
2020-08-14|35.59|35.85|35.41|35.76
2020-08-17|36.14|36.47|36.01|36.35
2020-08-18|36.51|36.7|36.09|36.54
2020-08-19|36.68|36.81|36.065|36.17
2020-08-20|35.5|36.45|35.41|36.39
2020-08-21|36.08|36.39|35.98|36.3
2020-08-24|36.81|36.83|36.18|36.36
2020-08-25|36.2777|36.58|35.77|36.48
2020-08-26|36.61|37.02|35.935|36.05
2020-08-27|36.25|36.41|34.03|35.46
2020-08-28|35.29|35.85|34.515|35.56
2020-08-31|35.12|35.49|34.53|34.69
2020-09-01|34.7|34.82|34.3|34.42
2020-09-02|34.46|34.51|33.82|33.99
2020-09-03|33.76|34.35|31.11|31.69
2020-09-04|32.07|33.27|30.52|33.03
2020-09-08|31.73|33.5|31.62|33.45
2020-09-09|33.89|34.585|33.71|34.3
2020-09-10|34.47|34.6|33.72|34.08
2020-09-11|34.61|35.18|34.1|35.15
2020-09-14|35.36|35.7|35.2|35.48
2020-09-15|35.61|35.7299|35.19|35.48
2020-09-16|35.61|36.02|35.525|35.55
2020-09-17|34.95|36.012|34.92|35.94
2020-09-18|36.08|36.47|35.51|35.96
2020-09-21|35.2|35.45|34.26|35.33
2020-09-22|35.35|35.4|34.74|35.2
2020-09-23|35.31|35.36|34.27|34.29
2020-09-24|34.32|34.92|34.1|34.62
2020-09-25|34.6|35.1501|34.485|35.06
2020-09-28|35.22|35.2438|34.98|35.12
2020-09-29|35.09|35.73|35.09|35.5
2020-09-30|35.73|35.93|35.29|35.5
2020-10-01|35.67|35.67|35.12|35.36
2020-10-02|34.5|35.18|34.43|34.87
2020-10-05|34.98|35.52|34.83|35.38
2020-10-06|35.54|35.86|34.975|35.15
2020-10-07|35.51|35.84|35.41|35.72
2020-10-08|35.91|36.47|35.82|36.43
2020-10-09|37|37.39|36.96|37.38
2020-10-12|37.72|37.79|37.38|37.71
2020-10-13|37.48|37.64|37.0977|37.52
2020-10-14|37.64|37.96|37.37|37.64
2020-10-15|36.8|37.55|36.65|37.48
2020-10-16|37.54|37.795|37.37|37.38
2020-10-19|37.42|37.48|36.42|36.55
2020-10-20|36.67|36.82|36.44|36.54
2020-10-21|36.64|37.09|36.41|37
2020-10-22|36.99|37.57|36.84|37.42
2020-10-23|37.45|37.51|36.97|37.4
2020-10-26|36.91|37.12|35.37|35.48
2020-10-27|35.7065|36.01|35.32|35.63
2020-10-28|34.25|34.51|33.04|33.07
2020-10-29|33.41|34.76|33.1|34.33
2020-10-30|33.99|34.24|33.4|33.73
2020-11-02|34.5|34.55|33.88|34.13
2020-11-03|34.63|35.26|34.52|35.04
2020-11-04|35.77|36.69|35.73|36.54
2020-11-05|37.15|37.33|36.66|36.86
2020-11-06|37.09|38.13|37.02|38.13
2020-11-09|39.41|40.25|38.52|38.52
2020-11-10|39.03|39.16|38.31|39.13
2020-11-11|39.43|39.95|39.18|39.57
2020-11-12|39.27|39.5|37.73|38.15
2020-11-13|38.81|39.6683|38.81|39.39
2020-11-16|39.85|39.89|39.13|39.8
2020-11-17|39.44|40.195|39.31|40.18
2020-11-18|40.36|40.58|39.39|39.42
2020-11-19|39.61|40.09|39.32|39.78
2020-11-20|39.8|40.19|39.73|39.81
2020-11-23|40.05|40.38|39.68|40.04
2020-11-24|40.46|40.52|40.06|40.4
2020-11-25|40.37|41.19|40.11|41.15
2020-11-27|41.32|41.47|40.84|40.99
2020-11-30|40.87|41.4|40.2|41.35
2020-12-01|41.54|41.705|41.08|41.16
2020-12-02|41.13|41.71|41.11|41.33
2020-12-03|41.49|41.55|40.91|41.09
2020-12-04|41.32|41.62|41.31|41.42
2020-12-07|41.18|41.41|41.08|41.35
2020-12-08|41.13|42.05|41.13|42.05
2020-12-09|42.3|42.43|41.06|41.24
2020-12-10|41.09|41.6298|40.92|41.06
2020-12-11|40.57|40.86|39.7299|40.31
2020-12-14|40.96|41.12|39.8|39.85
2020-12-15|40.27|40.78|40.05|40.65
2020-12-16|40.82|41.44|40.6|41.4
2020-12-17|41.36|41.86|41.27|41.71
2020-12-18|41.55|41.56|40.69|41.23
2020-12-21|39.31|40.07|38.38|39.59
2020-12-22|39.87|40.08|39.58|40
2020-12-23|40.4|41.135|40.35|40.86
2020-12-24|41.1|41.5|41.07|41.5
2020-12-28|41.7|41.76|41.43|41.65
2020-12-29|41.75|41.77|40.29|40.68
2020-12-30|40.81|41.51|40.7|41.43
2020-12-31|41.45|41.84|41.1|41.44
2021-01-04|41.45|41.4749|38.94|39.65
2021-01-05|39.16|40.4499|39.13|40.28
2021-01-06|40.47|41.5401|39.88|40.39
2021-01-07|41.36|41.6|41.16|41.57
2021-01-08|41.72|41.92|41.05|41.82
2021-01-11|41.04|41.34|40.44|40.85
2021-01-12|40.98|41.275|40.39|41.23
2021-01-13|41.21|41.7|41.08|41.58
2021-01-14|41.69|41.95|41.16|41.33
2021-01-15|40.99|41.26|40.25|40.73
2021-01-19|41.32|41.41|40.94|41.22
2021-01-20|41.59|41.8|41.27|41.68
2021-01-21|41.68|41.88|41.345|41.83
2021-01-22|41.33|41.82|41.22|41.59
2021-01-25|41.35|41.5|39.81|40.72
2021-01-26|41.12|41.43|40.8|40.8
2021-01-27|39.98|39.99|36.41|36.5
2021-01-28|37.57|38.0409|36.74|36.86
2021-01-29|36.71|37.72|35.32|36.01
2021-02-01|36.85|37.23|35.79|36.99
2021-02-02|37.92|38.765|37.85|38.57
2021-02-03|39.01|39.595|38.71|39.57
2021-02-04|40.01|40.44|39.95|40.44
2021-02-05|40.5|40.52|40.04|40.49
2021-02-08|40.58|40.65|40.25|40.65
2021-02-09|40.35|40.78|40.2|40.55
2021-02-10|40.65|40.7|39.59|40.06
2021-02-11|40.46|40.67|39.735|40.65
2021-02-12|40.56|41.3801|40.48|41.36
2021-02-16|41.23|41.52|40.88|41.1
2021-02-17|40.78|41.59|40.43|41.51
2021-02-18|40.91|41.62|40.67|41.41
2021-02-19|41.6|42.42|41.535|42.42
2021-02-22|41.46|42.08|41.25|41.28
2021-02-23|41.14|42.16|40.12|42.13
2021-02-24|41.57|42.9996|41.33|42.92
2021-02-25|42.48|42.84|38.89|39.4
2021-02-26|40.31|40.829|38.9|40.39
2021-03-01|41.63|42.13|41.585|41.89
2021-03-02|41.85|42.15|41.6|41.73
2021-03-03|41.86|42.03|40.77|40.77
2021-03-04|41.03|41.49|39.03|39.97
2021-03-05|40.7|41.41|39.36|41.3
2021-03-08|41.33|41.74|40.8|41.32
2021-03-09|41.55|42.06|41.46|41.84
2021-03-10|42.37|42.37|41.92|42.08
2021-03-11|42.4|42.74|42.37|42.61
2021-03-12|42.19|42.98|42.12|42.64
2021-03-15|43.04|44.29|42.88|44.24
2021-03-16|44.23|44.85|44.15|44.5
2021-03-17|43.95|45.18|43.82|45.12
2021-03-18|44.67|45.12|43.66|43.66
2021-03-19|44.04|44.85|43.44|44.39
2021-03-22|45.03|46.36|44.87|46.21
2021-03-23|46.01|46.11|44.66|45.1
2021-03-24|45.58|46.03|44.87|44.87
2021-03-25|44.76|45.7|43.65|45.56
2021-03-26|46|46.8|45.11|46.8
2021-03-29|45.95|46.18|45.23|45.91
2021-03-30|45.93|46.94|45.66|46.88
2021-03-31|47.17|47.53|46.61|47.1
2021-04-01|47.41|48.12|47.27|48.12
2021-04-05|48.56|48.65|48.16|48.43
2021-04-06|48.45|48.87|48.2795|48.36
2021-04-07|48.43|49.16|48.36|49.06
2021-04-08|49.44|49.68|49.19|49.43
2021-04-09|49.2|49.87|49.06|49.49
2021-04-12|49.23|49.98|48.8|49.98
2021-04-13|49.82|50.21|49.69|49.91
2021-04-14|49.9|50.12|49.38|49.65
2021-04-15|50.05|50.4|49.93|50.28
2021-04-16|50.28|50.8425|50.08|50.67
2021-04-19|50.43|50.53|49|49.77
2021-04-20|49.39|49.6|48.31|49.15
2021-04-21|49.05|50.61|48.74|50.52
2021-04-22|50.51|50.65|48.43|48.97
2021-04-23|49.21|50.39|49.04|49.92
2021-04-26|50.14|50.22|49.71|50.09
2021-04-27|50.19|50.71|49.83|50.6
2021-04-28|50.7|50.93|50.34|50.45
2021-04-29|51.13|51.24|49.83|50.87
2021-04-30|50.32|50.62|49.57|49.81
2021-05-03|50.45|50.78|50.15|50.78
2021-05-04|50.03|50.22|48.3|49.69
2021-05-05|50.18|50.79|49.59|50.36
2021-05-06|50.25|50.59|49.26|50.52
2021-05-07|50.5|52.07|50.445|51.97
2021-05-10|52|52.43|50.74|50.84
2021-05-11|49.32|50.14|48.235|48.85
2021-05-12|47.92|47.98|43.69|44.62
2021-05-13|45.87|47.22|45.85|46.65
2021-05-14|47.95|49.735|47.95|49.49
2021-05-17|49|49.46|47.66|48.74
2021-05-18|48.96|49.54|48.19|48.44
2021-05-19|46.74|47.43|44.8|47.16
2021-05-20|47.81|48.71|47.5|48.5
2021-05-21|48.89|49.175|48.47|49
2021-05-24|49.26|50.14|49.25|49.96
2021-05-25|50.04|50.1|49.45|49.88
2021-05-26|50.25|51.18|50.17|51.12
2021-05-27|51.38|52.48|51.34|52.37
2021-05-28|52.56|52.67|51.82|51.85
2021-06-01|52.51|52.62|51.21|51.21
2021-06-02|51.57|52.275|51.3|51.9
2021-06-03|51.11|51.81|50.73|51.37
2021-06-04|52.2|52.88|52.2|52.79
2021-06-07|52.77|53.29|52.53|53.25
2021-06-08|53.41|53.46|52.36|52.88
2021-06-09|53.23|53.245|52.32|52.58
2021-06-10|53.23|54.1|53.06|54.09
2021-06-11|54.56|54.9999|54.51|54.83
2021-06-14|54.83|54.94|53.99|54.57
2021-06-15|54.43|54.51|53.62|53.62
2021-06-16|54.26|54.74|52.968|53.55
2021-06-17|53.62|54.78|53.26|53.87
2021-06-18|52.59|53.31|51.28|51.42
2021-06-21|52.35|53.415|51.58|53.3
2021-06-22|52.91|54.42|52.75|54.42
2021-06-23|54.76|55.208|54.64|54.94
2021-06-24|55.59|55.71|55.29|55.58
2021-06-25|55.6|55.96|55.26|55.96
2021-06-28|56.1|56.24|55.49|55.79
2021-06-29|56.11|56.19|55.23|55.34
2021-06-30|55.12|55.84|54.925|55.55
2021-07-01|55.88|56.11|55.63|56.05
2021-07-02|56.73|56.93|55.91|56.09
2021-07-06|56.39|56.39|54.61|55.44
2021-07-07|55.76|55.8|54.48|55.4
2021-07-08|53.02|54.08|52.73|53.29
2021-07-09|54.39|55.5291|54.23|55.42
2021-07-12|55.36|55.775|55.2|55.75
2021-07-13|55.58|56.17|55.13|55.26
2021-07-14|55.9|56.1|54.89|55.82
2021-07-15|55.16|55.63|54.785|55.47
2021-07-16|56.05|56.24|54.23|54.26
2021-07-19|52.73|52.96|48.54|50.4
2021-07-20|50.58|52.7683|50.13|52.45
2021-07-21|53.035|54.19|52.95|54.15
2021-07-22|53.93|54.32|53.2|53.67
2021-07-23|54.23|54.25|53.65|53.69
2021-07-26|53.41|54.17|53.09|54.17
2021-07-27|53.65|53.65|51.84|53.28
2021-07-28|53.6|54.385|52.77|53.97
2021-07-29|54.25|54.63|54.14|54.46
2021-07-30|53.475|54.4101|53.42|53.78
2021-08-02|54.1|54.17|52.57|52.77
2021-08-03|53.11|54.07|52.43|54.05
2021-08-04|53.56|54.3536|53.44|54.09
2021-08-05|54.34|54.76|54.29|54.75
2021-08-06|55.01|55.48|54.83|55.45
2021-08-09|55.48|55.948|55.2|55.75
2021-08-10|56|56.49|55.78|56.01
2021-08-11|56.39|57.04|56.17|56.88
2021-08-12|56.73|57.8006|56.63|57.48
2021-08-13|57.87|58.03|57.32|57.44
2021-08-16|56.7|57.38|56.11|57.37
2021-08-17|56.46|56.8999|54.96|56.42
2021-08-18|56.13|56.465|54.22|54.5
2021-08-19|53.21|54.58|52.76|53.54
2021-08-20|53.99|55.8|53.8301|55.63
2021-08-23|56.39|56.99|56.36|56.56
2021-08-24|56.68|56.83|56.42|56.64
2021-08-25|56.7|57.35|56.6|57.32
2021-08-26|56.79|57.09|55.6499|56.04
2021-08-27|56.435|57.67|56.4297|57.5
2021-08-30|57.74|57.93|57.41|57.74
2021-08-31|57.54|57.92|57.29|57.92
2021-09-01|58.05|58.8|57.78|58.62
2021-09-02|58.9|58.97|58.073|58.6
2021-09-03|58.22|58.71|57.88|58.43
2021-09-07|58.2|58.28|57.44|57.62
2021-09-08|57.31|57.84|56.71|57.77
2021-09-09|57.59|58.39|57.01|57.09
2021-09-10|58.15|58.37|55.84|56
2021-09-13|57.27|57.35|55.761|57
2021-09-14|57.51|57.66|56.12|56.63
2021-09-15|57.17|57.945|56.54|57.74
2021-09-16|57.57|58.33|56.89|58.06
2021-09-17|57.89|58.0601|56.02|56.13
2021-09-20|53.91|54.59|50.25|52.9
2021-09-21|53.76|54.42|52.475|53.99
2021-09-22|54.78|56.05|54.35|55.55
2021-09-23|56.43|57.36|56.335|57.29
2021-09-24|56.56|58.21|56.5|58.15
2021-09-27|57.99|58.4|57.58|57.72
2021-09-28|56.59|56.8816|54.1393|54.76
2021-09-29|54.97|55.29|54.16|54.4
2021-09-30|55.12|55.72|53.88|54.39
2021-10-01|54.98|55.99|54.02|55.35
2021-10-04|55.33|55.56|53.61|54.6
2021-10-05|54.83|56.09|54.585|55.59
2021-10-06|54.93|56|53.8|55.9
2021-10-07|56.45|57.055|56.41|56.98
2021-10-08|57.31|57.72|57.04|57.5
2021-10-11|57.27|58.22|57.07|57.12
2021-10-12|57.52|57.98|57.02|57.67
2021-10-13|57.82|58.26|57.23|58.26
2021-10-14|59.14|59.835|58.99|59.79
2021-10-15|60.05|60.638|59.63|59.83
2021-10-18|59.34|60.55|59.26|60.37
2021-10-19|60.58|60.84|60.31|60.6
2021-10-20|60.605|61.08|60.5|60.97
2021-10-21|60.715|61.97|60.57|61.93
2021-10-22|61.84|62.17|60.49|61.23
2021-10-25|61.53|62.21|60.92|62.17
2021-10-26|62.48|62.53|60.84|61.6
2021-10-27|61.65|62.32|60.7|60.87
2021-10-28|61.37|61.88|61.23|61.77
2021-10-29|60.93|61.78|60.91|61.59
2021-11-01|61.82|62.07|60.87|62.04
2021-11-02|62.08|62.85|62.06|62.83
2021-11-03|62.72|64.15|62.51|63.91
2021-11-04|64.23|64.45|62.99|63.45
2021-11-05|63.86|63.88|62.14|62.26
2021-11-08|62.76|62.85|61.65|62.27
2021-11-09|62.04|62.07|60.93|61.7
2021-11-10|61.08|62.24|60.37|61.23
2021-11-11|61.83|62.435|61.47|61.73
2021-11-12|62.285|63.02|62.04|62.93
2021-11-15|63.3|63.37|62.24|63.37
2021-11-16|63.06|63.69|63.01|63.22
2021-11-17|63.24|63.44|62.55|62.63
2021-11-18|62.99|63.11|61.95|62.36
2021-11-19|62.23|62.65|61.61|62.02
2021-11-22|62.61|62.87|61.29|61.33
2021-11-23|61.43|62.28|60.8|62.12
2021-11-24|61.32|62.74|60.76|62.56
2021-11-26|58.85|59.39|53.57|54.555
2021-11-29|57.2|58.678|56.89|58.45
2021-11-30|56.42|57.02|53.76|53.76
2021-12-01|55.84|56.73|51.8|51.8
2021-12-02|52.725|53.93|52.24|53.36
2021-12-03|53.66|53.84|48.84|51.07
2021-12-06|51.97|53.17|51.1|53.11
2021-12-07|54.66|56.33|54.5795|55.98
2021-12-08|56.22|57.7|55.88|57.63
2021-12-09|57.6|58.07|56.2|56.83
2021-12-10|58.15|58.67|57.24|58.53
2021-12-13|58.35|58.39|57.09|57.44
2021-12-14|56.45|57.25|55.56|56.98
2021-12-15|56.82|59.03|55.6|58.97
2021-12-16|59.47|59.67|56.69|57.66
2021-12-17|56.57|57.89|55.835|56.68
2021-12-20|54.13|55.93|52.99|55.74
2021-12-21|56.63|57.36|55.96|56.95
2021-12-22|57.12|58.74|57.12|58.72
2021-12-23|59.02|59.38|58.885|59.02
2021-12-27|59.265|59.89|58.86|59.72
2021-12-28|59.88|60.52|59.61|60.52
2021-12-29|60.54|61.5|60.17|61.21
2021-12-30|61.39|61.95|60.97|61.29
2021-12-31|61.31|61.79|60.99|61.55
2022-01-03|61.96|62.6|61.33|62.57
2022-01-04|62.8|62.88|61.66|62.59
2022-01-05|62.37|63.09|60.08|60.18
2022-01-06|60.01|60.87|59.471|60.01
2022-01-07|60|60.97|59.24|60.855
2022-01-10|59.68|61.49|57.94|61.32
2022-01-11|61|62.55|60.3|62.46
2022-01-12|62.91|63.4|62.16|62.78
2022-01-13|62.9|63.19|60.57|60.91
2022-01-14|59.79|61.51|59.63|61.25
2022-01-18|59.95|60|58.6|59.01
2022-01-19|59.495|59.62|57.91|58.18
2022-01-20|58.89|59.9617|56.7|56.97
2022-01-21|56.41|57.01|54.25|54.31
2022-01-24|52.15|54.2|48.84|53.49
2022-01-25|51.77|54.3|50.81|53.45
2022-01-26|54.66|55.85|52.365|52.9
2022-01-27|54.33|54.83|52.1|52.75
2022-01-28|53.3|54.57|52.2|54.41
2022-01-31|54.16|56.2801|53.91|56.22
2022-02-01|56.81|58.395|56.02|58.3
2022-02-02|58.55|59.11|57.75|58.97
2022-02-03|57|57.9|55.058|55.37
2022-02-04|55.61|57.16|54.82|56.19
2022-02-07|56.97|57.67|56.61|57.05
2022-02-08|57.315|58.46|56.83|58.4
2022-02-09|59.15|59.5|58.85|59.46
2022-02-10|57.94|59.39|55.9101|56.56
2022-02-11|56.7|56.925|51.99|52.84
2022-02-14|52.8|53.12|51.11|52.83
2022-02-15|54.66|55.04|54.03|55
2022-02-16|54.6|56.16|54.02|56.07
2022-02-17|54.46|54.57|52.55|52.76
2022-02-18|52.48|52.91|51.46|52.12
2022-02-22|51.92|52.79|50.87|52.24
2022-02-23|53|53.03|50.66|50.78
2022-02-24|47.96|51.71|47.93|51.53
2022-02-25|51.76|52.96|51.25|52.58
2022-02-28|50.58|51.89|50.26|51.39
2022-03-01|50.68|51.03|48.21|48.54
2022-03-02|49.23|50.35|48.7|50.08
2022-03-03|50.37|50.7|49.27|49.94
2022-03-04|48.55|49.01|47.72|48.8
2022-03-07|48.74|48.78|46.64|47.06
2022-03-08|46.89|48.17|45.98|47.01
2022-03-09|48.18|48.55|47.75|47.92
2022-03-10|47.59|48.99|47.46|48.99
2022-03-11|49.71|49.76|48.38|48.48
2022-03-14|48.58|49.28|46.9499|47.68
2022-03-15|48.16|48.9799|47.68|48.5
2022-03-16|49.37|50.98|49.04|50.92
2022-03-17|50.9|51.68|50.62|51.34
2022-03-18|50.87|52.77|50.65|52.77
2022-03-21|52.6|53.51|51.87|52.82
2022-03-22|53.3|53.545|53.02|53.22
2022-03-23|52.55|53.44|52.5|53.31
2022-03-24|53.38|54.15|53.03|53.97
2022-03-25|54.13|54.76|53.43|54.73
2022-03-28|54.46|55.152|53.3|55.13
2022-03-29|55.9|56.57|55.74|56.43
2022-03-30|56.17|56.64|55.15|56.02
2022-03-31|55.9|55.97|54.49|54.56
2022-04-01|55.14|55.7|54.51|55.65
2022-04-04|55.85|57.1|55.62|57.07
2022-04-05|56.7|56.92|54.56|54.65
2022-04-06|53.75|54.24|52.49|54.05
2022-04-07|53.86|55.02|53.31|54.77
2022-04-08|54.47|55.54|54.14|54.83
2022-04-11|54.17|54.53|53.23|53.29
2022-04-12|53.87|54.505|52.9|52.96
2022-04-13|52.92|54.932|52.84|54.82
2022-04-14|55.21|55.68|54.06|54.09
2022-04-18|53.92|54.79|53.86|54.44
2022-04-19|54.56|56.14|54.42|55.82
2022-04-20|56.34|56.72|55.8|56.47
2022-04-21|57.04|57.1|53.84|54.365
2022-04-22|54.32|54.4999|50.775|51.12
2022-04-25|50.68|51.72|49.49|51.56
2022-04-26|51.15|51.17|48.72|48.79
2022-04-27|48.83|49.83|48.3|48.38
2022-04-28|49.61|50.642|48.95|49.62
2022-04-29|49.265|50.01|47.546|47.66
2022-05-02|47.6|48.19|46.4|48.02
2022-05-03|48.42|49.55|48.16|49.44
2022-05-04|49.79|51.905|49.428|51.68
2022-05-05|51.07|51.25|46.45|47.15
2022-05-06|46.78|47.4899|45.43|47.45
2022-05-09|46.36|46.61|45.24|45.51
2022-05-10|46.61|46.69|45.39|46.26
2022-05-11|46.19|47.41|45.91|46.37
2022-05-12|46.04|46.97|45.52|46.83
2022-05-13|47.68|48.34|47.45|48.31
2022-05-16|48.49|49.36|48.3|49.3
2022-05-17|50.07|50.27|49.45|49.92
2022-05-18|49.38|49.54|46.14|46.33
2022-05-19|45.9|47.865|45.75|47.74
2022-05-20|48.52|48.62|45.91|47.68
2022-05-23|48.13|48.41|47.31|48.02
2022-05-24|47.62|48.06|46.81|47.93
2022-05-25|47.48|48.68|47.48|48.43
2022-05-26|48.65|49|48.56|48.6
2022-05-27|49.25|49.65|49.06|49.58
2022-05-31|49.11|50.16|48.52|50.03
2022-06-01|50.3|50.58|48.88|50.2
2022-06-02|50.12|51.12|49.95|50.71
2022-06-03|50.26|50.605|49.87|50.45
2022-06-06|50.91|51.06|50.37|50.78
2022-06-07|50.12|51.49|50.07|51.41
2022-06-08|51.11|51.6|50.86|51.51
2022-06-09|51.04|51.45|50.11|50.21
2022-06-10|49.23|49.45|48.115|48.66
2022-06-13|46.75|47.02|45.06|45.26
2022-06-14|45.61|46.31|45.25|46.09
2022-06-15|46.63|48.16|46.55|47.36
2022-06-16|46.18|46.42|45.24|45.88
2022-06-17|46.01|46.85|45.63|46.58
2022-06-21|47.47|47.87|47|47.02
2022-06-22|46.64|48.025|46.5533|47.97
2022-06-23|48.105|48.2|47.35|47.96
2022-06-24|48.41|48.78|48.36|48.41
2022-06-27|48.63|49.25|48.3415|49.16
2022-06-28|49.46|49.67|48.2401|48.46
2022-06-29|48.34|48.68|47.84|48.39
2022-06-30|47.89|48.36|47.2|48.21
2022-07-01|47.95|48.89|47.5|48.77
2022-07-05|47.9|48.87|47.38|48.76
2022-07-06|48.71|49.34|48.38|49.18
2022-07-07|49.36|49.82|49.32|49.45
2022-07-08|49.43|50.19|49.4|50.02
2022-07-11|49.56|49.75|49.09|49.26
2022-07-12|49.24|49.78|48.77|49.02
2022-07-13|48.42|49.64|48.32|49.44
2022-07-14|48.64|49.44|48.23|49.37
2022-07-15|49.87|50.68|49.72|50.61
2022-07-18|50.74|50.96|49.66|49.85
2022-07-19|50.41|50.725|50.2|50.21
2022-07-20|50.4|50.96|50.268|50.85
2022-07-21|50.88|51.46|50.47|51.41
2022-07-22|51.45|51.72|50.8113|51.63
2022-07-25|51.6|52.1|51.45|51.87
2022-07-26|51.58|51.69|50.842|51.19
2022-07-27|51.91|52.585|51.8|52.1
2022-07-28|52.38|53.44|52.07|53.35
2022-07-29|53.5|53.835|53.25|53.73
2022-08-01|53.24|53.61|52.65|52.74
2022-08-02|52.4|53.34|51.91|52.43
2022-08-03|52.95|53.945|52.9|53.8
2022-08-04|53.55|53.75|53.08|53.74
2022-08-05|53.16|54.42|53.125|54.33
2022-08-08|54.33|55.02|53.75|54.25
2022-08-09|53.88|54.28|53.62|54.1
2022-08-10|54.96|55.7|54.84|55.56
2022-08-11|55.66|55.85|54.81|55.38
2022-08-12|55.61|56.31|55.42|55.68
2022-08-15|55.29|56.3|55.29|56.14
2022-08-16|56.05|56.26|55.61|55.94
2022-08-17|55.65|56.37|55.3|56.02
2022-08-18|56|56.52|55.77|56.46
2022-08-19|55.82|55.97|54.53|55.09
2022-08-22|53.86|54.17|53.09|53.25
2022-08-23|53.36|54.14|53.23|53.65
2022-08-24|53.87|54.76|53.77|54.6
2022-08-25|54.88|55.56|54.59|55.46
2022-08-26|55.31|55.57|52.59|52.77
2022-08-29|52.4|53.2|52.23|52.92
2022-08-30|53.08|53.21|52.03|52.5
2022-08-31|53.06|53.41|52.62|52.97
2022-09-01|52.56|53.3|51.84|53.26
2022-09-02|54.16|54.4801|52.5469|53.02
2022-09-06|53.57|53.62|52.27|52.43
2022-09-07|52.32|53.94|52.29|53.83
2022-09-08|53.39|54.36|53.15|54.27
2022-09-09|54.7|55.01|54.55|54.57
2022-09-12|55.04|55.29|54.33|54.63
2022-09-13|53.49|53.86|51.8|52.27
2022-09-14|52.32|52.61|51.83|52.31
2022-09-15|52.21|53|52.13|52.37
2022-09-16|51.73|52.545|51.06|52.42
2022-09-19|51.95|53.38|51.885|53.17
2022-09-20|52.64|52.8501|51.9601|52.33
2022-09-21|52.72|53.22|51.47|51.47
2022-09-22|51.68|52.08|51.09|51.56
2022-09-23|51|51.06|48.83|50.03
2022-09-26|49.52|50.485|48.94|49.17
2022-09-27|49.79|49.93|48.18|48.81
2022-09-28|48.97|50.09|48.57|49.78
2022-09-29|49.13|49.16|48|49.09
2022-09-30|48.93|49.81|48.49|48.59
2022-10-03|49.27|50.08|49.05|49.62
2022-10-04|50.6|50.8|50.2|50.51
2022-10-05|50.14|50.57|49.57|50.41
2022-10-06|50.52|50.71|49.52|49.62
2022-10-07|49.31|49.41|48.43|48.63
2022-10-10|48.51|48.52|47.44|48.04
2022-10-11|47.92|48.45|47.34|47.63
2022-10-12|47.8|48.16|47.615|47.88
2022-10-13|47.54|48.795|47.47|48.59
2022-10-14|49.07|49.215|47.57|48.03
2022-10-17|48.77|49.17|48.605|48.65
2022-10-18|49.17|49.2699|48.52|49.14
2022-10-19|48.99|49.3|48.56|48.96
2022-10-20|49.15|49.77|48.915|49.24
2022-10-21|49.44|49.9|49.27|49.32
2022-10-24|49.61|49.845|49.03|49.76
2022-10-25|49.74|50.805|49.68|50.76
2022-10-26|50.55|51.45|50.52|51.33
2022-10-27|51.5|51.98|51.3375|51.85
2022-10-28|51.87|52.69|51.82|52.46
2022-10-31|52.285|52.93|52.26|52.88
2022-11-01|53.44|53.44|52.74|53.17
2022-11-02|52.91|53.42|52.31|52.48
2022-11-03|52.06|53.21|51.78|53.04
2022-11-04|53.51|54.09|52.75|53.4
2022-11-07|53.58|53.89|53.24|53.66
2022-11-08|53.88|53.89|52.59|52.87
2022-11-09|52.84|52.84|51.842|52.06
2022-11-10|53.55|54.04|53.29|53.49
2022-11-11|53.23|53.845|53.062|53.79
2022-11-14|53.78|54.53|53.71|53.78
2022-11-15|54.47|54.49|52.69|53.52
2022-11-16|53.83|54.22|53.66|54.16
2022-11-17|53.47|54.51|53.47|54.44
2022-11-18|54.72|54.78|54.15|54.76
2022-11-21|54.61|55.54|54.61|55.46
2022-11-22|55.67|56.51|55.67|56.45
2022-11-23|56.38|57.11|56.275|57.05
2022-11-25|56.72|57.08|56.695|56.93
2022-11-28|56.31|56.68|55.63|55.87
2022-11-29|56.01|56.4|55.71|56.3
2022-11-30|56.26|57.57|55.79|57.36
2022-12-01|57.44|57.9|56.82|57.86
2022-12-02|57.2|58.465|57.2|58.43
2022-12-05|58.01|58.47|57.29|57.85
2022-12-06|58.1|58.31|56.77|57.09
2022-12-07|56.88|57.09|56.38|56.66
2022-12-08|56.62|57.37|56.35|57.19
2022-12-09|57.04|57.26|56.455|56.53
2022-12-12|56.58|57.01|56.42|56.67
2022-12-13|58.335|58.41|56.88|57.92
2022-12-14|58.02|59.07|57.63|58.94
2022-12-15|58.3|58.57|56.37|57.02
2022-12-16|56.52|57.315|56.09|56.91
2022-12-19|57.13|58.13|57.098|57.65
2022-12-20|57.55|58.23|57.11|57.91
2022-12-21|58.56|59.16|58.46|58.94
2022-12-22|58.75|58.9124|55.97|57.35
2022-12-23|57.47|58.38|57.17|58.21
2022-12-27|58.08|58.41|57.63|58.2
2022-12-28|58.46|59|58.12|58.27
2022-12-29|58.67|59.02|58.58|58.64
2022-12-30|58.26|58.71|58.01|58.68
2023-01-03|58.97|59.16|57.91|58.87
2023-01-04|59.17|59.82|58.935|59.79
2023-01-05|59.42|59.71|59.05|59.55
2023-01-06|60.12|60.7|59.77|60.27
2023-01-09|60.46|60.73|59.8|60.01
2023-01-10|59.99|61.46|59.99|61.4
2023-01-11|61.56|61.58|61.06|61.21
2023-01-12|61.87|62.81|61.4|62.72
2023-01-13|62.55|63.84|62.55|63.53
2023-01-17|63.06|63.5899|62.77|63.24
2023-01-18|63.71|63.82|61.94|62.2
2023-01-19|61.38|62.4546|60.98|62
2023-01-20|62.2|63.26|61.9|63.03
2023-01-23|63.19|63.57|62.96|63.44
2023-01-24|63.18|64.75|63.16|64.6
2023-01-25|63.65|64.71|62.58|64.58
2023-01-26|65|65.22|64.318|65
2023-01-27|65.01|66.19|64.95|65.61
2023-01-30|64.77|65.01|64.1|64.72
2023-01-31|64.64|65.69|64.49|65.43
2023-02-01|65.48|66.83|64.7|66.52
2023-02-02|67.17|67.468|64.78|65.76
2023-02-03|64.8|65.8|64.29|65.4
2023-02-06|64.98|65.31|64.47|64.7
2023-02-07|64.41|65.96|64.36|65.67
2023-02-08|65.26|65.7699|63.79|64.37
2023-02-09|64.88|65.29|63.28|63.44
2023-02-10|62.8|63.29|62.2|62.86
2023-02-13|63.56|64.31|63.43|64.05
2023-02-14|64.64|65.79|64.24|65.39
2023-02-15|65.22|66.11|65.2|66.05
2023-02-16|65.1|65.83|64.23|64.28
2023-02-17|63.61|64.3|62.98|64.19
2023-02-21|62.73|63.134|61.54|61.8
2023-02-22|61.72|62.86|61.3395|62.71
2023-02-23|63.37|63.95|62.36|63.72
2023-02-24|62.64|62.8|61.72|62.61
2023-02-27|63.36|64.04|63.36|63.73
2023-02-28|63.89|64.77|63.77|64.49
2023-03-01|64.27|64.75|63.39|64.09
2023-03-02|63.57|65.33|63.5001|65.28
2023-03-03|65.66|66.42|65.5|66.32
2023-03-06|66.52|66.99|66.45|66.83
2023-03-07|66.66|67.36|65.88|66.09
2023-03-08|66|66.85|65.84|66.64
2023-03-09|67.05|67.2332|62.985|63.155
2023-03-10|62.43|62.97|56.52|59.65
2023-03-13|56.64|59.47|55.91|58.71
2023-03-14|60.84|62.02|59.49|60.49
2023-03-15|57.84|58.81|55.16|58.19
2023-03-16|57.24|60.76|57.02|60.69
2023-03-17|59.74|60.26|56.89|57.38
2023-03-20|57.39|58.87|56.93|58.77
2023-03-21|60.16|61.435|60.15|61.34
2023-03-22|61.54|62.47|60.12|60.12
2023-03-23|61.13|62.18|58.86|59.42
2023-03-24|58.5|60.59|57.27|60.58
2023-03-27|61.22|61.9|60.74|61.71
2023-03-28|61.69|62.57|61.47|62.48
2023-03-29|63.34|63.74|63|63.59
2023-03-30|63.68|63.83|62.47|63.6
2023-03-31|63.69|64.17|63.55|63.75
2023-04-03|63.75|64.57|63.132|64.5
2023-04-04|64.24|64.38|62.97|63.95
2023-04-05|63.76|64.27|63.11|64.21
2023-04-06|63.96|65.04|63.65|64.77
2023-04-10|64.33|65.28|64.26|65.14
2023-04-11|65.42|65.89|65.22|65.53
2023-04-12|66|66.19|64.98|65.25
2023-04-13|65.82|66.58|65.81|66.42
2023-04-14|66.32|67.04|66.02|67.04
2023-04-17|67.12|68.11|67.12|67.97
2023-04-18|68.09|68.5|67.65|68.27
2023-04-19|67.94|68.665|67.84|68.26
2023-04-20|67.53|68.42|67.26|67.58
2023-04-21|67.85|68.29|67.2|68.21
2023-04-24|68.22|68.44|67.73|68.38
2023-04-25|67.8|68.17|65.3201|65.53
2023-04-26|66.12|67.29|65.76|66.41
2023-04-27|67.51|68.26|67.46|67.79
2023-04-28|68.03|69.3|68.03|69.3
2023-05-01|69.5|70.6|69.44|69.77
2023-05-02|69.16|69.16|65.8|68.23
2023-05-03|67.99|68.95|67.11|67.16
2023-05-04|66.56|66.79|64.58|65.61
2023-05-05|66.89|68.3107|66.81|68.15
2023-05-08|68.38|68.8|67.89|68.75
2023-05-09|68.23|68.44|67.8|68.07
2023-05-10|69.1|69.45|67.5|68.93
2023-05-11|68.57|69.43|67.77|69.4
2023-05-12|69.7|69.9201|68.45|69.36
2023-05-15|69.61|70.26|69.19|70.25
2023-05-16|69.81|70.25|69.15|69.21
2023-05-17|70.03|70.5209|69.62|70.35
2023-05-18|70.44|71.82|70.35|71.82
2023-05-19|72.03|72.25|70.05|70.81
2023-05-22|70.77|71.42|70.03|70.82
2023-05-23|70.39|71.24|69.64|70.12
2023-05-24|69.3|69.34|68.4|68.81
2023-05-25|69.71|69.93|68.9829|69.51
2023-05-26|70.4|71.82|70.33|70.96
2023-05-30|72.22|72.47|70.7599|71.92
2023-05-31|71.57|72.48|71.092|72.17
2023-06-01|72.72|74.31|72.56|74.27
2023-06-02|75.22|76.09|74.88|75.63
2023-06-05|75.73|76.6|75.57|76.54
2023-06-06|76.79|78.88|76.6|78.78
2023-06-07|78.57|78.845|77.95|78.65
2023-06-08|78.6|79.99|78.32|79.64
2023-06-09|79.64|79.92|78.83|79.32
2023-06-12|79.06|79.46|78.65|79.19
2023-06-13|79.74|79.97|79.09|79.31
2023-06-14|79.47|80.56|79.39|80.56
2023-06-15|80.81|80.92|79.43|79.45
2023-06-16|79.39|80.898|79.22|80.84
2023-06-20|80.55|80.83|79.84|80.83
2023-06-21|81.23|81.83|80.97|81.68
2023-06-22|81.26|82.96|81.18|82.66
2023-06-23|81.66|82.74|81.18|82.06
2023-06-26|82.11|83.1|82.05|82.17
2023-06-27|82.54|84.09|82.54|83.345
2023-06-28|83.47|84.8015|83.47|84.79
2023-06-29|84.66|84.66|83.69|83.87
2023-06-30|84.5|85.05|84.2|84.68
2023-07-03|84.73|85.03|84.38|84.76
2023-07-05|84.23|84.82|84.1|84.26
2023-07-06|82.28|82.365|78.02|82.08
2023-07-07|81.62|83.57|81.52|82.85
2023-07-10|82.87|83.45|82.381|83.33
2023-07-11|84.07|84.39|83.04|83.72
2023-07-12|85.07|86.11|85.04|86.06
2023-07-13|86.84|87.16|85.7|85.77
2023-07-14|85.8|86.57|85.2|86.28
2023-07-17|86.12|87.18|86.12|86.41
2023-07-18|86.45|87.29|86.39|86.84
2023-07-19|87.52|87.58|85.87|86.19
2023-07-20|85.91|86.74|85.428|86.23
2023-07-21|86.79|87.52|86.4542|86.69
2023-07-24|86.89|87.87|86.7807|87.45
2023-07-25|87.5|88.39|87.31|87.54
2023-07-26|86.92|88.79|86.92|88.69
2023-07-27|89.51|89.6|85.46|86.48
2023-07-28|88.11|88.63|87.05|88.22
2023-07-31|88.37|88.88|87.79|88.88
2023-08-01|87.6|88.1499|87.145|88.14
2023-08-02|85.25|85.45|82.89|84.11
2023-08-03|82.63|84.83|81.953|84.21
2023-08-04|85.74|86.51|82.5|82.85
2023-08-07|83.81|85.06|83.38|85.02
2023-08-08|83.23|84.29|80.26|84.13
2023-08-09|84.62|85.5185|82.83|84.53
2023-08-10|85.95|86.91|83.18|84.37
2023-08-11|83.61|86.22|83.4|86.02
2023-08-14|85.52|86.96|84.77|86.79
2023-08-15|86.19|86.19|83.91|84.29
2023-08-16|84.46|85.61|83.6|83.63
2023-08-17|84.29|84.5|81.66|81.66
2023-08-18|80.43|83.08|80.22|82.68
2023-08-21|83.19|84.02|82.45|83.78
2023-08-22|84.71|84.73|82.92|83.62
2023-08-23|84.18|85.19|84.09|85.02
2023-08-24|85.64|85.91|83.2|83.39
2023-08-25|83.95|85.56|82.87|85.19
2023-08-28|86|86.93|85.87|86.84
2023-08-29|87|88.4|86.94|87.98
2023-08-30|88.45|89.5895|88.11|89.41
2023-08-31|89.49|90.56|89.4|90.35
2023-09-01|91.03|91.43|90.56|90.95
2023-09-05|90.78|91.37|90.07|90.59
2023-09-06|90.42|90.7|88.871|89.83
2023-09-07|88.49|90.23|87.95|89.9
2023-09-08|89.97|91.56|89.97|90.82
2023-09-11|91.7|92.18|91.06|91.94
2023-09-12|91.47|92.51|91.29|91.67
2023-09-13|92.04|92.88|91.95|92.48
2023-09-14|93.22|94.06|93.09|93.96
2023-09-15|93.66|94.17|91.99|92.22
2023-09-18|91.63|93.25|91.271|92.51
2023-09-19|92.53|93.06|91.42|92.83
2023-09-20|93.57|93.88|90.93|91.03
2023-09-21|88.96|89.97|87.45|87.46
2023-09-22|87.76|89.01|87.24|87.43
2023-09-25|86.27|87.688|85.76|87.39
2023-09-26|86.44|86.93|83.1007|83.44
2023-09-27|84.58|85.16|82.7|85.13
2023-09-28|85.12|87.44|84.63|87.1
2023-09-29|88.78|89.05|86.17|86.34
2023-10-02|86.135|87.33|85.23|86.16
2023-10-03|84.96|85.7|81.4023|82.11
2023-10-04|82.9|84.37|82.29|84.27
2023-10-05|84.2|84.82|82.32|84.77
2023-10-06|83.44|86.25|82.47|85.41
2023-10-09|83.81|86.01|83.35|86
2023-10-10|86.5|87.99|86.42|87.39
2023-10-11|87.94|88.49|85.96|88.15
2023-10-12|88.73|89.65|85.46|87.3
2023-10-13|87.47|87.66|80.93|82.08
2023-10-16|83.63|85.99|83.46|85.98
2023-10-17|84.25|86.57|83.83|84.82
2023-10-18|83.78|84.07|81.47|82.07
2023-10-19|82.67|83.28|79.85|80.02
2023-10-20|80|80.93|79.05|79.83
2023-10-23|79.06|82.45|78.4435|81.19
2023-10-24|82.25|83.17|81.17|82.98
2023-10-25|82.8|82.83|79.35|80.36
2023-10-26|80.34|81|78.82|80.07
2023-10-27|80.8|81.32|78.49|78.71
2023-10-30|80.17|81.71|80.17|81.59
2023-10-31|81.93|84.345|81.51|84.22
2023-11-01|84.59|86.33|84.59|86.12
2023-11-02|87.07|87.63|86.39|87.6
2023-11-03|88.35|88.97|88.1137|88.58
2023-11-06|89.19|90.21|88.91|90.13
2023-11-07|90.23|90.71|89.81|90.41
2023-11-08|90.97|91.475|89.9|91.28
2023-11-09|91.7|91.88|89.1|89.51
2023-11-10|90.31|91.72|90.2|91.32
2023-11-13|90.95|92.3|90.78|91.87
2023-11-14|93.38|93.62|92.12|92.13
2023-11-15|93.01|93.3814|92.63|93.16
2023-11-16|93.27|94|92.9805|93.82
2023-11-17|94.1|94.79|93.72|94.64
2023-11-20|94.95|95.5248|94.86|94.99
2023-11-21|94.91|96.18|94.85|95.96
2023-11-22|96.69|96.74|95.15|95.61
2023-11-24|95.9|97.88|95.8|97.58
2023-11-27|97.37|97.7|97.2702|97.41
2023-11-28|97.62|98.32|97.2|98.05
2023-11-29|98.45|98.56|97.12|97.36
2023-11-30|97.53|98.19|97|98.02
2023-12-01|98.36|98.88|98.07|98.23
2023-12-04|97.58|98.19|96.56|98.11
2023-12-05|97.9|98.55|97.83|98.46
2023-12-06|99.04|99.32|97.98|98.29
2023-12-07|98.48|98.62|98|98.28
2023-12-08|98.73|99.79|98.69|99.57
2023-12-11|99.82|100.94|99.75|100.89
2023-12-12|101.47|102.65|101.28|102.31
2023-12-13|102.68|103.24|101.86|103.09
2023-12-14|103.51|103.5988|101.68|103.09
2023-12-15|102.85|103.27|101.36|101.62
2023-12-18|101.72|101.8|101.25|101.56
2023-12-19|101.19|101.43|100.58|100.79
2023-12-20|101.08|101.25|97|97.65
2023-12-21|98.29|99.14|97.24|98.59
2023-12-22|99|99.98|97.9|99.98
2023-12-26|100.19|101.39|99.85|101.27
2023-12-27|101.61|103.42|101.61|103.37
2023-12-28|103.645|103.78|102.87|103.51
2023-12-29|103.55|103.905|102.1701|103.4
2024-01-02|102.15|103.79|101.18|103.42
2024-01-03|102.59|103.32|100.74|101.63
2024-01-04|101.56|102.69|101.43|101.78
2024-01-05|102.05|103.83|102.05|103.38