2018-08-01|186|189.06|183.96|185.27
2018-08-02|181.54|182.9|179.78|182.6
2018-08-03|184.15|184.5|180.08|180.84
2018-08-06|180.7|180.86|177.49|178.62
2018-08-07|180.29|183|179.74|179.92
2018-08-08|180|180.18|176.55|177.52
2018-08-09|179.31|180.63|176.76|177.19
2018-08-10|175.57|180.45|174.75|180.01
2018-08-13|179.65|180.65|177|177.68
2018-08-14|175.14|176.2|170.77|172.53
2018-08-15|167.11|169.85|165.39|169.83
2018-08-16|172.33|175.7|171.57|171.99
2018-08-17|172.52|174.2|168.38|172.78
2018-08-20|175.22|178.86|174.36|176.29
2018-08-21|177.63|179.67|176.97|177.92
2018-08-22|178.15|179.74|175.5|177.85
2018-08-23|184.97|186.5|171.91|172.23
2018-08-24|175|176.37|172.45|174.23
2018-08-27|177.1|180.88|176.22|180.65
2018-08-28|182.15|182.38|177.5|178.19
2018-08-29|179.35|179.66|176.83|178.5
2018-08-30|177.33|178.1|174.122|174.6
2018-08-31|173.11|176.681|172.76|175.01
2018-09-04|173.5|173.95|169|170.44
2018-09-05|167.48|168.28|162.03|164.23
2018-09-06|164.16|166.48|158.67|159.87
2018-09-07|159.95|164.61|159.5095|162.37
2018-09-10|158.59|160.72|155|156.36
2018-09-11|153.18|158.45|152.85|157.46
2018-09-12|158.2|162.82|156.1808|161.46
2018-09-13|165.41|167.22|164.01|165.53
2018-09-14|167.88|168|163.381|164.74
2018-09-17|161.5|161.65|158.2886|158.89
2018-09-18|156.88|159.4|155.52|156.65
2018-09-19|158.82|163.13|158.82|162.63
2018-09-20|166.89|167.7|164.7163|165.88
2018-09-21|169.46|169.84|164.5|164.63
2018-09-24|162.81|163.399|160.1|163.16
2018-09-25|164.05|165.44|162.83|164.25
2018-09-26|165.52|167.39|164.87|165.4
2018-09-27|166.39|167.05|164.92|166.32
2018-09-28|164.9|165.66|163.3|164.76
2018-10-01|165.92|165.95|161.56|162
2018-10-02|159.79|161.0278|158.27|160.23
2018-10-03|163.15|164.54|161.93|162.37
2018-10-04|160.06|160.08|153.87|156.13
2018-10-05|156.14|157.12|152.25|154.63
2018-10-08|150.2|152.6357|148.34|151.14
2018-10-09|147.97|150.5898|146.47|146.94
2018-10-10|142.5|144|137.92|138.29
2018-10-11|135.53|142.91|135.14|141.9
2018-10-12|148.62|149|144.52|147.29
2018-10-15|144.77|145.69|142.3|144.16
2018-10-16|145.71|149.76|145.26|149.6
2018-10-17|150.68|150.68|146.37|148.14
2018-10-18|145.85|146.28|140.8|142.02
2018-10-19|145.34|146.77|142.61|142.93
2018-10-22|148.99|150.2|146.1|148.8
2018-10-23|143.22|147.51|142.62|146.65
2018-10-24|145.18|146.69|139.34|139.61
2018-10-25|142.5|144.91|141.01|144.6
2018-10-26|139|145.8293|138.55|142.87
2018-10-29|142.42|144|131.36|133.38
2018-10-30|132.28|136.4|130.06|136.33
2018-10-31|141.35|142.65|139.14|142.28
2018-11-01|144.98|152.3175|138.62|151.25
2018-11-02|152.56|154.36|146.28|147.59
2018-11-05|146.22|149.37|144.23|144.64
2018-11-06|145.87|149.96|145.325|147.44
2018-11-07|150.77|152.8|148.94|152.5
2018-11-08|150.99|151.88|146.69|148.99
2018-11-09|145.57|145.72|142.48|144.85
2018-11-12|145.01|146.406|139.97|142.82
2018-11-13|144.83|149.94|143.91|146.98
2018-11-14|150.21|152.15|148.44|150.44
2018-11-15|152.9|157.4|150.89|156.22
2018-11-16|155.04|155.8|152.1423|154.1
2018-11-19|152.02|153.21|148.77|149.53
2018-11-20|144.48|148.07|142.82|145.98
2018-11-21|149.06|151.48|148.65|149.41
2018-11-23|147.3|151.17|147|150.33
2018-11-26|153.21|156.53|152.37|156.01
2018-11-27|154.64|157.94|153.5802|156.46
2018-11-28|159.01|159.8|155.26|159.34
2018-11-29|158.08|159|153.54|156.28
2018-11-30|157.9|160.86|156.7201|160.86
2018-12-03|168.64|168.8|163.51|163.74
2018-12-04|164.88|164.98|156.46|158.34
2018-12-06|153|155.87|150.51|155.83
2018-12-07|155.4|158.05|151.73|153.06
2018-12-10|150.39|152.81|147.48|151.43
2018-12-11|155.26|156.24|150.9|151.83
2018-12-12|155.24|156.17|151.43|151.5
2018-12-13|153.05|153.46|150.52|151.48
2018-12-14|147.71|150.7|145.72|149
2018-12-17|146.5|147.94|142.24|143.98
2018-12-18|144.28|144.75|140.11|140.82
2018-12-19|141.04|141.325|135.73|137.14
2018-12-20|135.83|137.755|132.91|135.11
2018-12-21|137.08|137.19|130.23|132
2018-12-24|130|134.57|129.77|131.89
2018-12-26|132.87|138.02|130.18|138
2018-12-27|135.05|138.45|133.89|138.45
2018-12-28|139.2|140.98|136.79|139.09
2018-12-31|141.83|142.02|136.04|137.07
2019-01-02|134.13|137.7488|133.03|136.7
2019-01-03|134.27|134.8699|129.83|130.6
2019-01-04|134.26|141.08|133.66|139.75
2019-01-07|140.55|144.08|139.01|143.1
2019-01-08|145|147.55|142.06|146.79
2019-01-09|149.89|153.35|148.5|151.92
2019-01-10|149.81|152.03|148.88|151.69
2019-01-11|151.83|153.38|150.1401|151.32
2019-01-14|148.5|150.57|146.54|149.27
2019-01-15|150.68|154.17|149.9643|150.88
2019-01-16|152.81|155.39|151.5|154.84
2019-01-17|152.11|158.55|151.9|155.97
2019-01-18|158.45|159.49|154.73|157.02
2019-01-22|154.4|155.44|150.2069|152.15
2019-01-23|154.65|155.18|150.95|152.03
2019-01-24|151.47|156|151.21|155.86
2019-01-25|158.91|160.5|157.43|159.21
2019-01-28|157.8|159.69|155.3|158.92
2019-01-29|159.04|160.3746|155.92|156.88
2019-01-30|161.29|167.84|160.5|166.82
2019-01-31|167.8|169.73|165.7|168.49
2019-02-01|168|169.4|167.63|167.97
2019-02-04|166.32|167.55|165.61|166.7
2019-02-05|168.55|171.95|168|171.83
2019-02-06|171.86|173.09|169.99|171.52
2019-02-07|169.16|169.61|164.336|166.96
2019-02-08|163.83|167.65|163.75|167.36
2019-02-11|168.85|170.33|167.45|167.45
2019-02-12|169.6|170.49|168.61|168.71
2019-02-13|169.91|171.05|168.99|169.4
2019-02-14|167.64|168.5|166.61|168.38
2019-02-15|168.61|168.77|165.41|166.15
2019-02-19|166.98|171.15|166.5|170.18
2019-02-20|171|172.68|170.61|170.71
2019-02-21|171|171.78|169.8|171.66
2019-02-22|172.8|177.02|172.52|176.92
2019-02-25|181.26|183.72|180.73|183.25
2019-02-26|179.79|184.35|179.37|183.54
2019-02-27|181.72|184.93|180.88|184.58
2019-02-28|183.01|184.3|181.47|183.03
2019-03-01|185.09|186.9|183.38|183.88
2019-03-04|186|187.34|184.46|187.25
2019-03-05|186.94|188.08|185|185
2019-03-06|184.38|185.59|183.02|184.17
2019-03-07|180.91|181.8|176.73|177.32
2019-03-08|171.565|175.35|171.565|175.03
2019-03-11|177.83|181.72|177.58|180.41
2019-03-12|182.04|182.18|179.51|180.63
2019-03-13|180.73|182.535|179.26|180.7
2019-03-14|179.06|180.82|178.01|180.36
2019-03-15|180.66|181.45|179.66|180.97
2019-03-18|181.93|182.89|180.76|181.83
2019-03-19|181.63|183.36|180.85|182.14
2019-03-20|180.94|181.95|178.43|181.28
2019-03-21|178.95|181.73|178.52|181.5
2019-03-22|179.77|180.48|175.3362|176.26
2019-03-25|174.33|178.9|174.1|178.77
2019-03-26|179.7|180.65|177.095|178.08
2019-03-27|177.7|179.83|176.9125|177.03
2019-03-28|177.47|178.53|175.97|177.73
2019-03-29|180.73|182.6|179|182.45
2019-04-01|185.09|185.56|180.89|180.89
2019-04-02|181.46|183.5627|180.95|181.74
2019-04-03|179.51|180.7|176.76|178.32
2019-04-04|177.04|181.96|176.89|181.07
2019-04-05|182.51|185.5|182|185.35
2019-04-08|184.19|187.82|184.01|186.5
2019-04-09|186.49|187.89|186.16|187.19
2019-04-10|186.69|187.4|184|186.19
2019-04-11|185.15|186.06|183.75|184.98
2019-04-12|187.71|189.79|187.14|188.91
2019-04-15|188.06|188.17|182.56|183.07
2019-04-16|185.55|185.79|183.4|185.78
2019-04-17|187.34|188.2|185.78|187.55
2019-04-18|186.41|187.28|185.39|186.94
2019-04-22|184.5|186.47|183.61|185.38
2019-04-23|186|188.15|185.44|187.29
2019-04-24|186.76|186.9|184.58|185.67
2019-04-25|185.24|188.13|183.955|187.88
2019-04-26|187.88|188.74|185.51|187.09
2019-04-29|187.42|188|185.76|186.94
2019-04-30|186.3|188.25|183.82|185.57
2019-05-01|186.75|193.195|185.88|189.31
2019-05-02|189.42|192.7|186.65|190.39
2019-05-03|191.88|195.72|191.88|195.21
2019-05-06|185.17|189|184.83|188.24
2019-05-07|186.05|186.45|179.63|181.43
2019-05-08|180.95|183.2|178.58|179.59
2019-05-09|175.43|180.695|173.07|179.04
2019-05-10|180.18|180.79|174.1|178
2019-05-13|169.79|172.47|168.78|170.01
2019-05-14|172.75|175.15|171.48|174.84
2019-05-15|177.06|180.24|173.3212|177.6
2019-05-16|178.18|178.25|174.75|175.57
2019-05-17|171.69|172.29|168.49|169.57
2019-05-20|164.44|164.57|160.02|160.65
2019-05-21|163.16|165.5896|162.52|163.43
2019-05-22|162.41|162.82|158.07|158.83
2019-05-23|155.45|158.4795|154.41|156
2019-05-24|157.615|158.43|154.9|155
2019-05-28|156.4|157.07|153.22|154.81
2019-05-29|153.58|154.385|150.71|152.48
2019-05-30|152.36|153.37|150.25|151.07
2019-05-31|149.63|150.68|147.95|149.26
2019-06-03|149.6|151.77|148.845|149.91
2019-06-04|151.56|155.2|150.64|154.15
2019-06-05|155.17|156.11|149.31|151.65
2019-06-06|152|152.7|150.57|151.5
2019-06-07|152.95|155.69|152.2135|154.23
2019-06-10|158.78|161.98|157.4|159.85
2019-06-11|164.2|165.68|161.9245|162.65
2019-06-12|160.47|161.7|158.81|160.04
2019-06-13|160.55|161.32|159.8|160.33
2019-06-14|158.37|158.71|157.23|158.1
2019-06-17|157.53|160.55|157.42|159.91
2019-06-18|162.89|169.11|161.95|165.51
2019-06-19|167.77|167.9|163.42|165.46
2019-06-20|170.19|170.48|166.275|168.25
2019-06-21|167.48|169.471|166.77|167.55
2019-06-24|168.4|168.88|165.78|168.1
2019-06-25|167.04|167.34|164.62|165.8
2019-06-26|168.28|171.24|168.15|168.99
2019-06-27|170.62|171.98|169.38|170.9
2019-06-28|170.2|170.89|167.96|169.45
2019-07-01|175.865|177.95|174.36|175.05
2019-07-02|175.13|175.55|174.25|175.45
2019-07-03|175.69|175.85|173.85|174.67
2019-07-05|173.75|173.82|172.82|173.3
2019-07-08|170.09|170.28|168.35|168.45
2019-07-09|167.085|168.98|166.5|168.8
2019-07-10|171.24|171.37|166.86|166.93
2019-07-11|167.56|168.424|165|166.55
2019-07-12|168|170.2|167.65|169.07
2019-07-15|171.5|173.75|170.42|173.5
2019-07-16|174.2|175.52|173.46|174.19
2019-07-17|172.75|176.22|172.49|174.82
2019-07-18|173.41|174.4|172.06|172.8
2019-07-19|174.87|175.15|172.99|172.99
2019-07-22|173.5|174.28|171.4373|174
2019-07-23|175.39|178.64|174.845|178.09
2019-07-24|178|178.96|176.9382|178.67
2019-07-25|178.49|179.15|175.369|177.29
2019-07-26|178.25|179.4|176.88|178.74
2019-07-29|178.43|179.88|175.35|177.02
2019-07-30|174.25|175.71|172.89|174.1
2019-07-31|173.71|174.89|170.09|173.11
2019-08-01|174.54|175.7145|162.1|165.65
2019-08-02|162.56|163.85|160.35|161
2019-08-05|155.03|157.23|151.85|153.67
2019-08-06|158.48|158.73|156.11|157.43
2019-08-07|155.73|159.48|155.3|159.17
2019-08-08|161.71|162.3|159.12|162.22
2019-08-09|160.98|161.99|159.11|159.12
2019-08-12|157.5|159.38|155.54|159.31
2019-08-13|160.64|167.36|159.57|164.03
2019-08-14|161.34|163|159.21|162.06
2019-08-15|170.11|171|164.36|166.97
2019-08-16|170|177.55|168.57|174.6
2019-08-19|177.43|178.8|175.59|178.28
2019-08-20|175.91|177.99|175.62|177.21
2019-08-21|177.22|178.5|174.89|175.24
2019-08-22|174.1|174.9796|170.5|171.91
2019-08-23|169.69|171.49|163.831|164.54
2019-08-26|166.49|167.45|165.53|165.9
2019-08-27|167.2|168.19|165.19|166.2
2019-08-28|164.64|168|164.2|167.48
2019-08-29|171|173.96|170.95|172.81
2019-08-30|174.35|175.25|172.66|175.03
2019-09-03|173|174.72|172.15|172.41
2019-09-04|176.26|176.55|173.99|174.33
2019-09-05|176.88|178.95|176.52|178.94
2019-09-06|179.01|179.22|176.21|176.69
2019-09-09|177.88|177.99|175.86|177.78
2019-09-10|176.28|176.3|172.22|174.99
2019-09-11|176|176.66|174.15|176.09
2019-09-12|177.89|180.5|177|178.24
2019-09-13|179.74|180.18|178.61|179.17
2019-09-16|177.75|179.17|175.37|177.07
2019-09-17|176.85|179.12|176.05|179
2019-09-18|179.15|180.17|177.58|180
2019-09-19|180.9|184.13|180.43|180.46
2019-09-20|182.31|183.82|178.84|182.51
2019-09-23|181.25|181.33|176.8|176.98
2019-09-24|179.17|179.49|171.3|171.55
2019-09-25|172.3|176.99|171.72|176.66
2019-09-26|177|178.23|174.83|175
2019-09-27|176|176.5|163.15|165.98
2019-09-30|169.8865|170.2|166.45|167.23
2019-10-01|168.01|168.23|163.64|165.15
2019-10-02|162.82|166.88|161.9|165.77
2019-10-03|166.65|170.18|165|169.48
2019-10-04|169.6|170.7|167.56|170.34
2019-10-07|168.83|172.3|167.21|168.32
2019-10-08|164.3|165.22|161.68|161.93
2019-10-09|165.5|166.58|163.42|165.19
2019-10-10|165.96|168.57|164.09|166.07
2019-10-11|170.77|174.88|169.57|172.94
2019-10-14|172.84|173.34|170.79|171.16
2019-10-15|172.91|176.75|172.69|175.29
2019-10-16|175.8|177.35|174.12|177.12
2019-10-17|178|178.59|175.23|176.85
2019-10-18|176|176.23|169|169.13
2019-10-21|172.64|173.91|170.87|173.52
2019-10-22|174.53|175.3602|169.26|169.89
2019-10-23|170.45|171.04|168.12|169.92
2019-10-24|171.28|172.75|170.21|172.55
2019-10-25|171.56|175.81|170.88|174.31
2019-10-28|176.5|179.64|176.41|178.68
2019-10-29|177.06|177.74|175.44|176.89
2019-10-30|175.42|177.88|173.9359|177.53
2019-10-31|179.16|179.24|175.5|176.67
2019-11-01|179.01|182.12|176.06|176.46
2019-11-04|180.66|182.4|178.02|179.69
2019-11-05|181.42|183.2|180.31|182
2019-11-06|183.61|185|182.2|184.16
2019-11-07|187.07|188.07|184.69|186.66
2019-11-08|187.9016|188.28|185.15|187.16
2019-11-11|184.82|187.2|181.37|186.71
2019-11-12|185.91|187.65|185.14|186.97
2019-11-13|185.47|185.674|181|182.48
2019-11-14|182.87|184.5|181.3212|182.8
2019-11-15|184|185.6|183.71|185.49
2019-11-18|186.98|186.98|184.16|184.61
2019-11-19|186.31|186.71|183.87|185.25
2019-11-20|183.67|183.7|181.06|182.35
2019-11-21|181.77|184.89|181.6|184.86
2019-11-22|185.8|186.78|183.935|186.78
2019-11-25|188.32|190.72|187.88|190.45
2019-11-26|190.39|195|189.04|194.7
2019-11-27|197.24|200.98|197|200.82
2019-11-29|199.81|200.43|198.3502|200
2019-12-02|198.58|198.67|193.51|196.31
2019-12-03|190.97|195|189.85|194.9
2019-12-04|195.53|196.66|193.23|193.74
2019-12-05|196.93|200.94|196.43|200
2019-12-06|201.11|202|199.51|201.89
2019-12-09|200.32|203.43|198.55|198.74
2019-12-10|200.71|202.48|199.23|200.45
2019-12-11|201.1|204.8|200.72|204.64
2019-12-12|203.71|206|202|204.5
2019-12-13|205.76|207.1|203.77|204.91
2019-12-16|206.33|209.15|206.19|206.97
2019-12-17|208.69|208.87|206.82|208.18
2019-12-18|208.53|210.05|208.04|210
2019-12-19|209.61|211.37|209.23|210.13
2019-12-20|211.35|213.98|210.42|212.25
2019-12-23|213.25|215.05|212.91|214.83
2019-12-24|215.01|215.43|213.35|214.26
2019-12-26|214.65|216.99|214.33|216.38
2019-12-27|217.99|218.11|215.17|215.47
2019-12-30|215.78|215.78|211.76|212.91
2019-12-31|212|213.64|210.73|212.1
2020-01-02|216.6|219.98|216.54|219.77
2020-01-03|216.35|218.2025|216.01|217
2020-01-06|214.89|217.16|214.09|216.64
2020-01-07|217.64|218.94|216.69|217.63
2020-01-08|216.6|220.65|216.32|218
2020-01-09|221.5|223.08|220.82|221.78
2020-01-10|223.9|225.96|222.061|223.83
2020-01-13|228.81|231.14|227.04|230.48
2020-01-14|230.05|230.175|224.88|226.49
2020-01-15|226.65|227.82|224.39|225.06
2020-01-16|226.3|226.33|222.73|223.94
2020-01-17|225.9|228|225.35|227.43
2020-01-21|222.45|222.6|220.7295|222.26
2020-01-22|224.69|225.58|222|222.37
2020-01-23|217.93|220.13|216.77|219.13
2020-01-24|218.49|219.83|211.3251|213.75
2020-01-27|201.22|208.02|199.5|205.47
2020-01-28|209.74|210.91|207.17|210.23
2020-01-29|212.56|213.98|209.52|212.02
2020-01-30|207.88|209.86|205.03|208.58
2020-01-31|206.5|207.93|204.7282|206.59
2020-02-03|208.67|215.02|208.67|213.1
2020-02-04|221.35|224.38|220.49|222.88
2020-02-05|226.52|226.7|217.54|220.22
2020-02-06|223.13|223.65|219.78|220.9
2020-02-07|217.46|217.84|214.88|216.53
2020-02-10|213.5|215.77|212.2|215.77
2020-02-11|219.91|220.01|215.29|217.21
2020-02-12|221.13|225.52|220.21|224.31
2020-02-13|220|225|218.99|220.36
2020-02-14|221.1|221.64|218.23|219.63
2020-02-18|218.55|220.85|217.51|220.52
2020-02-19|221.52|223.56|220.75|222.14
2020-02-20|222.5|222.5|214.22|218.04
2020-02-21|217.54|217.6|211.56|212.59
2020-02-24|203.55|207.28|202.51|206.16
2020-02-25|208.51|209.95|204.1|205.61
2020-02-26|206.8|213.08|206.79|208.74
2020-02-27|205.01|209.97|201.86|205.03
2020-02-28|198.98|208.92|198.561|208
2020-03-02|208.59|211.11|203.7563|210.98
2020-03-03|211.08|211.39|202.2398|207.41
2020-03-04|209.49|212.7|208.85|211.96
2020-03-05|210|215.15|209.14|211.46
2020-03-06|206.7|207|201.1|204.64
2020-03-09|195.62|199.89|193.93|197.66
2020-03-10|205.53|207.45|200.8|206.39
2020-03-11|201.65|203.1|196.11|198.91
2020-03-12|186.5|190.4865|183.93|185.1
2020-03-13|194.9|195.99|187.81|194
2020-03-16|176.15|188|174.5|178.85
2020-03-17|181.26|189.39|179.69|184.81
2020-03-18|176|182.41|170|180
2020-03-19|179.26|187.25|177.39|180.88
2020-03-20|187.74|188.3|180|181.3
2020-03-23|175.27|178.5|169.95|176.34
2020-03-24|183.09|188.8|181.18|185.75
2020-03-25|185.82|195.19|185.53|188.56
2020-03-26|188.64|196.32|187.6|195.32
2020-03-27|189.97|192.74|188|188.59
2020-03-30|187.48|191.48|187.01|191.27
2020-03-31|192|196.79|190.6|194.48
2020-04-01|189.5|192.87|185.04|187.56
2020-04-02|186.08|191.3|185.6922|188.9
2020-04-03|190.12|190.55|185.41|187.11
2020-04-06|194.74|196.88|192.7|196.45
2020-04-07|200.05|201.45|197.05|198
2020-04-08|198.34|198.86|193.8835|195.98
2020-04-09|198.65|200.35|193.4|196.37
2020-04-13|197.4|200.325|195.53|199.44
2020-04-14|204.95|207.97|204.25|204.78
2020-04-15|204.77|209.15|201.31|208.17
2020-04-16|210.53|213.25|209.12|212.66
2020-04-17|214.9797|214.9797|208.8514|209.5
2020-04-20|209.87|216.1|209.36|212.13
2020-04-21|209.9|212.13|205.03|207.34
2020-04-22|212|212|209.21|209.96
2020-04-23|210.24|210.56|203.46|205.24
2020-04-24|205.89|206.5|202.82|204.36
2020-04-27|207.55|207.78|202.03|203.69
2020-04-28|204.81|205.19|199.407|201.15
2020-04-29|202.93|207.08|202.51|206.7
2020-04-30|206.25|206.7|199.29|202.67
2020-05-01|195.75|197.38|192.86|194.48
2020-05-04|194.76|195|189.53|191.15
2020-05-05|196.38|198.27|194.2|195.02
2020-05-06|197.67|198.91|194.93|195.17
2020-05-07|198|198.09|194.78|196.49
2020-05-08|199.8|203.02|198.68|201.19
2020-05-11|202.78|206.64|202.38|205.4
2020-05-12|206.95|208.05|200.02|200.31
2020-05-13|203.62|204.68|197.98|199.46
2020-05-14|195.5|201.77|194.03|201.3
2020-05-15|200.7|204.4899|200.1|203.68
2020-05-18|212.5|215.47|210.37|215.28
2020-05-19|216.73|220.59|215.19|217.2
2020-05-20|220|221.1574|210.58|216.79
2020-05-21|211.29|214.58|209.53|212.16
2020-05-22|203.23|204.88|198.99|199.7
2020-05-26|205.94|206.8|201|201.72
2020-05-27|202.99|202.99|196.75|201.18
2020-05-28|199|202.37|197.62|199.49
2020-05-29|200|207.88|196.7|207.39
2020-06-01|205.9|207.2|203.94|206.57
2020-06-02|207.21|214.57|207.17|214.33
2020-06-03|215.6|218.97|213.75|218.61
2020-06-04|217.28|220|216.32|218.04
2020-06-05|220|220.59|218.7|219.55
2020-06-08|219.6|220.4|215.33|219
2020-06-09|216.31|220.72|216.2|220.72
2020-06-10|222|225|220.6|223.68
2020-06-11|218|219.95|213.56|215.24
2020-06-12|218.5|219.5|213.88|217.64
2020-06-15|214.11|217.72|212.75|217.03
2020-06-16|221|224.84|220.1001|222.62
2020-06-17|224.4|225|222.5|224.25
2020-06-18|223.74|226.03|222.92|223.54
2020-06-19|226.38|226.5|220.09|220.64
2020-06-22|220.92|222.08|219.445|221.41
2020-06-23|225.12|230.225|224.53|228.75
2020-06-24|228.3|231.03|224.2524|226.22
2020-06-25|224.59|224.69|220.87|222.16
2020-06-26|222.21|222.26|213.5|215.71
2020-06-29|215.03|216.5|211.82|215.02
2020-06-30|215.74|216.43|212.89|215.7
2020-07-01|215.81|216.55|214.74|215.95
2020-07-02|221.85|225.025|220.06|223.6
2020-07-06|233.31|240.48|232.82|240
2020-07-07|241.01|241.3|236.13|236.51
2020-07-08|244.86|258.49|244.02|257.68
2020-07-09|265.55|268|255.91|261.58
2020-07-10|260.21|261.9|255.71|261.01
2020-07-13|261.45|265.66|250.68|251.67
2020-07-14|246.57|249.75|241.23|248.58
2020-07-15|251.48|252.5|246.54|249.21
2020-07-16|241.77|245.05|240.74|242.5
2020-07-17|246.55|247.9299|244.48|247.14
2020-07-20|256.45|257.67|252.43|254.81
2020-07-21|261.21|261.92|256.52|257.9
2020-07-22|255.76|256.27|249.6|251.7
2020-07-23|252.1|257.66|248.69|251.88
2020-07-24|244.96|249.48|241.89|249
2020-07-27|247.11|252.87|245.81|250.86
2020-07-28|251.15|251.65|248.53|249.05
2020-07-29|250.34|254.3|250.1|252.45
2020-07-30|251.7|253.86|249.62|252.74
2020-07-31|254.2|254.4|248.1|251.02
2020-08-03|254.02|260.65|254|257.94
2020-08-04|260.08|262.56|258.82|262.2
2020-08-05|263.74|265.976|261.755|264.91
2020-08-06|263.42|265.7|259.2|265.68
2020-08-07|257.41|257.76|247.57|252.1
2020-08-10|249.34|251.7499|246.1|248.13
2020-08-11|251.29|252.88|247.83|248.42
2020-08-12|249.25|256.08|248.68|255.19
2020-08-13|256.39|256.97|252.8799|253.72
2020-08-14|255.49|255.77|251.64|253.97
2020-08-17|253|257.375|250.085|256.96
2020-08-18|258.71|261.42|256.06|259.2
2020-08-19|260.89|261.29|257.38|260.59
2020-08-20|256.89|258.88|254.18|257.97
2020-08-21|259.03|267.43|258.31|265.8
2020-08-24|273.24|276.97|271.62|276.02
2020-08-25|278.06|289.12|276.04|286
2020-08-26|289.26|292.48|284.1|291.96
2020-08-27|290.17|290.25|282.1|284.17
2020-08-28|285.09|289.5|283.57|289
2020-08-31|288.62|289.19|283.61|287.03
2020-09-01|289.2|298|288.87|298
2020-09-02|299|299|289.79|296.07
2020-09-03|289|290.7334|278.16|282.5
2020-09-04|279.6|283.78|267.39|281.39
2020-09-08|270.23|273.97|266.59|270.02
2020-09-09|274.45|275.64|270.88|273.15
2020-09-10|274.9|277.1|267.4|267.55
2020-09-11|272.63|274.53|268.12|271.61
2020-09-14|275.36|276.29|271.76|274.1
2020-09-15|278|279.1|274.8|277.96
2020-09-16|281.03|283.605|278|278.14
2020-09-17|273.11|275.9|272.3213|275.72
2020-09-18|275.98|277.27|270.55|272.41
2020-09-21|269.1|274.22|266.4|273.82
2020-09-22|276.02|276.32|270.05|275.29
2020-09-23|275.4|277.83|271.5|272.95
2020-09-24|267.93|271.25|267.3338|269.73
2020-09-25|267.57|271.81|264.56|271.09
2020-09-28|275.53|278.84|274.1989|276.01
2020-09-29|275.43|279.3|274.9|276.93
2020-09-30|284.01|295|283.71|293.98
2020-10-01|295.26|295.59|288.25|290.05
2020-10-02|286.62|291.9794|286.51|288.17
2020-10-05|289.06|290|284.88|288.27
2020-10-06|287.41|296.84|286.91|292.39
2020-10-07|297.99|299.51|292.87|296.5
2020-10-08|298.11|302.3|295.441|300.54
2020-10-09|298.55|302.61|297.74|299.74
2020-10-12|303.95|309.64|301.2848|306.34
2020-10-13|306.36|310.01|303.03|308.78
2020-10-14|309|309.96|300.8|301.04
2020-10-15|293.8|299.8628|292.61|299.46
2020-10-16|303.99|310|302.95|307.31
2020-10-19|309.89|313.81|303.41|305.29
2020-10-20|307.6|311.8|307.06|309.81
2020-10-21|311.75|314|307.7|307.97
2020-10-22|311.46|311.85|304.2101|306.28
2020-10-23|307.27|310.33|304.06|309.92
2020-10-26|309.92|315.4599|303.2|306.87
2020-10-27|307.75|319.32|305.61|317.14
2020-10-28|313.5|313.5|306|307.94
2020-10-29|309.44|315.58|308.91|312.56
2020-10-30|308.55|310.83|300.19|304.69
2020-11-02|310.95|311.44|305.39|310.84
2020-11-03|286.2|294.28|280.78|285.57
2020-11-04|287.79|299.17|285.3|295.71
2020-11-05|289.09|291.25|279.6|287.75
2020-11-06|291.49|300.89|289.786|299.95
2020-11-09|303.77|304|290.5|290.53
2020-11-10|279.97|280|264.33|266.54
2020-11-11|261.92|271.92|261.205|265.65
2020-11-12|271.04|271.2|263.04|264.31
2020-11-13|264.72|265.44|257.17|260.84
2020-11-16|260.42|262.57|257.03|258.31
2020-11-17|260.28|260.28|256.54|256.8
2020-11-18|257.76|258.31|252.55|255.83
2020-11-19|255|261.4|253.5601|259.89
2020-11-20|263.97|272.3699|261.9|270.74
2020-11-23|274.75|275.73|266.4107|270.11
2020-11-24|276.235|280.61|272.8|279.96
2020-11-25|275.7|279.33|274.05|277.72
2020-11-27|278.8|278.92|275.6656|276.48
2020-11-30|268.97|268.97|262.52|263.36
2020-12-01|265.47|265.67|261.57|264.01
2020-12-02|262|263.1|260.11|261.32
2020-12-03|263.78|268.6|263.14|266.91
2020-12-04|271.02|271.3|266.27|267.25
2020-12-07|265.7|265.97|262.6|264
2020-12-08|265.2|268.4|263.87|266.09
2020-12-09|267.56|267.91|263.1|263.8
2020-12-10|261.99|266.0899|261.2001|264.87
2020-12-11|264.29|265.3199|262.5|264.54
2020-12-14|260.32|260.855|256.03|256.03
2020-12-15|255.34|255.68|252.3|255.11
2020-12-16|257.74|263.18|257.04|261.89
2020-12-17|264.7|264.85|260.2|264.43
2020-12-18|263.9|264.9|259.2|260
2020-12-21|255.17|260.46|254.5|260.43
2020-12-22|257.87|258.34|255.41|255.83
2020-12-23|255.5|257.3499|252.5301|256.18
2020-12-24|228.235|229.9|211.23|222
2020-12-28|216.88|224.99|215.3201|222.36
2020-12-29|231.76|239.19|229.6|236.26
2020-12-30|243.3484|243.39|234.6452|238.39
2020-12-31|237.46|238.92|231.0267|232.73
2021-01-04|226.5|230.38|225.04|227.85
2021-01-05|229.05|240.76|228.12|240.4
2021-01-06|234.95|238.3|225.86|227.61
2021-01-07|229.31|229.95|220.09|226.9
2021-01-08|227.88|238.6|226.6833|236.19
2021-01-11|229.9|230.8245|225.86|227.37
2021-01-12|228.385|229.75|225.14|225.6
2021-01-13|229.94|240.49|226.29|235.3
2021-01-14|245.31|245.7|241.47|242.98
2021-01-15|246.25|246.99|242.1501|243.46
2021-01-19|250|252.88|246.99|251.65
2021-01-20|267.5|269|262.7|265.49
2021-01-21|264.13|264.6|257.9|260
2021-01-22|256.8|260.33|255.5|258.62
2021-01-25|263.62|265.2|257.85|261.38
2021-01-26|263.8|266|261.12|265.92
2021-01-27|265.13|265.92|259.95|260.25
2021-01-28|259.17|261.57|257.33|260.76
2021-01-29|256.03|258.9|252.3|253.83
2021-02-01|258.8|265|255.195|264.69
2021-02-02|264.57|265|254.04|254.5
2021-02-03|264.7|268.28|261.2501|263.43
2021-02-04|269.58|269.99|265.5576|266.96
2021-02-05|264.61|266.45|263.21|265.67
2021-02-08|264.98|265|261.82|262.59
2021-02-09|263|267.2|262.54|266.49
2021-02-10|268.7|270.4|264.6|267.79
2021-02-11|268.75|274.26|267.2|268.93
2021-02-12|269.09|270.25|265.6804|267.85
2021-02-16|271|274.29|270.4|270.7
2021-02-17|270.89|272.316|267.81|270.83
2021-02-18|265.23|266.18|262.33|264.51
2021-02-19|266.05|269.39|262.85|263.59
2021-02-22|257.99|259.46|254|254
2021-02-23|247.31|254.9|241.62|252.75
2021-02-24|252|252|248.1|250.34
2021-02-25|250|250.34|240.07|240.18
2021-02-26|244.63|244.9|237.65|237.76
2021-03-01|241.05|242.79|239.26|241.69
2021-03-02|238.79|241.2|234.27|234.42
2021-03-03|237.5|239.6086|234.4506|236.27
2021-03-04|235|236.37|228.36|230.5
2021-03-05|235.42|236.43|228.34|233.89
2021-03-08|229.02|230.81|226.53|226.69
2021-03-09|233.38|238.74|233.075|238.14
2021-03-10|241|241.325|233.64|234.3
2021-03-11|237.2|241.72|235|240.8
2021-03-12|233.695|235.45|229.7058|231.87
2021-03-15|228.41|230.45|226.26|230.28
2021-03-16|228.07|229.85|225.53|226.93
2021-03-17|226.5|235.63|225.81|233.34
2021-03-18|238.56|239.5|235.56|236.43
2021-03-19|239.66|241.6|236.8838|239.79
2021-03-22|235.855|238.53|235|237.12
2021-03-23|237.3|241.12|235.5|237.67
2021-03-24|236.83|237.3|229.24|229.59
2021-03-25|225|229.24|222.5|222.72
2021-03-26|222|229.239|220.42|227.26
2021-03-29|225.49|232.38|225.1|231.86
2021-03-30|229.27|230.45|226.64|229.25
2021-03-31|229.89|231.52|226.47|226.73
2021-04-01|230.68|231.25|223.5|224.36
2021-04-05|226.53|226.57|222.52|225.3
2021-04-06|226.03|232|225.74|230.57
2021-04-07|226.11|228.19|224.8|225.42
2021-04-08|228.5|229.42|226.62|228.24
2021-04-09|224.85|225.07|221.32|223.31
2021-04-12|237.89|244.91|236.65|244.01
2021-04-13|243.66|245.69|239.69|241.89
2021-04-14|244.37|245.09|238.65|239.23
2021-04-15|240|240.95|238.1268|239.09
2021-04-16|241.89|241.89|237.82|238.69
2021-04-19|237.44|238.42|232.81|234.78
2021-04-20|232.87|234.63|228.4301|229.88
2021-04-21|229.33|229.49|226.0701|229.44
2021-04-22|228.765|234|227.8201|229.35
2021-04-23|230.65|233|230.51|232.08
2021-04-26|231.5|233.49|230.82|232.7
2021-04-27|233.44|236.93|232.08|235.92
2021-04-28|237.57|239.22|236.33|236.72
2021-04-29|237.79|238.05|232.6|234.18
2021-04-30|231.77|233.85|230.51|230.95
2021-05-03|231.27|236.1699|230.4052|230.71
2021-05-04|230.25|231.48|225.45|227.9
2021-05-05|228|229.3|226.73|226.78
2021-05-06|227.11|228.44|222.88|226.42
2021-05-07|227.9|228.79|225.05|225.31
2021-05-10|222.87|222.87|218.56|219.53
2021-05-11|213.71|221.39|213|221.38
2021-05-12|224.74|225.29|219|219.9
2021-05-13|213.15|215.5|204.39|206.08
2021-05-14|209.9235|210.94|206.02|209.51
2021-05-17|210.615|213.15|209.44|211.05
2021-05-18|212.5|215.17|211.42|213.72
2021-05-19|211.1|212.91|210.12|212.54
2021-05-20|212.995|217.63|212.63|216.99
2021-05-21|215.23|215.89|209.87|211.06
2021-05-24|210.03|212.01|208.7|210.44
2021-05-25|212.83|214.05|211.01|211.13
2021-05-26|212.3|213.75|211.54|211.78
2021-05-27|214.17|215.46|212.53|212.74
2021-05-28|212.76|214.53|212.06|213.96
2021-06-01|223.02|223.13|218.24|219.48
2021-06-02|219.43|219.94|217.46|219.59
2021-06-03|218|218.7|216.305|217.04
2021-06-04|218.28|219.08|217.14|219.02
2021-06-07|218|218.4|215.69|216.9
2021-06-08|217.29|218.23|214.74|215.82
2021-06-09|215.21|216.57|213.31|213.32
2021-06-10|213.5|214.8|212.21|213.07
2021-06-11|213.45|213.46|211|211.64
2021-06-14|212.25|215.165|212.2435|213.94
2021-06-15|214.17|214.49|209.64|210.06
2021-06-16|209.75|211.62|208.2256|209.32
2021-06-17|209.9|212.49|209.77|211.6
2021-06-18|212.01|213.84|210.59|212.3
2021-06-21|210.55|211.78|208.99|211.06
2021-06-22|210.42|211.66|209.86|211.32
2021-06-23|214.19|216.33|213.13|214.86
2021-06-24|216.99|219.58|215.56|218.38
2021-06-25|221.71|230.25|221.1|228.5
2021-06-28|229.5|230.89|226.72|228.59
2021-06-29|226.7|229.64|225.602|229.44
2021-06-30|226.99|227.98|225.68|226.78
2021-07-01|228.07|228.85|221.55|221.87
2021-07-02|219.16|219.5|216.46|217.75
2021-07-06|215.32|215.4|209.3733|211.6
2021-07-07|211.61|212.05|207.82|208
2021-07-08|201.71|202.28|198.26|199.85
2021-07-09|202.05|207.268|201.5|205.94
2021-07-12|203.9|206.455|203.02|205.48
2021-07-13|209.23|212.81|208.19|209.51
2021-07-14|215.5|216.35|211.03|211.5
2021-07-15|215.11|216.6|213.1606|214.76
2021-07-16|214.85|215.2|211.46|212.1
2021-07-19|206.1|209.08|203.24|208.91
2021-07-20|209|211.5|207.4668|210.59
2021-07-21|209.15|211.85|208.42|211.08
2021-07-22|212.64|216.39|212.6|214.04
2021-07-23|206.29|206.89|203.56|206.53
2021-07-26|198.37|198.575|190.88|191.76
2021-07-27|183.59|186.9|179.6701|186.07
2021-07-28|190.23|198|189.76|196.01
2021-07-29|201.045|201.14|194.91|197.54
2021-07-30|190.58|196.045|190.49|195.19
2021-08-02|196.27|202.07|196.25|200.09
2021-08-03|195.01|197.44|192|197.38
2021-08-04|197.49|203.275|196.91|200.71
2021-08-05|199.27|200.29|197.64|199.28
2021-08-06|199.25|199.32|195.68|196.39
2021-08-09|194.58|195.5|192.82|195.25
2021-08-10|197.27|198.45|195.0727|195.73
2021-08-11|196.6|196.92|194.73|194.86
2021-08-12|191.17|192.98|189.685|191.66
2021-08-13|188.61|189.26|186.71|188.62
2021-08-16|185|186.26|181.51|182.71
2021-08-17|175.92|177.89|173.15|173.73
2021-08-18|174.1|175.36|172.11|172.35
2021-08-19|166.7|167.2644|159.51|160.55
2021-08-20|164.12|166.93|155.5|157.96
2021-08-23|159.28|161.47|152.8|161.06
2021-08-24|169.04|174.1515|168.1575|171.7
2021-08-25|168.7|169.61|166.08|169.1
2021-08-26|167.46|168.45|164.82|165.24
2021-08-27|159.99|161.7699|158.55|159.47
2021-08-30|160.17|163.29|158.23|162.29
2021-08-31|167.7|169|166.14|166.99
2021-09-01|169.56|174.79|169.33|173.28
2021-09-02|178.01|178.18|171.67|172
2021-09-03|169.525|172.06|168.88|170.3
2021-09-07|174.15|176.84|173.37|175.16
2021-09-08|174.25|174.37|169.26|170.71
2021-09-09|167.3|169.04|165.58|167.32
2021-09-10|171.2|171.64|167.61|168.1
2021-09-13|164.49|166.8623|163.02|165.41
2021-09-14|162.86|163.069|159.48|160.15
2021-09-15|157.95|158.03|153.92|157.86
2021-09-16|154.92|157.6388|153.67|156.26
2021-09-17|158.48|160.38|158.09|160.05
2021-09-20|154.4|155.14|149.09|151.49
2021-09-21|151.58|152.58|149.571|150.18
2021-09-22|151.47|154|151.02|151.89
2021-09-23|152.58|152.68|149.61|151.19
2021-09-24|147.71|148|144.57|145.08
2021-09-27|144.92|150.99|144.44|150.18
2021-09-28|152.16|153.73|148.86|152.39
2021-09-29|150.46|152.1|147.48|147.58
2021-09-30|147.03|149.58|146.8644|148.05
2021-10-01|147.09|148.45|143.34|144.2
2021-10-04|141.7|141.9|138.43|139.63
2021-10-05|139.38|143.83|139.19|143.14
2021-10-06|140.56|144.892|139.96|144.1
2021-10-07|151.05|158.29|150.75|156
2021-10-08|159.86|162.78|157.91|161.52
2021-10-11|169.61|169.8|163.95|163.95
2021-10-12|163.825|165.73|162.24|163
2021-10-13|164.38|168.265|163.6|167.4
2021-10-14|168.26|168.99|164.46|166.78
2021-10-15|166.99|169.8|165.435|168
2021-10-18|166.58|169.25|166.58|166.82
2021-10-19|170.6|177.44|170.45|177
2021-10-20|180.95|182.09|176.1301|177.18
2021-10-21|177|179.78|176.71|177.42
2021-10-22|179.08|182.09|175.81|177.7
2021-10-25|177.86|178.28|173.83|176.17
2021-10-26|174.48|174.9|167.48|169.99
2021-10-27|167.53|172.45|167.34|169.23
2021-10-28|168.49|170.35|166.77|169.79
2021-10-29|167.07|168.56|162.72|164.94
2021-11-01|165.84|171.895|165.8|170.17
2021-11-02|167.1|167.1|162.76|162.9
2021-11-03|165.36|166.65|163.11|166.24
2021-11-04|169.28|169.94|164.5|164.79
2021-11-05|164.795|164.795|158.3|158.73
2021-11-08|161.765|162.16|159.48|162.16
2021-11-09|162.16|164.48|159.54|160.19
2021-11-10|163.68|166.48|161.82|163.97
2021-11-11|166.56|169.63|166.56|167.85
2021-11-12|165.1735|167.8|163.4|166.81
2021-11-15|167.22|168.46|165.67|166.54
2021-11-16|168.6|169.94|166.67|168.43
2021-11-17|168.02|168.3|161.135|161.58
2021-11-18|146.91|148.5|141.89|143.6
2021-11-19|143.04|145.06|140|140.34
2021-11-22|139.9|140.7|135.21|136.62
2021-11-23|136.032|136.8499|133.31|133.66
2021-11-24|133.1|136.76|131.22|136.52
2021-11-26|132.93|133.9804|131.22|133.35
2021-11-29|134.25|134.55|130.55|131.61
2021-11-30|129.9008|131.32|126.13|127.53
2021-12-01|128.37|129.155|121.9|122.49
2021-12-02|123.02|125|119.3401|122
2021-12-03|118|118.19|108.7|111.96
2021-12-06|113.64|123.82|113.43|123.6
2021-12-07|129.3|129.4499|123.4601|125.54
2021-12-08|123.21|126.97|121.32|125.08
2021-12-09|124.63|127.76|123.2117|123.91
2021-12-10|123.22|125.21|122.7797|125.06
2021-12-13|123|123.25|119.75|122.24
2021-12-14|120.93|127.65|120.3|126.58
2021-12-15|122.63|123.59|117.77|122.47
2021-12-16|122.32|125.69|118.9|120.25
2021-12-17|119.49|122.87|117.81|122.1
2021-12-20|118.5|118.83|113.695|115
2021-12-21|116.85|122.98|116.6|122.98
2021-12-22|117.09|118.66|115.15|117.81
2021-12-23|116.8|119.59|115.39|118.66
2021-12-27|117.8|121.8|116.1021|116.59
2021-12-28|116.26|116.42|114.47|114.8
2021-12-29|113.8|114.2|110.38|112.09
2021-12-30|112.63|124.3|112.3|122.99
2021-12-31|121.23|122.91|118.59|118.79
2022-01-03|119.38|121.95|115.82|120.38
2022-01-04|119.53|120.87|115.77|119.56
2022-01-05|118|126.62|117.7001|121.16
2022-01-06|124.26|128.3999|123.465|126.63
2022-01-07|130.24|133.88|128.18|129.81
2022-01-10|131.99|132.6|126.23|128.3
2022-01-11|129.21|134.23|127.47|132.19
2022-01-12|136.02|138.7|135.585|137.41
2022-01-13|135.2|135.92|131.3|131.37
2022-01-14|132.81|134.36|129.35|131.57
2022-01-18|126.27|132.13|124.82|128.6
2022-01-19|128.1|130.86|127.13|127.74
2022-01-20|135.77|136.75|130.68|131.03
2022-01-21|128.23|128.96|122.5207|123.23
2022-01-24|119.32|120.78|115.32|120.37
2022-01-25|119.91|122.4599|118.04|119.14
2022-01-26|120.93|120.93|112.9624|113.37
2022-01-27|113.11|114.54|110.27|111.79
2022-01-28|113.25|115.32|110.06|115.23
2022-01-31|118.17|125.87|117.5|125.79
2022-02-01|124.81|128|122.97|127.22
2022-02-02|127.63|127.63|121.17|122.88
2022-02-03|121.55|125.27|120.73|123.47
2022-02-04|121.27|123.94|119.66|122.22
2022-02-07|116.1|116.55|113.6|114.82
2022-02-08|118.16|122.24|116.8|121.9
2022-02-09|123.09|126.8|121.94|126.5
2022-02-10|124.11|128.34|123.4|123.98
2022-02-11|125.335|126.72|121.94|122.25
2022-02-14|120.56|122.384|119.37|121.92
2022-02-15|123.77|126.805|123.3776|126.24
2022-02-16|125.61|127.58|124.51|125.56
2022-02-17|125|129.4|124.0563|124.43
2022-02-18|120.88|120.88|117.2|118.99
2022-02-22|114|114.85|112.06|112.93
2022-02-23|115.1|115.4|109.6|109.72
2022-02-24|100.0735|108.95|100.02|108.93
2022-02-25|107.89|108.55|104|107.94
2022-02-28|105.97|107.49|103.64|105.19
2022-03-01|105.85|111.25|105.85|107.09
2022-03-02|107.39|107.39|103.24|105.42
2022-03-03|106.03|106.6299|101.07|102.05
2022-03-04|100.29|104.39|99.33|100.6
2022-03-07|99.56|103.36|98.6|98.66
2022-03-08|99.32|100.91|95.57|97.5
2022-03-09|100.26|100.97|98.32|100.93
2022-03-10|95.19|95.7|90.82|92.92
2022-03-11|93.26|93.95|86.68|86.71
2022-03-14|80.7|82.45|77.08|77.76
2022-03-15|75.1|80.14|73.28|76.76
2022-03-16|92|105.74|87.12|104.98
2022-03-17|99.14|101.89|95.77|100.37
2022-03-18|100.5|111.74|99.6|108.3
2022-03-21|102.81|105.68|98.7|103.59
2022-03-22|114.01|118.24|112.37|114.99
2022-03-23|115.7|124.1112|112.68|117.24
2022-03-24|112.86|116.5|110.82|115.15
2022-03-25|110.53|113.86|109.4|112.99
2022-03-28|113.86|116.23|111.92|115.09
2022-03-29|118.36|119.6|115.74|116.71
2022-03-30|115.54|120.1022|115.54|116.58
2022-03-31|115.03|115.09|108.71|108.8
2022-04-01|117.62|118.95|109.75|110.2
2022-04-04|115.7|118.22|113.375|117.5
2022-04-05|115|115|110.23|111
2022-04-06|109.24|109.47|106.12|107.68
2022-04-07|106.68|107.53|102.61|104.27
2022-04-08|104.48|106.47|103.3285|103.53
2022-04-11|101.09|103.92|99.16|101.55
2022-04-12|101.18|102.33|99.39|99.75
2022-04-13|99.24|101.35|98.21|100.03
2022-04-14|97.29|99.2707|95.305|95.49
2022-04-18|93.77|95.2799|91.82|94.71
2022-04-19|92.29|93.95|90.95|93.5
2022-04-20|93.48|93.7|89.27|89.41
2022-04-21|89.55|90.01|85.4|85.99
2022-04-22|86.5|90.6801|86.3106|86.49
2022-04-25|82.7|86.17|81.8|85.84
2022-04-26|85.87|86.24|83.28|83.99
2022-04-27|85.32|89.41|84.78|88.32
2022-04-28|88.62|90.98|86.94|90.91
2022-04-29|101.53|103.52|96.66|97.09
2022-05-02|96.41|101.32|95.15|101.21
2022-05-03|100.13|102.69|99.43|100.38
2022-05-04|97.72|101.57|96.61|101.41
2022-05-05|97.94|98.47|94.0501|94.64
2022-05-06|93.36|93.86|88.71|90.05
2022-05-09|86.955|88.6|84.43|84.84
2022-05-10|88.64|88.64|83.51|84.57
2022-05-11|85.51|87.52|81.47|81.73
2022-05-12|80.68|83.12|78.01|81.09
2022-05-13|82.12|88.36|82|87.99
2022-05-16|87.7|89.08|86.34|86.48
2022-05-17|92.75|94.48|89.54|91.99
2022-05-18|90|91.64|87|87.31
2022-05-19|86.18|90.09|85.74|87.69
2022-05-20|88.7|90.17|84.73|86.79
2022-05-23|87.06|87.415|84.76|87.23
2022-05-24|84.99|85.12|81.54|82.47
2022-05-25|83.72|84.07|81.07|82.31
2022-05-26|87.3|95.09|86.73|94.48
2022-05-27|92.21|94.5|90.37|93.41
2022-05-31|98.33|99.32|95.45|96.05
2022-06-01|95.9|96.9299|91.88|93.38
2022-06-02|93.67|97.63|93.4|97.5
2022-06-03|95.15|96|93.0227|93.21
2022-06-06|99.64|102.42|97.915|99.01
2022-06-07|99.99|104.4599|99.42|104.32
2022-06-08|108.26|121.055|107.81|119.62
2022-06-09|115|118.2196|109.44|109.9
2022-06-10|113.66|114.82|108.24|109.84
2022-06-13|103.61|104.53|97.58|98.52
2022-06-14|101.99|106.075|100.83|105.23
2022-06-15|106.81|108.63|104.3819|108.03
2022-06-16|102.79|104.91|100.51|101.45
2022-06-17|112.54|112.75|101.3263|102.24
2022-06-21|105.96|107.062|103.87|106.39
2022-06-22|104.23|107.1|103.08|105.15
2022-06-23|109.96|113.0898|108.0811|112.11
2022-06-24|115.3|118.09|114.3|117.62
2022-06-27|119.97|121.38|117.88|118.73
2022-06-28|118.98|120.93|116.51|116.76
2022-06-29|115.81|117.09|113.71|116.03
2022-06-30|113.77|114.6|111.38|113.68
2022-07-01|113.63|116.625|112.92|116
2022-07-05|114.51|120.53|112.14|120.13
2022-07-06|118.93|120|115.51|119.12
2022-07-07|120.63|125|120.63|122.39
2022-07-08|122.26|125.84|120.7|120.9
2022-07-11|115.46|115.58|109.33|109.57
2022-07-12|110.86|111|107.06|109.21
2022-07-13|106.84|110.64|106.75|109.1
2022-07-14|107.8|108.54|100.71|103.76
2022-07-15|103.49|103.64|97.84|102.44
2022-07-18|105.88|106.96|102.95|103.14
2022-07-19|103.97|104.82|101.53|104.75
2022-07-20|106.24|107.16|102.85|103.96
2022-07-21|104.06|106.61|103.68|105.13
2022-07-22|104.31|104.7|99.68|100.61
2022-07-25|100.5|101.27|98.74|101.06
2022-07-26|104.31|105.25|100.81|101.44
2022-07-27|102.2|102.97|99.8|102.78
2022-07-28|101.92|102.68|95.62|100.55
2022-07-29|94.22|94.22|89.11|89.37
2022-08-01|89.19|90.54|88|90.34
2022-08-02|88.2|94.87|88.2|92.62
2022-08-03|92|96.3|90.92|95.72
2022-08-04|101.07|103|95.06|97.43
2022-08-05|93.07|94.17|90.7301|92.56
2022-08-08|91.47|92.75|90.34|90.84
2022-08-09|91.19|93.1199|90.6|91.19
2022-08-10|91.17|92.95|88.56|92.43
2022-08-11|94.49|97.71|93.63|94.87
2022-08-12|91.51|94.8|91.43|94.77
2022-08-15|93.2|94.63|92.38|94.2
2022-08-16|92.69|93.5699|91.4|92.65
2022-08-17|91.87|92.39|89.76|89.77
2022-08-18|90.05|91.93|88.52|90.74
2022-08-19|90.41|91.65|89.18|89.63
2022-08-22|89.57|90.88|89.3|90.03
2022-08-23|89.17|90.18|86.71|89.83
2022-08-24|87.9|94.1482|87.55|92.52
2022-08-25|96.06|101.03|94.95|99.89
2022-08-26|104.84|104.85|97.61|98
2022-08-29|98.96|100.91|96.48|96.6
2022-08-30|95.86|96.97|92.62|93.84
2022-08-31|96.66|98.62|94.92|95.41
2022-09-01|92.75|94.52|91.67|93.71
2022-09-02|91.77|93.668|90.77|91.8
2022-09-06|89.32|89.47|87.8|88.45
2022-09-07|88.52|90.86|87.7564|90.6
2022-09-08|88.56|90.1799|88.28|89.52
2022-09-09|91.05|92.9|90.72|92.14
2022-09-12|92.42|94.84|91.81|94.69
2022-09-13|90.76|92.18|89.23|89.47
2022-09-14|89.46|89.78|88.17|88.92
2022-09-15|88.63|91.095|88.2|88.83
2022-09-16|87.7|88.25|85.42|86.43
2022-09-19|85.1|87.765|85|87.66
2022-09-20|87.95|88.73|85.01|85.8
2022-09-21|85.12|85.16|81.5|81.6
2022-09-22|82.63|83.28|80.17|80.71
2022-09-23|79.26|79.77|77.6|78.8
2022-09-26|79.94|80.9855|78.78|78.91
2022-09-27|79.43|80.41|77.1|77.87
2022-09-28|76.485|81.48|76.28|80.99
2022-09-29|78.05|79.19|76.74|79.06
2022-09-30|78.74|81.78|78.65|79.99
2022-10-03|79.76|80.925|78.05|80.45
2022-10-04|83|85.0326|82.34|84.11
2022-10-05|84.1|86.29|83.25|84.39
2022-10-06|84.07|85.25|83.52|84.32
2022-10-07|82.35|83.71|80.755|81.24
2022-10-10|79.77|79.79|77.7|79.24
2022-10-11|77.38|77.84|74.14|75.37
2022-10-12|74.9|76.678|74.03|75.73
2022-10-13|72.24|75.78|71.4|75.01
2022-10-14|76.05|76.14|72.78|73.02
2022-10-17|75.15|77.87|75.11|76.77
2022-10-18|78.01|78.64|75.06|76.34
2022-10-19|73.28|74.33|70.52|71.27
2022-10-20|71.6|74.94|71.55|72.02
2022-10-21|71.2|72.79|69.4652|72.18
2022-10-24|63.39|64.1|58.01|63.15
2022-10-25|65.08|66.1788|61.26|63.22
2022-10-26|63.36|69.8|62.92|68.51
2022-10-27|65.44|67.8799|65.42|65.84
2022-10-28|63.2|64.15|61.82|63.74
2022-10-31|63.49|64.8499|63.22|63.58
2022-11-01|68.01|68.4512|65.64|65.86
2022-11-02|66.48|67.67|64.33|64.7
2022-11-03|63.42|66.88|63.4|65.21
2022-11-04|71.17|71.64|67.45|69.81
2022-11-07|71.3|71.88|68.6722|69.71
2022-11-08|67.62|68.92|66.27|68.13
2022-11-09|66.43|66.78|64.8|64.84
2022-11-10|68.03|69.99|68|69.77
2022-11-11|72.32|72.7|69.31|70.77
2022-11-14|73.16|74|71.32|71.33
2022-11-15|78.93|80.37|77.81|79.3
2022-11-16|80.32|80.45|77.41|78.16
2022-11-17|76|85.68|75.76|84.26
2022-11-18|82.15|82.52|79.86|80.48
2022-11-21|78.69|79.06|76.47|76.93
2022-11-22|75.44|76.8|74.58|75.99
2022-11-23|78.19|78.845|76.85|78.5
2022-11-25|75.5|76.05|74.92|75.5
2022-11-28|74.74|77.417|74.68|75.88
2022-11-29|80.24|80.89|79.45|79.86
2022-11-30|82.74|89.625|82.25|87.56
2022-12-01|84.35|87.6|84.26|85.94
2022-12-02|86.05|91.85|86.05|90.06
2022-12-05|92.9|92.9|89.63|90.52
2022-12-06|91.88|92.57|89.2|91.45
2022-12-07|87.06|89.2595|86.62|88.33
2022-12-08|91.97|94.335|91.08|94.17
2022-12-09|93.27|93.75|91.225|91.34
2022-12-12|90.09|90.889|87.75|89.41
2022-12-13|93.45|94.98|90.3|91.41
2022-12-14|91.06|91.265|89.5|90.91
2022-12-15|93.09|94.08|86.05|86.21
2022-12-16|88.8|90.57|86.61|86.79
2022-12-19|89.75|89.78|86.5005|87.16
2022-12-20|85.04|87.2|85.04|85.92
2022-12-21|86.01|88.3869|85.46|87.81
2022-12-22|89.08|89.69|86.67|87.97
2022-12-23|87.85|88.65|85.5201|85.65
2022-12-27|86.55|90.6893|86.21|89.86
2022-12-28|88.98|90.15|86.4647|87.2
2022-12-29|87.625|89.52|87.06|89.13
2022-12-30|87.45|89.41|87.4101|88.09
2023-01-03|91.11|94.45|90.75|91.98
2023-01-04|98.85|104.52|96.97|103.92
2023-01-05|101.4|105.7|100.6401|104.58
2023-01-06|104.11|108|102.46|107.4
2023-01-09|111.99|113.11|108.12|110.83
2023-01-10|112.97|115.48|111.21|114.88
2023-01-11|114.6|115.2099|112.31|115.02
2023-01-12|113.66|113.79|111.45|113.15
2023-01-13|114.52|117.98|114.09|117.01
2023-01-17|115.52|117.01|114.34|115.19
2023-01-18|116.75|116.75|113.04|113.22
2023-01-19|114.02|117|113.97|116.58
2023-01-20|118.302|120.06|117.8|119.86
2023-01-23|120|120.3|118.1372|119.53
2023-01-24|115|120|115|119.44
2023-01-25|118.51|120.32|117.5|120.25
2023-01-26|121|121.3|118.762|120.57
2023-01-27|119.69|119.71|116.81|118.38
2023-01-30|111.69|113.15|109.78|111.2
2023-01-31|109.42|112.08|108.81|110.2
2023-02-01|111.86|113.95|110.15|112.82
2023-02-02|112.5|112.525|107.81|109.74
2023-02-03|108.05|109.5299|105.81|106.33
2023-02-06|103.82|106.28|103.22|105.45
2023-02-07|106.84|107.35|103.72|105.5
2023-02-08|107.1|107.14|103.55|105.11
2023-02-09|108.5|109.81|107.75|108.46
2023-02-10|105.8|106.64|102.79|103.65
2023-02-13|105.99|106.35|104.15|104.79
2023-02-14|103.55|104.48|101.85|104.22
2023-02-15|102.39|103.44|102|103.08
2023-02-16|102.71|104.52|102.03|103.11
2023-02-17|101|101.09|99.25|100.01
2023-02-21|96.5|97.625|94.7|95.1
2023-02-22|95.575|95.89|93.5546|94.78
2023-02-23|100.1|100.47|92.13|94.16
2023-02-24|90.07|91.68|88.03|89
2023-02-27|90.85|91.24|88.895|89.25
2023-02-28|88.46|89.34|87.27|87.79
2023-03-01|92.92|92.92|89.73|89.95
2023-03-02|88.96|90.919|87.97|89.75
2023-03-03|90.11|90.46|88.4|89.7
2023-03-06|89.585|91.3001|88.03|89.62
2023-03-07|89.52|90.05|88.2|88.73
2023-03-08|87.39|87.77|86.45|86.95
2023-03-09|85.12|85.69|82.875|83.37
2023-03-10|82.64|84.52|82.33|82.96
2023-03-13|83.01|83.755|81.97|82.9
2023-03-14|82.86|83.91|82.1601|83.85
2023-03-15|81.55|82.54|80.15|81.51
2023-03-16|81.46|82.48|80.66|82.22
2023-03-17|84|84.16|80.62|81.67
2023-03-20|80.15|81.9|79.48|81
2023-03-21|82.46|84.0875|82|83.7
2023-03-22|84.84|85.39|83.51|83.65
2023-03-23|87.68|88.38|85.26|86.52
2023-03-24|85.87|88.11|85.63|86.9
2023-03-27|87.13|88.22|85.5|86.12
2023-03-28|95.35|99.51|92.06|98.4
2023-03-29|97.59|101.33|96.28|99.92
2023-03-30|101.34|105.05|100.5|103.38
2023-03-31|102.86|103.6|101.132|102.18
2023-04-03|100.89|101.75|97.61|98.39
2023-04-04|98.94|101.47|97.26|100.72
2023-04-05|99.24|100.45|97.66|98.55
2023-04-06|98.53|103.24|98.27|102.74
2023-04-10|100.62|102.83|100.59|101.54
2023-04-11|102.46|102.54|99.2|99.76
2023-04-12|97.82|98.89|93.58|93.84
2023-04-13|95.875|97.19|95.095|96.17
2023-04-14|95.63|96.12|93.84|94.55
2023-04-17|96.74|97.23|95.49|96.42
2023-04-18|99.02|99.17|95.1805|95.49
2023-04-19|94.6|94.82|92.95|93.49
2023-04-20|93.35|93.79|90.05|90.74
2023-04-21|89.96|90.19|88.3|89.13
2023-04-24|88.4|88.48|86.04|86.89
2023-04-25|85.32|85.7|82.212|82.92
2023-04-26|85.04|85.22|82.76|82.82
2023-04-27|83.07|84.64|82.64|84.47
2023-04-28|84.18|85.08|83.87|84.69
2023-05-01|84.15|85.28|83.7711|84.16
2023-05-02|83.15|83.28|80.6538|81.53
2023-05-03|81.305|82|80.49|81.48
2023-05-04|82.39|83.13|81.8|82.49
2023-05-05|82.75|83.38|82.03|83.22
2023-05-08|83.63|83.7|82.34|83.31
2023-05-09|80.545|82.66|80.15|82.22
2023-05-10|82.14|84.5|81.77|82.95
2023-05-11|85.43|88.48|84.82|87.89
2023-05-12|86.71|86.71|84.76|85.34
2023-05-15|87.13|88.4|85.8329|88.34
2023-05-16|87.11|89.3699|87.06|88.76
2023-05-17|88.46|91.43|88.01|90.68
2023-05-18|90.81|91|85|85.77
2023-05-19|83.85|85.2|83.48|83.98
2023-05-22|85.67|87.48|85.65|86.1
2023-05-23|84.16|84.975|82.7|82.88
2023-05-24|82.165|82.6|80.88|81.21
2023-05-25|80.59|80.71|78.12|78.78
2023-05-26|79.9|81.5655|78.4|80.97
2023-05-30|80.3|80.63|79.875|79.88
2023-05-31|79.58|79.665|77.77|79.55
2023-06-01|79.35|84|79.35|83
2023-06-02|85.08|86.03|84.14|84.27
2023-06-05|83.99|84.57|83.24|84.4
2023-06-06|83.5|87.06|83.37|86.7
2023-06-07|85.72|86.95|85.09|85.28
2023-06-08|85.17|86.95|85.17|86.14
2023-06-09|86.06|86.8377|85.065|85.5
2023-06-12|86.01|87.29|85.63|85.86
2023-06-13|87.96|89.22|87.25|87.51
2023-06-14|87.97|90.12|87.71|89.36
2023-06-15|91.46|92.77|90.6|92.2
2023-06-16|94|94.29|91.52|92.1
2023-06-20|89.83|90.2|87.32|87.93
2023-06-21|87.38|89.16|86.62|86.77
2023-06-22|86.78|87.315|85.32|86.89
2023-06-23|85.81|85.938|84.37|84.92
2023-06-26|85.32|86.71|85.21|85.47
2023-06-27|86.82|87.615|86.715|87.13
2023-06-28|85.75|85.75|84.38|84.59
2023-06-29|83.39|83.99|83|83.55
2023-06-30|83.23|84.23|83.01|83.35
2023-07-03|84.87|85.635|84|84.07
2023-07-05|83.98|84.69|82.82|84.3
2023-07-06|83.12|83.95|82.64|83.84
2023-07-07|86.76|91.57|86.63|90.55
2023-07-10|90.05|92.04|89.6|90.56
2023-07-11|91.02|92.32|89.01|91.79
2023-07-12|94.11|95.03|92.55|94
2023-07-13|95.03|97.005|94.6|96.61
2023-07-14|95.22|96.09|94.24|94.56
2023-07-17|92.25|93.55|91.04|93.41
2023-07-18|91.54|92.21|90.15|91.2
2023-07-19|93.57|94.71|92.09|92.09
2023-07-20|91.69|93.12|91.35|91.9
2023-07-21|92.89|93.23|91.54|92.17
2023-07-24|92.07|97.4686|91.3|96.35
2023-07-25|98.17|98.49|94.61|94.98
2023-07-26|94.95|97.545|94.84|97.14
2023-07-27|97.75|97.99|95.1612|95.44
2023-07-28|98.07|101.22|97.96|100.55
2023-07-31|99.79|102.5|99.72|102.16
2023-08-01|99.87|101.16|99.3|100.1
2023-08-02|97.72|97.74|94.56|95.07
2023-08-03|96.71|98.49|96.58|97.58
2023-08-04|97.735|98.49|96.69|96.9
2023-08-07|97.78|97.8|95.03|96.56
2023-08-08|93.51|94.48|92.9218|94.22
2023-08-09|96.025|96.3|94.08|94.85
2023-08-10|98.31|101.84|97.12|99.21
2023-08-11|97.34|97.65|94.34|95.72
2023-08-14|94.24|94.45|92.53|93.46
2023-08-15|93|93.01|90.7446|91.59
2023-08-16|89.63|90.5|88.29|89.12
2023-08-17|91.94|91.95|90.26|90.65
2023-08-18|87.78|88.36|86.86|88.03
2023-08-21|87.6|88.82|87.22|88.57
2023-08-22|89.28|89.49|87.86|88.08
2023-08-23|88.37|90.59|88.31|89.84
2023-08-24|90.49|90.92|89.04|89.11
2023-08-25|89.25|90.04|88.27|89.82
2023-08-28|91.5|92.77|91.29|92.24
2023-08-29|93.45|94.095|92.34|94.03
2023-08-30|92.55|94.25|92.47|93.65
2023-08-31|92.98|93.36|92.16|92.9
2023-09-01|94.55|96.68|94.52|95.01
2023-09-05|94.53|95.3921|94.07|94.65
2023-09-06|94.15|95.8|94.13|94.45
2023-09-07|91.64|91.76|88.955|89.97
2023-09-08|89.6|90.3|88.73|90.05
2023-09-11|89.73|90.35|87.71|88.71
2023-09-12|88.19|89.96|88.18|88.3
2023-09-13|87.94|88.29|87.382|87.64
2023-09-14|88.55|88.6|87.44|88
2023-09-15|87.77|88.22|86.82|87.07
2023-09-18|86.15|87.17|85.395|87.02
2023-09-19|86.12|87.88|86.08|87.11
2023-09-20|86.97|87.5|85.65|85.74
2023-09-21|83.86|84.775|83.76|84.11
2023-09-22|87.365|88.875|87.11|88.3
2023-09-25|85.88|87.27|85.77|87.22
2023-09-26|86.46|87.07|85.7|85.91
2023-09-27|86.38|86.55|85.3|86.19
2023-09-28|84.89|85.89|84.305|85.54
2023-09-29|87.29|87.95|86.605|86.74
2023-10-02|86.75|87.105|85.89|86.53
2023-10-03|84.5|85|83.95|84.54
2023-10-04|84.275|84.54|83.6501|84.08
2023-10-05|83.52|83.71|82.45|83.67
2023-10-06|84.25|86.515|84|86.06
2023-10-09|83.91|85.21|83.57|84.85
2023-10-10|85.67|87.74|85.57|87.17
2023-10-11|88.01|88.7963|87.145|87.78
2023-10-12|87.58|87.67|84.2|84.51
2023-10-13|84.06|85.49|83.75|84.02
2023-10-16|83.7|84.965|82.63|84.31
2023-10-17|82.75|84.36|82.56|83.91
2023-10-18|82.96|83.73|82.76|83.01
2023-10-19|81.48|82.395|81.115|81.61
2023-10-20|80.23|80.86|79.783|79.94
2023-10-23|79.42|80.9262|79.02|80.51
2023-10-24|80.45|83.32|80.44|82.87
2023-10-25|81.3|82|80.78|81.03
2023-10-26|81.265|83.09|81.2|82.51
2023-10-27|83.87|84.12|82.48|82.82
2023-10-30|83.63|84.24|80.73|83.14
2023-10-31|81.94|82.54|80.88|82.54
2023-11-01|81.705|82.49|81.21|82.48
2023-11-02|83.65|83.98|83.03|83.41
2023-11-03|84.94|86.08|84.5|85.31
2023-11-06|86.55|86.72|85.23|85.36
2023-11-07|84.86|85.66|84.11|85.41
2023-11-08|84.62|85.73|84.48|84.8
2023-11-09|84.58|84.69|82.475|82.73
2023-11-10|82.41|82.87|81.66|82.75
2023-11-13|82.75|83.315|82.08|82.26
2023-11-14|82.76|84.535|82.32|83.87
2023-11-15|86.96|87.83|85.89|87.07
2023-11-16|79.52|80.77|78.2305|79.11
2023-11-17|77.02|78.4658|76.75|77.6
2023-11-20|76.91|78.745|76.56|78.46
2023-11-21|77.85|79.275|77.6|78.94
2023-11-22|79.28|79.71|78.13|78.96
2023-11-24|78.27|79.07|78.21|78.49
2023-11-27|77.555|79.25|77.09|77.53
2023-11-28|76.56|76.84|75.26|76.74
2023-11-29|75|75.456|74.425|74.67
2023-11-30|74.7|74.94|74.01|74.88
2023-12-01|73.12|74.14|72.12|73.99
2023-12-04|72.67|73.58|72.48|73.03
2023-12-05|72.04|72.7|71.92|72.38
2023-12-06|72.36|72.95|71.49|71.49
2023-12-07|71.545|72.37|71.44|72.33
2023-12-08|72.02|72.44|71.83|72.14
2023-12-11|70.49|71.61|70.08|71.37
2023-12-12|71.38|71.955|70.93|71.39
2023-12-13|70.91|71.48|70.12|71.46
2023-12-14|71.47|73.24|71.42|72.51
2023-12-15|74|75.545|73.32|74.51
2023-12-18|74.05|74.23|73.21|73.84
2023-12-19|74.4|76.01|74.22|75.39
2023-12-20|74.58|75.295|73.33|73.35
2023-12-21|74.86|76.29|74.35|76.26
2023-12-22|74.5|75.68|74.44|75.28
2023-12-26|76.16|76.9687|75.73|75.85
2023-12-27|76.28|76.45|75.41|76.11
2023-12-28|77.23|77.79|76.98|77.24
2023-12-29|77.06|77.635|76.82|77.51
2024-01-02|76.05|76.075|74.51|74.76
2024-01-03|74.33|76.69|74.07|76.59
2024-01-04|75.56|75.725|74.4403|74.66
2024-01-05|74|74|72.86|73.01