2018-08-01|223.26|223.94|216.2|216.8
2018-08-02|214.27|218.26|213.25|216.35
2018-08-03|215.75|218|214.4|217.81
2018-08-06|216.63|218.3051|215.86|216.95
2018-08-07|219.22|221.835|217.14|220.31
2018-08-08|220.54|221.23|218.95|219.46
2018-08-09|220.15|220.2478|215.94|216.58
2018-08-10|212.81|214.48|210.46|212.23
2018-08-13|211.65|213.979|210.45|211.08
2018-08-14|211.58|211.58|206.84|207.3
2018-08-15|205.13|207.58|202.77|206.58
2018-08-16|207.77|208.86|206.685|208.69
2018-08-17|207.97|211.19|205.51|209.27
2018-08-20|209.48|210|205.86|206.72
2018-08-21|207.52|211.44|207.11|210.51
2018-08-22|210.45|211.71|207.43|207.54
2018-08-23|207.73|209.08|205.28|205.59
2018-08-24|206.35|209.27|204.68|209
2018-08-27|210.25|214.3747|208.63|212.97
2018-08-28|214.63|215.96|212.57|214.43
2018-08-29|214.81|215.8|213.45|214.99
2018-08-30|214.97|216.94|214.605|216.65
2018-08-31|216.03|219.32|215.85|219.03
2018-09-04|218.59|220.29|217.13|219.43
2018-09-05|219.95|221.8|219.58|221.42
2018-09-06|221.5|222.82|213.92|215.97
2018-09-07|224.2|235.41|224|232.58
2018-09-10|234.66|240.95|232.05|240.61
2018-09-11|237.7|239.7|230.4|232.55
2018-09-12|228.1|230.85|222.83|229.89
2018-09-13|233.69|239.22|231.12|235.42
2018-09-14|235.16|237.09|233.69|236.34
2018-09-17|240|240.3|234.31|234.83
2018-09-18|235|241.4|234.87|239.73
2018-09-19|240.47|242.49|239.77|241.79
2018-09-20|242.99|246.04|241.72|244.93
2018-09-21|246.33|248.77|245.18|248.1
2018-09-24|248.05|250.1|247.31|249.45
2018-09-25|248.98|249.35|245.8|247.65
2018-09-26|245.64|248.05|244.8|245.43
2018-09-27|245.69|247.88|244.911|246.45
2018-09-28|245.54|246.97|243.85|246.73
2018-10-01|247.88|252.1413|247.67|249.51
2018-10-02|249.14|251.71|247.92|248.1
2018-10-03|248.81|251.33|247.04|249.42
2018-10-04|246.66|249.73|246.2|248.17
2018-10-05|248.39|250.05|242.4|244.23
2018-10-08|243.31|245.42|240.38|241.37
2018-10-09|240.59|245.7267|240.37|244.7
2018-10-10|242.93|245.07|231.64|231.83
2018-10-11|231.97|235.6|227.19|228.9
2018-10-12|234.76|235.67|229.11|232.95
2018-10-15|231.03|235.33|230.04|232.47
2018-10-16|236|238.76|234.18|238.32
2018-10-17|239.74|239.74|233.92|237.17
2018-10-18|235.43|236.82|226.5301|228.02
2018-10-19|230|231.09|226.93|228.28
2018-10-22|230.56|232.43|228.04|228.62
2018-10-23|222.81|229.54|218.8227|229.05
2018-10-24|226.4|226.41|217.84|218.71
2018-10-25|219.88|223.39|219.15|222.24
2018-10-26|215.57|217.34|209.2|213.15
2018-10-29|216.19|218.69|208.23|211.5
2018-10-30|213.78|221.56|211|221.01
2018-10-31|225|225.67|221.71|223.49
2018-11-01|225.16|234.23|223.72|229.88
2018-11-02|225.33|225.97|217.75|220.77
2018-11-05|219.02|221.1|213.71|220.09
2018-11-06|220.3|229.16|219.72|228.25
2018-11-07|231.99|235.29|229.21|234.4
2018-11-08|232.71|242.62|232.71|240.25
2018-11-09|235|239.02|232.54|238.99
2018-11-12|231|231.87|220.28|223.63
2018-11-13|225.49|229.82|222.32|224.83
2018-11-14|226.76|230.53|225.62|226.2
2018-11-15|226.22|239.31|225.86|236.34
2018-11-16|233.82|239.2|231.65|237.61
2018-11-19|236.53|241.08|228.54|229.13
2018-11-20|223.94|229.0765|222.58|227.71
2018-11-21|230.22|233.31|227.51|230
2018-11-23|227.58|232.69|227.58|229.9
2018-11-26|234.22|238.15|231.55|235.31
2018-11-27|233.58|238.37|232.42|235.83
2018-11-28|236.5|238|231.62|235.22
2018-11-29|234.27|238.63|232.76|235.78
2018-11-30|235.4|238.28|233.39|237.41
2018-12-03|245.2|247.04|241.47|242.07
2018-12-04|240.49|241.13|231.58|232.04
2018-12-06|226.24|227.25|217.61|227.24
2018-12-07|234.05|238.28|224.5|228.56
2018-12-10|227.95|240.32|226.51|239.25
2018-12-11|243.46|250.34|243.42|246.84
2018-12-12|252.44|260.19|252|254.98
2018-12-13|258.46|261.5|254.58|258.3
2018-12-14|255.36|261.59|254.63|254.83
2018-12-17|253.99|261.32|253.08|254.13
2018-12-18|255.08|255.59|248.81|249.67
2018-12-19|249|255.93|242.52|243.89
2018-12-20|244.4|248.5|238.45|241.89
2018-12-21|241.89|251.7446|241.89|244.91
2018-12-24|242|243.7|233.51|233.8
2018-12-26|237.78|248.5|233.4954|248.14
2018-12-27|245|251.23|242.14|250.85
2018-12-28|253|258.06|251.16|253.59
2018-12-31|257.83|258.5|250.95|254.28
2019-01-02|248.85|254.7047|246.49|253.51
2019-01-03|244.56|246.54|230.3327|230.96
2019-01-04|234.29|236.45|231.67|233.23
2019-01-07|233.65|240.24|230.76|237.98
2019-01-08|240.11|241.9|233.368|236.07
2019-01-09|238.42|246.68|237.85|246.28
2019-01-10|245.57|250.565|244.36|249.52
2019-01-11|249.43|252.92|249.32|250.57
2019-01-14|248.11|251.58|245.9|250.87
2019-01-15|252.76|262.22|252.01|256.49
2019-01-16|257.2|257.35|251.36|251.7
2019-01-17|250.06|257.35|248.72|255.33
2019-01-18|259.13|261.94|257|260.82
2019-01-22|258|259.46|254.895|258.29
2019-01-23|259.54|260.91|253.65|257.52
2019-01-24|261.09|266.75|260|263.55
2019-01-25|265.17|268.31|260.91|267.94
2019-01-28|261.56|268.85|258.65|267.62
2019-01-29|267.35|267.6|263.83|266.32
2019-01-30|270|273.75|267.37|270.82
2019-01-31|270.56|271|266.35|268.25
2019-02-01|269.15|269.6|264.89|266.81
2019-02-04|267.5|272.14|264.95|272.12
2019-02-05|271.96|274.63|269.91|270
2019-02-06|273.27|280|272.75|276.21
2019-02-07|272.86|274.57|266.3|269.09
2019-02-08|267.33|274.29|267.06|274.06
2019-02-11|274.4|276|273.28|275.72
2019-02-12|278.65|280.39|277.06|279.39
2019-02-13|280|282.16|277.97|281.32
2019-02-14|280.6|282.84|278.95|281.5
2019-02-15|284.09|284.09|278.7914|281.93
2019-02-19|281.15|282.83|280.155|281.66
2019-02-20|283.25|286.625|282.2781|283.42
2019-02-21|283.24|283.35|278.93|280.94
2019-02-22|279.95|280|274.66|276.5
2019-02-25|280.78|280.83|278.48|278.6
2019-02-26|277.93|278.01|274.45|275
2019-02-27|273.22|275.1|269.58|271.49
2019-02-28|269.97|275.709|268.63|275.36
2019-03-01|277.73|278.1619|271.13|272.75
2019-03-04|275|276.58|270.86|274.89
2019-03-05|275.5|280.44|274.53|277.01
2019-03-06|276.66|276.93|270.48|271.35
2019-03-07|270.18|270.335|264.08|265.51
2019-03-08|261.56|264.76|259.2|264.19
2019-03-11|264.89|270.55|264.05|269.06
2019-03-12|269.76|270.03|264.27|269.63
2019-03-13|270.51|273.08|269.02|271.21
2019-03-14|272.09|272.26|267.8909|268.2
2019-03-15|286.46|299.5479|283.5|290.29
2019-03-18|290.23|296.98|290.21|293.84
2019-03-19|294.16|300.98|294.11|299.31
2019-03-20|298|299|290.29|291.03
2019-03-21|291.88|299.37|291|296.8
2019-03-22|295.92|296.4368|291.4|292.65
2019-03-25|292.2|294.18|289.002|292.16
2019-03-26|294.37|299.47|294.2255|297.03
2019-03-27|297.57|298.68|292.46|295.97
2019-03-28|297.11|303.3|295.67|299.07
2019-03-29|301.22|302.6744|298.28|300.71
2019-04-01|303.11|306.75|299.75|305.79
2019-04-02|306.16|307.35|302.61|303.05
2019-04-03|306.22|307.4|301.82|304.2
2019-04-04|304.75|306|301.67|302
2019-04-05|304|304.44|301.8|304.28
2019-04-08|304.14|305.3|301.9975|304.48
2019-04-09|302.58|304.11|300.29|303.45
2019-04-10|303.6|307.77|303|307.51
2019-04-11|308.15|310.19|306.23|309.41
2019-04-12|311.35|317.44|310.57|317.03
2019-04-15|317.03|317.52|313.165|316.4
2019-04-16|320|320.01|316.1|318.5
2019-04-17|320.24|320.94|317.84|320.53
2019-04-18|321.04|322.4458|318.16|318.62
2019-04-22|317.32|317.89|314.2|315
2019-04-23|316.76|318.09|314.19|315.64
2019-04-24|314.58|317.005|313.19|314.33
2019-04-25|312.95|312.95|306.57|311.82
2019-04-26|309.15|310.95|305.11|310.41
2019-04-29|311.24|314.67|310.44|312.72
2019-04-30|313.32|318.42|312.53|318.4
2019-05-01|320.5|323.2|318.6861|318.9
2019-05-02|319.98|322.185|314.23|315.82
2019-05-03|314.95|316.65|310.69|315.71
2019-05-06|306.79|311.93|305.35|311.57
2019-05-07|308.65|309.615|303.73|307.29
2019-05-08|305.3|307.66|303.11|303.39
2019-05-09|300|305.85|296.8501|304.06
2019-05-10|303.23|305.405|296.66|303.96
2019-05-13|293.82|295.68|288.2|293.38
2019-05-14|295.69|304.6|295.48|302
2019-05-15|300.27|307.77|298.6139|304.37
2019-05-16|299.75|303.1|294.7|297.29
2019-05-17|292.78|293.57|288.41|289.89
2019-05-20|278|279.95|268.64|272.59
2019-05-21|277.09|279.78|274.65|275.33
2019-05-22|270.48|275.06|268.97|269.22
2019-05-23|264.58|265.49|258.17|260.09
2019-05-24|262.7|265.74|255.74|255.94
2019-05-28|256.57|257.73|250.09|254.48
2019-05-29|252.74|256.37|251.58|254.12
2019-05-30|254.66|257.34|254.12|256.62
2019-05-31|253.04|255.735|251|251.64
2019-06-03|252.55|258.33|251.2|253.18
2019-06-04|256.96|266|255.76|265.7
2019-06-05|269.01|271.51|262.4|265.72
2019-06-06|267.02|275|265.28|272.79
2019-06-07|274.78|277.8744|273.28|274.87
2019-06-10|276.73|284.77|276.72|280.21
2019-06-11|290.49|291.75|279.4126|283.48
2019-06-12|281.67|283.16|277.41|279.73
2019-06-13|281.52|282.89|277.41|281.61
2019-06-14|258.11|268.09|257.47|265.93
2019-06-17|264.84|268.7|261.34|265.97
2019-06-18|268.15|283.02|266.4615|278.05
2019-06-19|278.78|279.07|273.71|277.49
2019-06-20|282.51|285.45|277.16|279.05
2019-06-21|276.61|281|273.96|273.99
2019-06-24|275.52|279.45|275|279.2
2019-06-25|279.16|282.88|276.02|276.51
2019-06-26|278.58|284.03|278.1|281.44
2019-06-27|282.93|288.45|282.23|285.71
2019-06-28|287.86|289.3|284.82|287.86
2019-07-01|301.68|305.75|296.325|300.35
2019-07-02|298.88|300.67|293.9|295.33
2019-07-03|283.7|288.78|283.015|284.89
2019-07-05|283.65|285.44|281.97|282.66
2019-07-08|280|281.1851|274.39|274.96
2019-07-09|273.45|275.98|272.41|275.53
2019-07-10|277.86|278.8|274|274.5
2019-07-11|275.24|277.4523|272.95|276.06
2019-07-12|276.38|285.93|276.38|285.39
2019-07-15|291.1035|294.49|287.27|288.34
2019-07-16|286.99|287.79|282.3914|284.13
2019-07-17|285.56|287.29|283.19|285.08
2019-07-18|286.18|290.3|283.8|289.78
2019-07-19|291.83|293.16|289.53|290
2019-07-22|293|299.99|292.24|296.15
2019-07-23|299.5|302.36|299.21|300.78
2019-07-24|301.2|304.88|300.5|303.77
2019-07-25|302.13|302.13|299.4|300.39
2019-07-26|301.59|303.015|300.53|300.92
2019-07-29|301.23|302.55|296.9576|301.74
2019-07-30|299.09|300.93|297.1|299.56
2019-07-31|300.03|300.83|286.67|289.99
2019-08-01|289.13|297.82|282.32|285.34
2019-08-02|282.07|283.84|275.91|278.53
2019-08-05|271.95|272.24|264.08|267.66
2019-08-06|270.13|272.18|264.56|266.44
2019-08-07|264.03|272.722|263|270.05
2019-08-08|270.38|272.5599|262.5|270.98
2019-08-09|269.58|280.55|269.58|275.73
2019-08-12|273.38|278.21|272.54|275.64
2019-08-13|275.3|285.5|272.03|283.7
2019-08-14|278.79|280.1525|270.38|271.56
2019-08-15|272|272.78|264.85|268.64
2019-08-16|272.15|275.75|271.98|273.78
2019-08-19|279.5|280.065|275.6125|278.78
2019-08-20|278.16|284.955|277.01|280.37
2019-08-21|284.64|288.26|284.05|287.5
2019-08-22|288.39|289.41|284.55|287.62
2019-08-23|283.99|285.48|271.05|272.13
2019-08-26|276.95|277.95|275|277.22
2019-08-27|279.15|280.22|274.91|275.57
2019-08-28|274.33|276.41|270.47|276.06
2019-08-29|281.49|285.49|281.05|283.37
2019-08-30|285.36|285.9|279.9|282.64
2019-09-03|280|280.85|270.93|274.05
2019-09-04|278.79|284.35|278.2|283.02
2019-09-05|288.36|293.68|288.355|291.02
2019-09-06|291.85|293.3|289.3|291.91
2019-09-09|295|297.2|290.4|292.61
2019-09-10|291.35|294.45|288.82|294.44
2019-09-11|296.32|298.78|294.55|298.01
2019-09-12|301.43|302.33|296.47|300.58
2019-09-13|297.65|297.99|283.89|290.32
2019-09-16|286.8|290.27|285.7|288.66
2019-09-17|288.02|289.3|283.75|288.83
2019-09-18|288.49|290.755|283.88|287.74
2019-09-19|288.5|291.945|287.23|290.64
2019-09-20|287.67|288.4|281.82|284.26
2019-09-23|283.62|287.16|282.08|285.46
2019-09-24|287.32|288.9|279.75|282.31
2019-09-25|271.75|277.21|270|275.77
2019-09-26|275.26|278.66|272.68|276.91
2019-09-27|276.63|281.2769|272.96|274.14
2019-09-30|275.79|276.72|272.5|276.07
2019-10-01|278.27|279.65|273.3824|274.85
2019-10-02|273.46|273.8|268.32|270.07
2019-10-03|270|274.5|267.22|274.43
2019-10-04|278.49|281.7|275.2|281.43
2019-10-07|280.01|281.02|275.7|276.08
2019-10-08|274.06|274.9|268.91|270.33
2019-10-09|273.68|274.91|272.02|273.15
2019-10-10|274.56|278.78|273.655|274.45
2019-10-11|279.49|284.08|279.09|280.91
2019-10-14|280.42|282.65|279.88|281.66
2019-10-15|282.64|290.62|282.2|290.32
2019-10-16|289|290.1|286.54|288.48
2019-10-17|290.14|291.715|288.32|289.43
2019-10-18|289.5|289.94|284|286.73
2019-10-21|288.44|291.9|287.06|289.57
2019-10-22|289.59|290.86|287.24|287.46
2019-10-23|282.96|283.54|278.76|280.32
2019-10-24|282.89|283.5|278.7|282.31
2019-10-25|283.26|291.37|283.2231|289.82
2019-10-28|291.16|292.48|288.32|291.55
2019-10-29|292.28|293.7|288.07|288.16
2019-10-30|290.01|290.97|286.52|290.24
2019-10-31|289.8|294.08|287.8|292.85
2019-11-01|292.99|296.59|292.09|296.59
2019-11-04|299.52|305.46|299.1001|305
2019-11-05|305|316.78|304.47|314.04
2019-11-06|312.06|314.28|308.71|313.16
2019-11-07|315.58|319.5|310.65|311.74
2019-11-08|309.87|313.6|305.13|313.41
2019-11-11|311.2|313.24|310.84|312.75
2019-11-12|314|316.405|313.257|315.53
2019-11-13|312.48|315.705|312|313.67
2019-11-14|310.75|311.8374|306.11|308.97
2019-11-15|312.27|313.06|310.075|312.91
2019-11-18|311.82|313.41|308.03|311.07
2019-11-19|316.65|325.67|316.65|317.7
2019-11-20|315.9|316.83|309|311.67
2019-11-21|311.14|315.7|309.8|315.25
2019-11-22|316.64|319.48|313.71|314.92
2019-11-25|316.61|320.1842|316.27|319.62
2019-11-26|319|320.18|316.05|316.27
2019-11-27|317.94|319.94|316.47|318.44
2019-11-29|316.85|317.79|315|316.21
2019-12-02|317.72|317.93|310.56|310.72
2019-12-03|305.82|309|303.13|306.52
2019-12-04|309.75|311.37|307.13|309.72
2019-12-05|310.59|312.459|309.06|311.19
2019-12-06|314.64|316.34|312.06|316.05
2019-12-09|316|317.15|313.94|314.38
2019-12-10|315.1|315.91|313.25|315.06
2019-12-11|315.18|321.35|315.18|319.72
2019-12-12|319.73|330.16|319.43|327.8
2019-12-13|318.06|319.77|310.62|315.42
2019-12-16|317.97|327.5995|317.5301|323.13
2019-12-17|323.74|324.95|321.75|323.8
2019-12-18|324.4|331.2|323.55|327.44
2019-12-19|329.21|329.255|323.71|324.1
2019-12-20|322.47|322.47|316.91|319
2019-12-23|320.54|322.3344|317.61|319.53
2019-12-24|320|320.68|319.01|320.5
2019-12-26|321.27|321.74|316.82|317.98
2019-12-27|319.3|319.35|315.22|316.53
2019-12-30|316.52|317.33|312.75|313.46
2019-12-31|313.12|316.36|312.8|316.02
2020-01-02|319.32|322.5|317.3184|322.39
2020-01-03|317.51|320|314.08|314.19
2020-01-06|310.845|313.92|309.625|313.72
2020-01-07|315.25|316.5765|312.25|312.64
2020-01-08|312.98|313.4907|308.41|308.74
2020-01-09|312.32|312.9899|303.05|306.26
2020-01-10|305.45|305.55|298.8|299.22
2020-01-13|300.02|303.8|299.67|301.18
2020-01-14|302|309.15|301.59|308.18
2020-01-15|307.31|307.88|300.7|303.14
2020-01-16|305|307.86|304.205|307.05
2020-01-17|308.66|308.94|304.07|308.79
2020-01-21|307.8|309.51|306.33|308.07
2020-01-22|310.8|317.92|310.5|312.88
2020-01-23|315.18|319.8|310.82|319.65
2020-01-24|330.5|331.58|320.77|324
2020-01-27|316.41|319.88|308.64|309.03
2020-01-28|313.53|319.23|312.7718|318.31
2020-01-29|320.82|325.43|317.14|317.51
2020-01-30|314.32|315.52|308.59|315.2
2020-01-31|314.16|314.585|303.622|305.16
2020-02-03|305.63|306.6|303.64|305.23
2020-02-04|311.79|314.565|309.655|311.6
2020-02-05|317.5|319.81|315.86|317.38
2020-02-06|318.84|319.88|314.23|319.69
2020-02-07|318.32|318.52|314.865|315.23
2020-02-10|312.37|314.595|310.3|314.2
2020-02-11|316.65|320.79|316.01|320.16
2020-02-12|322.04|325.09|321.63|324.7
2020-02-13|321.48|325.46|320.95|323.97
2020-02-14|324.84|325.7|317.1|317.77
2020-02-18|315|315.01|308.05|310.75
2020-02-19|313|316.83|311.7|315.69
2020-02-20|313.96|315.69|306.12|309.24
2020-02-21|308.5|309.45|302.29|304.5
2020-02-24|294.2|298.8|290.06|291.6
2020-02-25|294.11|295.73|281.07|282.68
2020-02-26|284.35|288.2|284|285.88
2020-02-27|280.3|285.31|273.54|273.95
2020-02-28|263.33|274.13|262.74|272.62
2020-03-02|276.76|285.4|271.155|284.97
2020-03-03|284.65|288.48|271.57|274.25
2020-03-04|277.54|285.72|274.77|285.45
2020-03-05|277.26|283.09|272.45|274.04
2020-03-06|266.98|270.93|262.5|269.45
2020-03-09|251.08|260.27|244.245|247.72
2020-03-10|256.59|263.68|243.4|262.9
2020-03-11|253.88|256.49|242.49|245.97
2020-03-12|226.99|242.76|216.32|218.78
2020-03-13|225.505|234.465|201.16|234.22
2020-03-16|208.18|218.8|180.2254|187.58
2020-03-17|191.82|200.01|181.475|199.51
2020-03-18|185.66|187.48|155.67|167.87
2020-03-19|167.64|207.47|165|194.45
2020-03-20|202|208.68|187.91|192.22
2020-03-23|192.8835|195.97|177.75|193.47
2020-03-24|205.64|218.71|201.2938|212.76
2020-03-25|212.19|243.9999|209.2201|217.55
2020-03-26|226.03|244.8|226.03|243.17
2020-03-27|233|242.09|230|230.69
2020-03-30|232.2|241.36|228.44|240.11
2020-03-31|238|252.71|236.059|237.1
2020-04-01|227.99|234.41|219.68|223.63
2020-04-02|222.4|237.95|221.4476|237.06
2020-04-03|236.64|242.55|230.55|234.26
2020-04-06|244.58|253.4143|243.56|252.44
2020-04-07|261.84|265.5|252.53|253.27
2020-04-08|256.77|262.2|253.64|261.1
2020-04-09|265.79|267.5|251.31|254.3
2020-04-13|253.5|261.52|252.8|259.92
2020-04-14|266.12|268.38|262.32|267.63
2020-04-15|261|262.3228|256.16|257.44
2020-04-16|261.76|261.76|254.1101|258.29
2020-04-17|263.22|267.425|258.94|265.88
2020-04-20|260|265.26|257.91|258.28
2020-04-21|254.56|254.79|246.8001|247.65
2020-04-22|254.77|262.22|250.74|259.97
2020-04-23|260.25|265.2|258.52|258.93
2020-04-24|259.81|265.07|258.88|264.81
2020-04-27|264.35|271.22|264.35|268.45
2020-04-28|274.24|276.41|264.12|264.73
2020-04-29|271.08|276.99|269.23|276.02
2020-04-30|273.53|274.05|268.8|271.62
2020-05-01|266|267.8515|258.2035|259.7
2020-05-04|259.21|262.43|255.32|262.26
2020-05-05|266.55|268.94|263.71|264.87
2020-05-06|268.33|270.4794|263.62|264.18
2020-05-07|270|270.47|266|267.75
2020-05-08|272.2|275.55|270.03|275.03
2020-05-11|273.37|276.7377|271.75|275.4
2020-05-12|276.58|277.72|268.22|268.45
2020-05-13|270.07|270.33|259.36|263.15
2020-05-14|260.96|266.95|254.75|266.6
2020-05-15|259.42|264.06|256.77|260.41
2020-05-18|268.62|276.73|268|273.53
2020-05-19|273.53|276.03|271.61|271.95
2020-05-20|276.97|281.31|276.08|278.68
2020-05-21|278.92|279.5|274.65|274.8
2020-05-22|273.74|277.25|270.505|276.65
2020-05-26|285|287.09|281.39|282.02
2020-05-27|283.02|287.8|280|287.59
2020-05-28|285|289.3|282.43|283.14
2020-05-29|282.9|292|281.91|291.27
2020-06-01|290.42|291.1|287.37|289.99
2020-06-02|291.03|298.32|290.09|298.06
2020-06-03|301.05|310.85|300.51|309.53
2020-06-04|305.75|313|302.1|308.89
2020-06-05|319.7|328.11|315.09|317.08
2020-06-08|317.5|318.84|313.36|317.52
2020-06-09|312|318.88|311.57|315.32
2020-06-10|316.65|319.21|314.7|315.04
2020-06-11|307.62|308.55|293.4|293.75
2020-06-12|302.82|303.95|292.73|300.25
2020-06-15|295|306.75|292.41|304.09
2020-06-16|310|314.55|304|310.72
2020-06-17|313.42|316.71|311.79|313.44
2020-06-18|312.12|319.1184|311.52|318.71
2020-06-19|317.68|318.1|302.77|302.77
2020-06-22|305.5|314.18|303.53|313.54
2020-06-23|315.06|317.44|311.29|311.3
2020-06-24|309.2|310.97|304.51|306.97
2020-06-25|306.06|309.48|303|308.85
2020-06-26|313.57|315.7799|303.15|307.41
2020-06-29|308.07|310.41|304.4506|309.78
2020-06-30|309.95|317.07|306.75|315.61
2020-07-01|315.11|316.85|311.935|312.73
2020-07-02|317.7465|319.38|314.6611|315.47
2020-07-06|320|320.99|317.34|318.79
2020-07-07|317.34|318.16|312.55|313.12
2020-07-08|316.14|319.84|314.12|319.57
2020-07-09|320.01|324.33|315.245|321.5
2020-07-10|321.91|322.99|315.44|319.44
2020-07-13|321.68|323.53|310.585|311.31
2020-07-14|308.99|316.22|305.19|315.08
2020-07-15|315.95|317.77|310.1659|313.78
2020-07-16|310.61|313.88|309.3|311.34
2020-07-17|314.15|315.21|310|312.71
2020-07-20|311.85|317.65|310.26|317.13
2020-07-21|319.23|319.23|312.67|314.34
2020-07-22|315.01|315.68|310.37|313.8
2020-07-23|313.37|316.09|308.38|309.67
2020-07-24|306.59|310.91|304.18|305.79
2020-07-27|308.3|312.96|307.485|312.68
2020-07-28|311.18|312.11|306.16|307.35
2020-07-29|308.53|311.23|307.44|308.85
2020-07-30|306|312.93|306|312.1
2020-07-31|314.7|318.4|311.4|316.75
2020-08-03|318|323.49|317.28|321.23
2020-08-04|320.5|328.59|320.39|328.39
2020-08-05|328.25|331.58|325.8|329.54
2020-08-06|327.77|330.88|325.4101|329.16
2020-08-07|328.39|329.73|321.48|325.93
2020-08-10|324.22|329.27|324.0601|327.36
2020-08-11|327.57|333.32|322.76|324.03
2020-08-12|325.85|335.88|325.355|333.64
2020-08-13|332.21|333.41|327.85|329.42
2020-08-14|328.02|329.85|326|327.82
2020-08-17|329.51|331.79|329|330.32
2020-08-18|331.86|333.18|328.14|328.64
2020-08-19|329.47|333.09|328.24|329.21
2020-08-20|327.69|329.99|326.06|328.83
2020-08-21|328.3|330.46|325|330.02
2020-08-24|332.0102|336.19|331.14|334
2020-08-25|335|337.09|333|336.14
2020-08-26|334.74|341.51|333.51|339.67
2020-08-27|340.49|341.3|336.14|339.14
2020-08-28|339|344.82|337.7|344.82
2020-08-31|343.52|350.58|343.52|347.15
2020-09-01|350|362.07|347.42|359.54
2020-09-02|365.86|378.96|363.5673|375.01
2020-09-03|366.01|368.9|350.16|352.09
2020-09-04|360.97|372.53|353.5|362.95
2020-09-08|352.66|362.75|350|350.54
2020-09-09|356.16|361.85|351.1|360.03
2020-09-10|362.13|367.83|354.385|357.08
2020-09-11|360.5|364.27|354.6813|359.7
2020-09-14|364.41|365.89|359.345|362.2
2020-09-15|366.3|371.12|365.35|366.91
2020-09-16|368.18|372|366.35|367.04
2020-09-17|355|370.115|355|365.92
2020-09-18|367.1215|367.84|355.05|359.73
2020-09-21|350.01|351.96|343.48|351.79
2020-09-22|356.37|361.8|352.95|361.59
2020-09-23|360.18|361.21|350.045|351.59
2020-09-24|350.2|357.57|349.09|352.52
2020-09-25|352.05|357.72|348.2801|356.8
2020-09-28|361.68|368.43|359.03|367.3
2020-09-29|367.49|370.8|363.985|364.26
2020-09-30|362.95|371|361.71|364.32
2020-10-01|368.98|370.71|364.82|368.6
2020-10-02|360|364.92|356.15|356.83
2020-10-05|360.84|366.85|359.9|366.1
2020-10-06|366.11|372|362.02|363.98
2020-10-07|368.35|369.86|366.06|366.74
2020-10-08|369.89|374.29|368.31|373.33
2020-10-09|375.93|380|374|376.7
2020-10-12|381.79|385.1|379.79|382.43
2020-10-13|384.41|387.8|378.61|381.49
2020-10-14|383.54|383.735|377.85|380.3
2020-10-15|375.05|380.49|375.02|379.93
2020-10-16|383.28|383.28|378.15|378.65
2020-10-19|381.24|383.605|375.15|375.77
2020-10-20|377.01|381.1352|375.56|376.99
2020-10-21|375.77|376.86|370.31|372.05
2020-10-22|371.075|374.31|367.11|373.37
2020-10-23|373.26|373.94|370.76|372.72
2020-10-26|369.6|369.955|357.61|363.04
2020-10-27|365.18|365.18|359.22|359.6
2020-10-28|354|354.86|345.525|347.21
2020-10-29|347.26|359.44|345.37|355.01
2020-10-30|349.39|352.99|344.42|349.63
2020-11-02|355.04|355.39|348.345|351.25
2020-11-03|355.95|359.24|346.66|353.76
2020-11-04|360.48|368.98|357.1401|364.63
2020-11-05|372.357|382.65|372.01|380.87
2020-11-06|380.05|383.67|377.17|380.62
2020-11-09|389.1|393.89|375.01|375.54
2020-11-10|370.32|373.2|360.36|363.13
2020-11-11|370.86|377.14|368.55|375.92
2020-11-12|377.23|378.6|368.28|370.2
2020-11-13|375|377.33|371.58|373.5
2020-11-16|374.81|381.37|374|380.81
2020-11-17|378.66|382.4399|377.03|380.6
2020-11-18|379.89|384.94|379.6205|380.62
2020-11-19|377.72|384.84|374.35|384.33
2020-11-20|384.31|388.85|382.7|383.33
2020-11-23|385.37|389.15|383|387
2020-11-24|388.62|392.81|386.175|392.23
2020-11-25|392.84|395.5|389|390.83
2020-11-27|393.15|399.17|393|394.95
2020-11-30|394.02|402.16|392.74|401.58
2020-12-01|403.46|406.68|400.12|404.57
2020-12-02|404.74|405.41|401.11|403.73
2020-12-03|404.5|406.64|398.1|399.8
2020-12-04|402.4|412.4|402.385|411.68
2020-12-07|416.41|422.842|413.34|420.89
2020-12-08|419.28|426.7|418.16|423.41
2020-12-09|419.47|426.1|413.67|416.22
2020-12-10|411.44|415.25|408.01|410.04
2020-12-11|404|407|398.28|405.82
2020-12-14|406.5291|414.3|406|411.8
2020-12-15|415.28|419.39|412.99|418.06
2020-12-16|418|427.146|416.9648|424.9
2020-12-17|426.5|430.01|424.545|426.1
2020-12-18|424.8|435.65|422|434.56
2020-12-21|428.15|432|423.7|428.88
2020-12-22|428.88|433.55|428|433.1
2020-12-23|435|436|425.08|425.46
2020-12-24|428.49|432|427.57|431.46
2020-12-28|434.34|437.27|431.15|431.88
2020-12-29|435.83|435.83|426.79|429.04
2020-12-30|431.67|437.9999|430.1|434.83
2020-12-31|436.31|438.5|433.05|437.85
2021-01-04|439.33|442.24|421.235|425.22
2021-01-05|425.05|429.39|422.4|428.1
2021-01-06|423.3|434.58|420.54|425.46
2021-01-07|432.0617|444.59|430.6|443.39
2021-01-08|447|449.99|438.646|445.64
2021-01-11|440.61|448.78|440.42|445.76
2021-01-12|447.77|454.758|445.6|449.39
2021-01-13|450.3|453.4925|448.1065|451.21
2021-01-14|453.51|458.5|451.33|452.07
2021-01-15|448.18|450|440.66|445.85
2021-01-19|448.28|459.49|448.28|459.27
2021-01-20|459.52|465.7894|455|461.88
2021-01-21|462.11|469.47|460.4|466.82
2021-01-22|463.7235|467.55|462.38|465.02
2021-01-25|469.56|470|456.08|464.79
2021-01-26|462.65|467.0339|461.88|463.87
2021-01-27|455.54|456.96|441.51|444.7
2021-01-28|455.53|458.48|447.03|451.74
2021-01-29|449.9|458.1|447.63|450.5
2021-02-01|455.85|469.315|453.59|466.74
2021-02-02|469.76|476.97|468|476.88
2021-02-03|476.93|478.52|464.585|465.19
2021-02-04|460|471.16|457.4808|470.63
2021-02-05|474.33|476.92|465.36|466.01
2021-02-08|468.75|473.42|465.58|472.7
2021-02-09|472|475.19|468.62|474.63
2021-02-10|477.21|477.485|465.49|470.05
2021-02-11|473.69|479.35|469.1901|478.39
2021-02-12|478.38|487.02|474.885|486.32
2021-02-16|490.875|494.78|487.02|489.13
2021-02-17|484.23|486.12|475.06|482.48
2021-02-18|480.23|485.41|475.1272|483.26
2021-02-19|487.25|495.14|486.765|489.96
2021-02-22|484|486.61|475.315|476.36
2021-02-23|471.14|474.62|456.06|471.9
2021-02-24|467.68|481.41|462.66|480.88
2021-02-25|474.75|479.375|455.21|457.16
2021-02-26|467.53|475.76|460.74|469.87
2021-03-01|479.7|490|473.86|489.58
2021-03-02|490.37|490.8599|479.6|480.51
2021-03-03|478|481.3899|461.97|463.06
2021-03-04|461.67|467|441.43|443.59
2021-03-05|454.25|456|433|450.14
2021-03-08|446.83|447.96|419.26|421.25
2021-03-09|435.69|446.9|430.6|443.6
2021-03-10|447.35|454.03|435.1|437.59
2021-03-11|449.02|457.45|442.0923|453.69
2021-03-12|445.36|453.49|444.5191|451.17
2021-03-15|455.18|471.23|453.19|470.77
2021-03-16|471.27|484|467.405|478.18
2021-03-17|470.3|487.27|470.01|483.59
2021-03-18|474.56|483.35|463.75|464.15
2021-03-19|457.05|476.675|454.1|474.46
2021-03-22|472.91|481.28|471.67|475.28
2021-03-23|473.78|475.37|462.65|464.06
2021-03-24|469.45|469.99|456.87|457.27
2021-03-25|454.96|464.02|449.31|461.7
2021-03-26|456.64|483|456.64|482.04
2021-03-29|480.4|481.16|468.27|472.62
2021-03-30|463.88|464|451.62|456.16
2021-03-31|459|467.07|452.4|463.66
2021-04-01|472.07|476.58|469.2|475.95
2021-04-05|480.3|489.635|476.82|488.48
2021-04-06|483.115|488.22|477.74|483.87
2021-04-07|480.01|483.91|478|482.46
2021-04-08|487.98|487.98|480.12|485.48
2021-04-09|480|485.31|476.54|485.09
2021-04-12|481.93|485.4199|478.6|483.67
2021-04-13|485|488.22|480.2894|484.96
2021-04-14|482.47|489.19|475.19|477.3
2021-04-15|481.64|482.3147|476.78|480
2021-04-16|480.48|481.78|476.78|478.79
2021-04-19|476.53|476.8|460.05|462
2021-04-20|460.01|462.0287|454.54|457.26
2021-04-21|455.22|460.34|452.6|459.79
2021-04-22|455.1|461.14|449|455.11
2021-04-23|458.49|467.85|457.5|466.13
2021-04-26|467.0204|473.825|463.5731|471.85
2021-04-27|473.7|474.26|465.06|466.35
2021-04-28|465.37|465.97|456.05|459.2
2021-04-29|469.69|469.69|459.03|466.29
2021-04-30|459.71|460.7331|453.84|456.2
2021-05-03|459.75|459.84|448.28|450.14
2021-05-04|447.22|447.7|437.31|444.54
2021-05-05|450.4143|451.44|442.37|443.83
2021-05-06|443.8|449.09|439.84|448.58
2021-05-07|454.59|458.38|449.2|452.58
2021-05-10|448.38|448.532|435.765|436.1
2021-05-11|425|441.76|423.05|440.07
2021-05-12|429.2857|430.86|419.14|422.38
2021-05-13|429.89|434.82|425.64|430.6
2021-05-14|436.39|445.12|432.05|441.62
2021-05-17|442.14|442.14|432.84|439.94
2021-05-18|443.92|444.4375|433.28|433.74
2021-05-19|426|442.5|425.7|441.72
2021-05-20|445.75|459.3|445.33|455
2021-05-21|457.99|457.99|449.34|451.24
2021-05-24|456.92|462.44|456.355|459.19
2021-05-25|461.9|462.96|456.495|459.54
2021-05-26|460.77|462.1|455.53|460.49
2021-05-27|460|468.44|459.645|467.68
2021-05-28|470|474.62|467.68|472.33
2021-06-01|475.44|477.9999|467.2|468.31
2021-06-02|471.83|477.7|469.47|473.73
2021-06-03|468.8|469.76|463.26|464.8
2021-06-04|470.5|478.4|469.52|475
2021-06-07|473|474.48|462.47|463.78
2021-06-08|468.05|472.39|463.51|463.53
2021-06-09|467.19|467.19|461.715|463.93
2021-06-10|465.5|469.54|460.21|468.67
2021-06-11|468.44|472.13|467.145|470.7
2021-06-14|470.49|475.9|466.06|475.83
2021-06-15|476.56|476.57|468.55|470.74
2021-06-16|470.27|471.12|461.48|465.75
2021-06-17|464.88|475.24|463.94|471.17
2021-06-18|467.27|469.755|460.505|463.5
2021-06-21|461.17|465.38|458.44|464.61
2021-06-22|466.58|468.58|461.32|464.45
2021-06-23|463.86|467.875|463.035|466.66
2021-06-24|469.89|473.65|468.6|470.06
2021-06-25|471.35|472.45|460|462.2
2021-06-28|466|476.29|465.51|472.8
2021-06-29|472.37|477.31|470.74|477.15
2021-06-30|478.13|478.59|472.525|476.84
2021-07-01|477.84|477.84|468.93|469.64
2021-07-02|476.771|478.58|455.71|468.17
2021-07-06|470.4|476.75|468.3|473.28
2021-07-07|475|475.36|466.37|469.54
2021-07-08|464.42|471.08|461.56|470.5
2021-07-09|469.57|480.88|468.03|480.18
2021-07-12|481.32|494.02|473.26|485.75
2021-07-13|485.33|487.53|482|484.01
2021-07-14|489.2|492|480.745|481.59
2021-07-15|483.28|484.45|473.12|477.34
2021-07-16|479.06|480.28|467.26|468.07
2021-07-19|463.48|465.97|457.5901|465.67
2021-07-20|467.89|472.25|463.27|468.59
2021-07-21|469.63|479.28|468.5|479.02
2021-07-22|476.6|478.99|474.51|476.33
2021-07-23|480.03|483.58|476.83|483.15
2021-07-26|482.16|483.62|479.68|482.24
2021-07-27|480.76|481.81|467.8001|475.36
2021-07-28|476.7|479.08|474.32|477.65
2021-07-29|478.465|485.8253|477.44|484.11
2021-07-30|481.96|486.34|479.57|485.4
2021-08-02|489.05|494.6|483.51|484.68
2021-08-03|485.49|487.755|479.96|486.79
2021-08-04|488.53|489.98|484.01|487.8
2021-08-05|490.43|490.43|484.886|487.67
2021-08-06|485.07|488.12|484.03|485.43
2021-08-09|486.49|486.83|481|484.68
2021-08-10|485.9|486.45|477.83|482.26
2021-08-11|484.8119|485.97|479.7874|483.55
2021-08-12|482.28|485|476.731|484.26
2021-08-13|482.61|488.97|482.11|486.16
2021-08-16|484.83|488.9118|484.4|488.14
2021-08-17|485.59|486.22|474.52|478.69
2021-08-18|476.65|477.08|468.345|468.97
2021-08-19|466.35|475.83|462.66|473.53
2021-08-20|472.82|476.23|470.44|475.17
2021-08-23|476.33|486.19|475.695|482.45
2021-08-24|482.4|483.04|480.16|481.43
2021-08-25|481.565|486.27|481.565|483.41
2021-08-26|483|488.11|480.6|485.74
2021-08-27|488.01|496.4447|486.64|495.94
2021-08-30|500|507.85|498.2537|498.89
2021-08-31|501.29|501.29|492.7|497.21
2021-09-01|496.27|499.24|492.885|493.16
2021-09-02|495.79|495.98|490.16|491.9
2021-09-03|495.91|506|495.043|497.68
2021-09-07|497.6|497.6|491|496.59
2021-09-08|499.62|499.89|488.11|494.38
2021-09-09|492.8497|498.698|492.8497|493.49
2021-09-10|497.05|505.99|496.51|498.15
2021-09-13|502|502.47|493.2605|498.96
2021-09-14|502|505.42|498.36|501.87
2021-09-15|502.12|510.7|499.42|509.74
2021-09-16|505.2|509.15|500.2068|507.35
2021-09-17|503.97|507.62|501|506
2021-09-20|499|503|488.44|494.82
2021-09-21|493.49|493.75|487|490.99
2021-09-22|494.25|503|492.22|500.59
2021-09-23|502.51|507.29|500.59|504.3
2021-09-24|502.27|505.5|500.83|504.92
2021-09-27|499.7756|505.82|497.38|504.85
2021-09-28|497|501.45|490.54|491.02
2021-09-29|493.63|494.27|487.65|489.48
2021-09-30|494.52|494.52|484.4801|484.93
2021-10-01|487.85|488.66|477.5|487.35
2021-10-04|484.9304|486.56|472.78|475.95
2021-10-05|475.94|489.79|475.33|485.42
2021-10-06|483.13|489.35|479.7|488.78
2021-10-07|492.63|499.9|492.63|493.92
2021-10-08|496.82|498|491.28|492.85
2021-10-11|491.24|499.59|490.85|492.34
2021-10-12|495.84|496.7|482.0201|485.28
2021-10-13|481.17|485.38|479.55|485.01
2021-10-14|491.86|499.15|490.815|497.6
2021-10-15|504.4041|505.86|501.08|503.25
2021-10-18|500.39|503.98|498.66|503.36
2021-10-19|504.32|510.87|501.77|510.39
2021-10-20|511|513.43|508.44|509.39
2021-10-21|509.42|514.79|508.6|514.15
2021-10-22|514.7423|521.38|513.02|515.41
2021-10-25|517.49|524.5|515.18|522.07
2021-10-26|525.225|534.99|524|533.87
2021-10-27|531.82|536.07|521.86|523.11
2021-10-28|524.14|529.95|523.43|529.57
2021-10-29|523.5|532.15|523.5|531.67
2021-11-01|530.336|532.5751|524.93|528.05
2021-11-02|527.4465|540.82|526.68|537.07
2021-11-03|539.0527|543.795|533.77|542.37
2021-11-04|543.8|549.07|540.925|548.62
2021-11-05|550|559.67|549.81|558.92
2021-11-08|561.97|563.89|558.1|558.95
2021-11-09|559.19|561.9009|555.14|557.8
2021-11-10|554.3|560.9022|548.05|548.77
2021-11-11|552.69|557.12|548.81|555.4
2021-11-12|558.41|565.84|554.59|563.22
2021-11-15|567.69|567.69|559.8301|565.77
2021-11-16|564.09|569.53|562.74|568.77
2021-11-17|568.14|571.3564|564.1|569.64
2021-11-18|571.1|576.73|569.64|574.81
2021-11-19|576.2805|577.21|565.93|568.72
2021-11-22|571.68|572.04|552.48|553.28
2021-11-23|552.42|555.86|548.53|555.12
2021-11-24|553.23|559.08|547.39|558.73
2021-11-26|551.77|557.3|543.3201|546.59
2021-11-29|556.2|567.55|553.68|564.34
2021-11-30|563.27|564.99|552|553.68
2021-12-01|563.48|568.4799|553.33|554.76
2021-12-02|546.07|559.11|544|552.45
2021-12-03|564.9447|569|550.4|558.12
2021-12-06|564.6474|568.3729|555.95|564.98
2021-12-07|572|593.07|572|590.4
2021-12-08|590.94|590.94|582.43|588.56
2021-12-09|582.45|590.2397|582.45|583.42
2021-12-10|623.98|644.7499|618.59|631.68
2021-12-13|634|634.42|621.23|621.66
2021-12-14|617.84|618.6199|605.64|614.91
2021-12-15|615.57|640.86|610.34|639.86
2021-12-16|637.36|640.6556|611.5|620.68
2021-12-17|617.53|639.99|615.1|634.96
2021-12-20|626.3|646.09|625.09|645.03
2021-12-21|648.1|649.47|633.3|646.24
2021-12-22|643.32|657.16|639.26|655.2
2021-12-23|656.13|670.73|656.13|664.8
2021-12-27|664.8|676.3|664.46|674.28
2021-12-28|677.55|677.76|667.0301|669
2021-12-29|669.7965|677|669.12|672.61
2021-12-30|673.1|675.7|663.84|665.08
2021-12-31|666.97|671.31|663.27|665.41
2022-01-03|666.317|671.7|661.22|663.32
2022-01-04|662.875|672.1862|657.225|670.92
2022-01-05|671.21|671.21|642.01|643
2022-01-06|640.16|648.65|634.43|637.03
2022-01-07|635.85|639.91|618.46|619.15
2022-01-10|608.86|622.04|603.57|621.16
2022-01-11|615.54|628|614.57|622.05
2022-01-12|627.51|630.99|619.74|622
2022-01-13|627.47|627.88|594.15|597.19
2022-01-14|595.78|600.38|592|596.37
2022-01-18|588.32|591.04|575.99|577.79
2022-01-19|581.58|584.73|563.33|563.97
2022-01-20|568|570.14|546.77|547.72
2022-01-21|546.64|555.4|531.34|533.23
2022-01-24|530.89|543.51|513.4|541.58
2022-01-25|528|545.4|524.22|534.14
2022-01-26|552|574.17|550.07|557.12
2022-01-27|569.72|570.255|541.025|542.31
2022-01-28|543.36|560.5|532.39|560.1
2022-01-31|559.4|586.37|556|585.88
2022-02-01|585.87|593.9|575.8228|592.72
2022-02-02|599|604.8|593.631|603.43
2022-02-03|595.67|599.02|580.12|580.85
2022-02-04|576.38|596.53|576.14|590.16
2022-02-07|590.16|601.58|584.16|587.63
2022-02-08|588.38|601.85|586.99|600.22
2022-02-09|607.3527|611.72|601.56|611.34
2022-02-10|595.3|614.64|588.57|591.36
2022-02-11|591.36|599.76|569.075|573.42
2022-02-14|575|582.8117|570.07|578.58
2022-02-15|589.03|606.039|588.25|602.77
2022-02-16|594.06|600.81|587.22|597.21
2022-02-17|589.7|591.58|578.89|579
2022-02-18|580.94|587.74|573.28|579.99
2022-02-22|579.99|590.21|569.81|577.46
2022-02-23|580.23|585.07|564.74|565.19
2022-02-24|551.58|585.69|549.02|580
2022-02-25|579.83|589.38|574|588.01
2022-02-28|581|592.3|576.38|587.44
2022-03-01|584.79|587.62|565.3|570.12
2022-03-02|574.52|590.53|573.58|585.78
2022-03-03|593.68|593.7|574.33|578.6
2022-03-04|592.79|605.91|584.01|595.99
2022-03-07|597.08|598.78|570|570.7
2022-03-08|572.17|596.05|563.61|575.95
2022-03-09|588.79|601.635|587|597.02
2022-03-10|585.56|590.02|576.37|587.73
2022-03-11|592|594.4299|577.12|577.85
2022-03-14|576.96|579.98|564.75|567.8
2022-03-15|577.27|596.76|575.04|592.76
2022-03-16|596.65|607.705|584.06|607.12
2022-03-17|604.72|607|597.63|602.67
2022-03-18|603.97|613.21|595.99|610.41
2022-03-21|605.6|605.6|588.86|601.29
2022-03-22|601.72|613.5|599.33|611.34
2022-03-23|608|611.37|599.16|599.38
2022-03-24|606.63|627.2169|602|626.43
2022-03-25|627.08|630.405|620.065|628.87
2022-03-28|625.88|633.3|615.78|632.88
2022-03-29|640|645.31|630|641.47
2022-03-30|638.87|644.29|627.33|631.09
2022-03-31|630.48|638.9999|628.05|629.68
2022-04-01|631.69|634.57|618.69|626.98
2022-04-04|626.425|636.72|624.515|634.85
2022-04-05|629.55|632.2639|613|614.12
2022-04-06|602.08|611.59|593.77|602
2022-04-07|599.83|607.6437|593.24|603.05
2022-04-08|597.38|598.59|585.97|587
2022-04-11|582.58|589.28|579.43|580.61
2022-04-12|589.11|598.585|582.17|585.07
2022-04-13|588.5|596.71|586.05|592.54
2022-04-14|594.99|597.06|572.86|573.85
2022-04-18|572.85|591.22|572.85|586.5
2022-04-19|579.36|598.695|579.36|597.62
2022-04-20|604.2|613.43|595.13|597.72
2022-04-21|605.54|615.87|590.66|592.73
2022-04-22|590.11|598.74|586.26|586.95
2022-04-25|581.49|588.76|571.12|587.88
2022-04-26|583.8|585.46|559.71|560.07
2022-04-27|555.79|570.075|555|559.54
2022-04-28|565.94|585.02|557.97|578.94
2022-04-29|572.62|578.2806|553.395|554.39
2022-05-02|557.14|577.64|556.38|576.35
2022-05-03|576.01|586.75|571.7666|581.17
2022-05-04|581.79|604.07|573.98|603.66
2022-05-05|594.23|597.865|574.285|579.99
2022-05-06|574.94|589.98|569.43|580.1
2022-05-09|572.88|578|560.27|562.92
2022-05-10|580.49|591.15|571.8|581.39
2022-05-11|574.58|584.69|565.86|567.11
2022-05-12|563.4|573.61|558.26|571.57
2022-05-13|577.05|591.59|573.5|588.24
2022-05-16|584.38|589.14|577.65|582.67
2022-05-17|595.45|609|593.61|608.15
2022-05-18|600|600.72|566.18|570.57
2022-05-19|558|560.75|538.96|546.21
2022-05-20|553.9|554.99|512.44|543.19
2022-05-23|524|535.57|514.26|526.36
2022-05-24|526.66|528.87|516.19|524.2
2022-05-25|523.9|537.45|523.9|531.63
2022-05-26|531.54|554.57|527.72|550.66
2022-05-27|562.09|585.455|560.01|583.28
2022-05-31|584.5|587.025|576|580.13
2022-06-01|587.58|590.94|568.43|573.62
2022-06-02|577.75|577.77|568.13|576.74
2022-06-03|568.87|569.6|560.98|563.32
2022-06-06|571.52|572.72|557.54|561.23
2022-06-07|560.54|574.54|557.53|572.99
2022-06-08|571.82|576.27|562.14|565.36
2022-06-09|561.16|573.64|555.93|556.22
2022-06-10|550.09|551.0431|539.7219|541.27
2022-06-13|526.78|533|516.021|517.62
2022-06-14|524.97|524.97|514.59|520.17
2022-06-15|529.15|533.83|515.52|526.71
2022-06-16|511.95|514.43|492.275|497.18
2022-06-17|495|500.36|487.87|498.65
2022-06-21|504.08|510.91|502.89|503.77
2022-06-22|496.31|503.77|494.2|496.1
2022-06-23|501.75|501.75|491.01|496.58
2022-06-24|505|511.8|501.445|509.09
2022-06-27|513.8|514.035|502.82|505.71
2022-06-28|512.61|514.15|498.105|498.45
2022-06-29|495.48|495.93|486.67|490.41
2022-06-30|488.03|493.74|480.71|485.81
2022-07-01|479.41|484.265|469.43|477.84
2022-07-05|472|476.93|463.91|476.3
2022-07-06|480.53|487.05|475.5|482.61
2022-07-07|488.11|501.39|488.11|498.54
2022-07-08|492.99|499.63|490.0001|498.69
2022-07-11|489.49|491.62|480.98|482.86
2022-07-12|487.82|492.6|480.07|481.37
2022-07-13|474.98|485.6363|472.2875|481.73
2022-07-14|482.45|486.68|473.4254|484.64
2022-07-15|490.83|494.74|486.13|494.46
2022-07-18|500.16|502.4099|488.19|491.06
2022-07-19|496.8|511.35|495.89|509
2022-07-20|509.54|517.61|504.4701|511.77
2022-07-21|512.55|517.81|506.02|517.68
2022-07-22|518.81|519.79|506.68|512.52
2022-07-25|510.46|513.32|506.5317|513.11
2022-07-26|514.63|516.81|508.92|511.09
2022-07-27|518.2|530.19|516.93|527.79
2022-07-28|528.59|536.515|520.58|533.61
2022-07-29|531.98|537.83|530.27|535.48
2022-08-01|531.43|539.7853|530.44|536.37
2022-08-02|533.22|539.2|527.23|531.21
2022-08-03|535.29|548|534.12|546.74
2022-08-04|548.41|553.15|545.01|552.8
2022-08-05|544.9|552|543.28|551.44
2022-08-08|549.35|552.99|538.74|545.53
2022-08-09|539.09|539.35|527.75|532.8
2022-08-10|546.06|551.02|539.24|550.41
2022-08-11|553.95|557.765|544.25|545.43
2022-08-12|547.81|558.41|545.65|558.23
2022-08-15|554.23|559.785|550.5|558.96
2022-08-16|557.52|557.94|546.01|551.65
2022-08-17|544.37|544.71|531.04|538.59
2022-08-18|543.41|560.56|541.63|558.45
2022-08-19|550.86|555.58|547.87|548.43
2022-08-22|542.57|543.09|527.05|528.75
2022-08-23|533.85|537.62|528.91|529.78
2022-08-24|529.56|531.3|523.4401|530.84
2022-08-25|533.45|550.48|532.26|550.13
2022-08-26|548.835|550.99|520|520.86
2022-08-29|520|522.74|512|514.18
2022-08-30|516.84|517.91|501.39|506.39
2022-08-31|510.16|510.16|496.54|499.11
2022-09-01|491.47|493.29|480.84|492.01
2022-09-02|518|519.81|498.3|500.22
2022-09-06|498.53|504|490.37|498.2
2022-09-07|502.91|509.43|499.08|505.13
2022-09-08|502.6|512.74|498.695|511.93
2022-09-09|515.44|525.97|515.44|522.4
2022-09-12|526.75|531.26|524.56|529.06
2022-09-13|513.84|518.27|501.68|503.65
2022-09-14|507.13|513|502.77|510.75
2022-09-15|508.93|511.56|497.28|500.14
2022-09-16|497.72|503.69|489.86|502.5
2022-09-19|494.42|503.39|494.42|501.84
2022-09-20|496|498.83|489.72|493.06
2022-09-21|490.99|499.88|481.77|482.14
2022-09-22|482.43|483.21|473|477.61
2022-09-23|474.95|477.99|462|468.68
2022-09-26|468.98|473.3|461.31|462.26
2022-09-27|469.55|469.89|456.51|464.75
2022-09-28|461.34|468.75|456.35|465.96
2022-09-29|460.9|461.37|444.88|450.13
2022-09-30|449.06|457.8185|443.635|444.01
2022-10-03|449.24|460.9536|446.965|456.78
2022-10-04|468.5|480.16|465.86|479.86
2022-10-05|472.55|488.0861|471.46|484.8
2022-10-06|483.79|489.7|478.715|479.5
2022-10-07|472.38|473.34|459.02|460.48
2022-10-10|460|460.1|431.84|437.7
2022-10-11|435.2|438.7|425.58|430.76
2022-10-12|432.25|435.72|428.01|430.57
2022-10-13|417.42|443.77|415.0682|437.97
2022-10-14|443.28|443.96|426.41|427.1
2022-10-17|439.55|441.24|433.39|435.37
2022-10-18|448.21|448.55|430.16|434.83
2022-10-19|433.23|438.3|430.88|435.3
2022-10-20|435.13|442.19|428.14|430.3
2022-10-21|432.09|450.66|429.17|449.73
2022-10-24|452.73|458.7899|451.11|456.52
2022-10-25|457.99|464.26|456.83|460.07
2022-10-26|457.99|471.755|455.343|461.18
2022-10-27|466.05|470.77|454.9101|455.4
2022-10-28|456.96|474.34|455.645|472.9
2022-10-31|466.85|472.81|465.0101|470.12
2022-11-01|475.795|476.825|463.17|467.9
2022-11-02|470.28|480.45|455.72|456.03
2022-11-03|450.94|452.8593|441.36|444.12
2022-11-04|456.86|468.89|453.28|465.3
2022-11-07|466.77|477.74|461.57|475.22
2022-11-08|481.245|488.8|473.5|482.11
2022-11-09|478.5|479|469.03|469.47
2022-11-10|491|507.17|487.192|506.57
2022-11-11|504.8|519|502|518.09
2022-11-14|515.39|525.02|513|513.22
2022-11-15|529.96|532.57|515.91|524.42
2022-11-16|516.72|518.54|510.28|511.73
2022-11-17|505|512.7399|503.14|512.11
2022-11-18|516.87|517.73|511|515.16
2022-11-21|512.94|520.85|511.11|517.44
2022-11-22|522.97|530.28|519.01|530.05
2022-11-23|530.35|541.48|528.8|533.64
2022-11-25|530.69|534.58|529.48|529.91
2022-11-28|525.24|528.76|516.24|522.21
2022-11-29|523|525.85|514.83|521.39
2022-11-30|524.11|551.66|517.83|551.03
2022-12-01|551.03|552.42|541.955|550.75
2022-12-02|537.05|542.7|536.08|540.8
2022-12-05|537.77|539.48|525.485|530.64
2022-12-06|530.65|533.57|521.75|525.82
2022-12-07|519.6|524.9985|516.05|518.5
2022-12-08|520.81|532.42|520.3848|531.08
2022-12-09|550.94|552.64|541|544.72
2022-12-12|544.75|556.87|542.24|556.63
2022-12-13|575.82|581.84|565.03|571.04
2022-12-14|568.55|585.65|567.73|574.44
2022-12-15|563.78|566.4876|557.7|558
2022-12-16|557.45|559.8|550.87|555.91
2022-12-19|554.02|556.48|545.72|549.63
2022-12-20|545.17|549|540.915|544.02
2022-12-21|547.67|561.91|546.95|561.23
2022-12-22|553.35|554.94|547.2|553.09
2022-12-23|550|553.6175|547.45|552.43
2022-12-27|551.55|558.105|546.94|553.54
2022-12-28|551.64|557.77|542.45|544.89
2022-12-29|551.85|562.6|550.5006|557.81
2022-12-30|551.82|559.65|548.01|559.13
2023-01-03|565|567.57|550.79|553.48
2023-01-04|562.99|568.16|556.03|560.24
2023-01-05|555.71|559.84|551.12|555.02
2023-01-06|563.12|591|562.305|588.43
2023-01-09|592.3|601.675|560.56|576.89
2023-01-10|572.0001|575.13|549.99|574.93
2023-01-11|573|578.34|566.87|578.14
2023-01-12|575.59|585.11|573.76|581.94
2023-01-13|577.15|581.93|576.675|579
2023-01-17|574.9|585.36|574.54|579.24
2023-01-18|583.21|587.56|573.72|574.29
2023-01-19|569.12|570.06|560.31|563.22
2023-01-20|563.03|571.36|559.11|570.78
2023-01-23|572|584.7925|569.78|581.63
2023-01-24|578.44|586.69|575.63|585.03
2023-01-25|577.67|586.97|576.04|585.68
2023-01-26|590.41|600.56|586.2601|598.58
2023-01-27|593.32|599.25|590.19|590.99
2023-01-30|583|589.61|579.76|581.45
2023-01-31|582.07|587.23|580.735|585.01
2023-02-01|583.57|608.3|582.7|602.75
2023-02-02|607.63|613.14|599.75|605.77
2023-02-03|598|608.04|596.25|597.62
2023-02-06|593.34|603.22|592.26|601.3
2023-02-07|600.66|617.01|599.72|614.45
2023-02-08|606.68|610.18|600.62|601.71
2023-02-09|612.6|614.9299|595.48|599.41
2023-02-10|596.31|598.46|589.63|593.25
2023-02-13|595|601.48|593.4704|601.12
2023-02-14|594.17|605.58|593.315|602.31
2023-02-15|598.86|608.28|596.7|607.69
2023-02-16|600.75|608.94|599.55|600.54
2023-02-17|600|600.85|592.45|595.59
2023-02-21|590|593.09|579.84|581.54
2023-02-22|582.25|583.0875|572.1|576.17
2023-02-23|585.75|585.94|573.68|583.8
2023-02-24|577.53|580.24|573.61|577.75
2023-02-27|585.87|589.8|584.26|585.45
2023-02-28|585.56|598.5756|582.18|594.29
2023-03-01|594|598.21|590.3|593.57
2023-03-02|589.39|600.94|586.13|598.65
2023-03-03|617.7|635.73|615.75|632.76
2023-03-06|635|644.05|631.73|632.92
2023-03-07|634.87|635.78|623.51|625.15
2023-03-08|627.78|632.725|623.67|632.26
2023-03-09|630.08|642.44|621.88|622.52
2023-03-10|628.19|630.16|612.82|614.83
2023-03-13|607.09|624.39|606.88|616.47
2023-03-14|623.39|633.37|618.5|632.46
2023-03-15|627.67|630.07|616.2|626.04
2023-03-16|621.85|637.07|617.81|636.5
2023-03-17|636.5|639.5699|627.08|630.97
2023-03-20|632.74|644.74|631.595|643.71
2023-03-21|643.09|646.59|634.33|636.75
2023-03-22|636.9|648.4999|630.67|630.92
2023-03-23|638.9|648.18|631.53|639.23
2023-03-24|638.03|639.3|628.5526|636.17
2023-03-27|639|639.1|625.99|626.84
2023-03-28|625.23|626.535|618.86|624.7
2023-03-29|632.78|634.01|624.64|625.5
2023-03-30|632.73|636.05|629.3|633.75
2023-03-31|630.54|642.215|625.91|641.54
2023-04-03|639|643.9|636.44|642.47
2023-04-04|643.15|644.235|632|634.41
2023-04-05|631.14|631.7|625.7|629.01
2023-04-06|624.16|628.4001|618.97|622.64
2023-04-10|618.05|627.87|616.4506|627.39
2023-04-11|630.78|630.88|620.82|621.57
2023-04-12|627.34|627.52|616.26|616.7
2023-04-13|619.07|626.5|617.11|624.24
2023-04-14|620.48|628.03|615.21|619.54
2023-04-17|618.61|628.34|617.81|627.36
2023-04-18|631.62|635.5|627.1331|632.32
2023-04-19|626.79|636.79|625.55|634.5
2023-04-20|627.86|642.73|627.14|633.02
2023-04-21|630.6|633.8|621.99|632.9
2023-04-24|633.64|638.85|631.785|634.54
2023-04-25|633.99|635.99|621.74|622.02
2023-04-26|619.97|623.1256|613.51|616.19
2023-04-27|616.19|620.09|603.23|618.41
2023-04-28|619.07|626.78|614.56|626.5
2023-05-01|626.5|638.99|626.2|637.95
2023-05-02|625.76|626.5|605.02|612.34
2023-05-03|616.9|621.95|612.4|613.2
2023-05-04|610|613.96|601.29|610.16
2023-05-05|615.95|631.47|613.37|630.12
2023-05-08|629.78|630.73|620.58|629.06
2023-05-09|622.73|624.07|615.86|618.51
2023-05-10|622.06|628|618.27|626.27
2023-05-11|626.58|628.48|617.99|627.67
2023-05-12|628.38|632.7|624.21|631.15
2023-05-15|631.87|640.02|628.47|639.8
2023-05-16|640.46|646.91|638.73|641.44
2023-05-17|647.35|660.9|644.58|657.47
2023-05-18|656|679.36|656|677.9
2023-05-19|680|684.95|678.41|682.25
2023-05-22|681.4|684.68|674.12|678.37
2023-05-23|690.64|698.99|682.02|686.5
2023-05-24|681.44|684.31|676.06|679.53
2023-05-25|699.41|732.39|690.77|728.8
2023-05-26|747.425|814.98|747.02|812.73
2023-05-30|835.12|921.7799|798.81|803.34
2023-05-31|794.9|821.67|790.13|807.96
2023-06-01|800.62|805.79|785.16|789.95
2023-06-02|790.64|823.77|787.2|812
2023-06-05|809.2|809.2|794.48|802.3
2023-06-06|802|802|776.38|790
2023-06-07|789.82|805.45|787.51|792.63
2023-06-08|794.91|805.01|788.78|804.2
2023-06-09|805.8|817.7489|803.88|804.62
2023-06-12|811.12|858|811.12|855.36
2023-06-13|861.13|863.26|841|851.12
2023-06-14|855.9|888.54|847.22|886.18
2023-06-15|884.41|887.97|871.02|883.43
2023-06-16|889.275|889.95|865.445|868.11
2023-06-20|862.66|877.07|861.0102|868.03
2023-06-21|860|866|844.6|847.66
2023-06-22|845.09|848.91|835.31|842.43
2023-06-23|834.01|836.02|818.85|822.15
2023-06-26|825|837|820.22|821.63
2023-06-27|828.68|850|821|848.4
2023-06-28|838.73|858.53|837.06|847.94
2023-06-29|854.45|862.84|846.41|862.57
2023-06-30|868.52|874.57|864.33|867.43
2023-07-03|868.62|876.73|864.92|876.44
2023-07-05|867.4|876.9|861.75|861.86
2023-07-06|845|853.9|844.33|848
2023-07-07|850.43|857.99|844.66|846.75
2023-07-10|848.28|879.17|848.28|877.73
2023-07-11|881.11|883|864.63|882.05
2023-07-12|889|897.59|882|889.95
2023-07-13|898.94|898.94|878.27|890.36
2023-07-14|886.16|903.35|886.16|888.58
2023-07-17|891.01|913.21|889.78|910.35
2023-07-18|905.98|909.9|898.2601|903.43
2023-07-19|897.27|905.965|885.63|901.37
2023-07-20|892.54|906.9999|886|888.34
2023-07-21|904.49|911.15|893.83|896.75
2023-07-24|900.8|905.44|894.23|901.59
2023-07-25|900.62|923.18|900.62|917.99
2023-07-26|909|910.62|887.65|893.09
2023-07-27|908.5|909.85|886|893.53
2023-07-28|899.32|903.56|893.95|899.79
2023-07-31|897.5|901|891|898.65
2023-08-01|898.98|920.62|897.7008|920
2023-08-02|912.3|913|890.29|892.3
2023-08-03|886.62|895.33|881.08|884.98
2023-08-04|884.98|893.62|873.3715|881.65
2023-08-07|887.68|897.37|885.266|897.06
2023-08-08|890.09|890.6|873.4|883.16
2023-08-09|882.72|883.53|848.7201|850.73
2023-08-10|853.12|861.5|837.07|842.9
2023-08-11|834.01|836.4|823.48|829.76
2023-08-14|831.13|854.18|827.38|854.1
2023-08-15|849.21|854.62|836.46|842.52
2023-08-16|847.79|854.5|831.96|832.99
2023-08-17|836.51|839.42|827.01|827.1
2023-08-18|820|828.17|812|825.84
2023-08-21|834.06|867.34|831.77|865.14
2023-08-22|873.41|874.75|850.88|855.79
2023-08-23|850.77|878.19|850|876.58
2023-08-24|902.35|909.855|852.46|854.46
2023-08-25|857.02|869.44|837.67|851.82
2023-08-28|856.39|864.1299|847.11|861.08
2023-08-29|858.4|892.835|856.4199|889.93
2023-08-30|892.39|898.71|879.11|892.28
2023-08-31|898.01|923.67|893.77|922.89
2023-09-01|901.87|901.87|864.66|872.52
2023-09-05|869.51|883|867|872.17
2023-09-06|872.5|877.37|866.74|872.27
2023-09-07|859.5|861.69|840.52|857.03
2023-09-08|855|860.83|850.12|857.55
2023-09-11|868.77|869|845.65|859.14
2023-09-12|850.24|858.265|841.66|844.52
2023-09-13|847.19|859.11|844.24|852.93
2023-09-14|859.03|876.67|855|871.64
2023-09-15|868.16|868.16|842.9|851.68
2023-09-18|842.58|856.33|840|850
2023-09-19|845.99|851.03|838.5|849.2
2023-09-20|849.99|849.99|830.35|830.57
2023-09-21|795.11|822.5|795.09|808.36
2023-09-22|811.24|830.5799|810.38|829.08
2023-09-25|828|838.5599|823.01|833.89
2023-09-26|829.17|830.265|811.21|816.19
2023-09-27|819.26|823.68|804.3801|816.81
2023-09-28|820.17|838.86|814.68|832
2023-09-29|836.45|844.04|822.91|830.58
2023-10-02|829.06|838.56|823.5|834.95
2023-10-03|827|835.75|808.91|814.83
2023-10-04|820.33|830.58|816.3025|823.81
2023-10-05|820.11|828.63|815.4801|823.86
2023-10-06|819.4|848.385|811.72|845.26
2023-10-09|840.46|856.61|837.83|855.88
2023-10-10|857.15|872.545|855.72|858.41
2023-10-11|859.71|875.34|856.55|874.56
2023-10-12|876.43|917.93|876.43|905.6
2023-10-13|909|925.91|882.09|883.18
2023-10-16|890.97|915.785|890.97|902.57
2023-10-17|885.15|892.98|866|884.4
2023-10-18|879.945|895.63|875.2|887.03
2023-10-19|887.02|889.49|865.67|867.83
2023-10-20|874.9|874.9|851.84|853.63
2023-10-23|857.96|873.5999|842.82|862.22
2023-10-24|864|883|863.12|881.11
2023-10-25|877.07|878.73|846.08|849.63
2023-10-26|847.91|854.415|818.34|826.75
2023-10-27|830|840.21|828.54|838.36
2023-10-30|841.1|849.43|827.15|841.25
2023-10-31|843.89|845.5|832.6|841.37
2023-11-01|842|853.825|835.57|852.94
2023-11-02|862|880.5|860|871.3
2023-11-03|877.5|887.5|871.0567|882.68
2023-11-06|881.56|885.89|871.21|880.83
2023-11-07|882.32|901.77|876.155|897.82
2023-11-08|900|912.9084|899|911.13
2023-11-09|912.5|929.7999|908.56|911.38
2023-11-10|921.74|958.95|918.21|957.52
2023-11-13|950.05|952.4|940.48|946.93
2023-11-14|962.34|976.77|955.2521|972.96
2023-11-15|979.51|981.75|966.91|975.4
2023-11-16|964|968.7|950.52|959.55
2023-11-17|958.21|983.89|951|977.73
2023-11-20|973|999.87|973|995.71
2023-11-21|975|991|971.63|981.2
2023-11-22|983.69|987.9899|971|972
2023-11-24|974.96|979.86|966.75|978.87
2023-11-27|976.15|981.01|949.33|950.24
2023-11-28|939.94|950.86|934.16|946.35
2023-11-29|948.34|959.4299|939.37|940.83
2023-11-30|941|942.415|918.37|925.73
2023-12-01|922.46|933.9|908|930
2023-12-04|920.64|930.97|916.44|923.97
2023-12-05|911.6|917.27|905.845|913.12
2023-12-06|920.36|920.97|903.1|903.64
2023-12-07|905.54|924.12|903.64|922.26
2023-12-08|927.84|950.73|910.5262|944.3
2023-12-11|957.01|1039.51|956.09|1029.24
2023-12-12|1027.99|1079.39|1024.58|1072.28
2023-12-13|1068|1099.78|1062.54|1089.69
2023-12-14|1092.18|1121.46|1090.28|1106.49
2023-12-15|1095.22|1149.8799|1094.6184|1129.74
2023-12-18|1120.8|1151.82|1118.64|1147
2023-12-19|1142|1150.46|1132.505|1139.58
2023-12-20|1132.7|1141.36|1109.26|1110.38
2023-12-21|1132.65|1135.42|1115|1127.29
2023-12-22|1127.98|1132|1113.53|1121.98
2023-12-26|1124.24|1135.5|1123.02|1131.89
2023-12-27|1136|1139.57|1122.9601|1126.17
2023-12-28|1131.69|1132.24|1119.05|1122.41
2023-12-29|1121.46|1124.38|1114.67|1116.25
2024-01-02|1092.12|1102|1077.09|1085.38
2024-01-03|1070.2|1075|1055.31|1058.58
2024-01-04|1057.96|1069.497|1047.37|1049.01
2024-01-05|1051.6|1055.46|1041.51|1049.28