2018-08-01|115.75|116.69|115.28|115.66
2018-08-02|114.57|116.25|114.33|116.15
2018-08-03|116|117.13|115.94|117.09
2018-08-06|116.79|117.53|116.18|117.12
2018-08-07|117.74|118.29|117.33|117.55
2018-08-08|117.33|118.2686|117.28|117.79
2018-08-09|117.51|117.72|116.695|116.88
2018-08-10|115.5|115.95|114.6839|115.73
2018-08-13|115.56|115.878|113.815|113.89
2018-08-14|114.27|115.04|113.6499|114.65
2018-08-15|113.82|114.33|112.97|113.7
2018-08-16|114.35|115.31|114.3|114.77
2018-08-17|114.64|115.07|114.3|114.77
2018-08-20|114.59|115.05|114.11|114.62
2018-08-21|115.37|116.385|114.88|115.32
2018-08-22|115.31|115.41|114.78|114.97
2018-08-23|114.96|115.15|114.43|114.73
2018-08-24|114.98|115.22|114.451|114.68
2018-08-27|115.22|117.28|115.17|116.71
2018-08-28|117|117.03|115.97|116.14
2018-08-29|116.35|116.37|115.36|115.76
2018-08-30|115.59|116.04|114.98|115.19
2018-08-31|114.83|114.84|113.819|114.58
2018-09-04|114.34|115.24|113.63|115.15
2018-09-05|115|115.7|114.25|114.59
2018-09-06|114.5|114.7|113.5|114.1
2018-09-07|114.5|114.77|113.63|114.32
2018-09-10|114.85|114.97|113.66|113.71
2018-09-11|113.54|114.575|113.18|114.43
2018-09-12|114.25|114.88|112.85|113.08
2018-09-13|113.37|114.13|112.67|113.52
2018-09-14|113.81|114.49|113.23|113.5
2018-09-17|113.79|114.43|113.3|113.84
2018-09-18|114.33|114.655|113.56|114.3
2018-09-19|114.44|118.06|114.44|117.62
2018-09-20|118.5|119.24|118.08|118.63
2018-09-21|119.13|119.23|117.74|117.85
2018-09-24|117.76|118.46|116.4315|116.72
2018-09-25|117.04|117.97|116.32|116.39
2018-09-26|116.75|116.8699|114.66|115.02
2018-09-27|115.42|115.76|114.16|114.52
2018-09-28|113.65|114.24|112.52|112.84
2018-10-01|113.37|114.61|113.04|113.5
2018-10-02|113.36|114.12|112.8128|113.97
2018-10-03|114.94|115.66|114.48|115.04
2018-10-04|114.55|116.81|114.21|115.27
2018-10-05|115.83|116.1|114.015|114.62
2018-10-08|114.25|115.78|113.3534|115.32
2018-10-09|114.67|115.03|113.67|114.52
2018-10-10|114.7|114.95|111.47|111.47
2018-10-11|110.97|111.47|107.38|108.13
2018-10-12|110.37|110.83|105.6|106.95
2018-10-15|107.2|108.85|106.32|106.34
2018-10-16|107.16|108.78|106.73|108.62
2018-10-17|108.38|110.8|108.23|109.83
2018-10-18|109.02|109.84|107.81|108.09
2018-10-19|107.65|109.22|107.27|107.91
2018-10-22|108.15|108.34|106.1132|106.36
2018-10-23|104.2|106.16|103.7|105.25
2018-10-24|104.76|105.03|102.9068|103.29
2018-10-25|104.18|105.9|103.72|104.86
2018-10-26|104|104.56|102.73|103.42
2018-10-29|104.46|106.63|103.7|104.85
2018-10-30|105.71|106.98|104.86|106.7
2018-10-31|108.08|110.48|107.79|109.02
2018-11-01|109.62|110.22|108.32|108.98
2018-11-02|109.9|110.81|107.49|108.38
2018-11-05|108.61|109.29|108.42|109.09
2018-11-06|108.67|109.67|107.76|109.6
2018-11-07|110.37|111.73|109.35|111.48
2018-11-08|111.01|112.925|111|112.38
2018-11-09|112.23|112.36|110.83|111.29
2018-11-12|111.42|111.94|108.6|108.95
2018-11-13|109.1|111.12|109.1|109.59
2018-11-14|110.23|110.71|105.9836|107.33
2018-11-15|108.24|110.08|106.81|110.07
2018-11-16|109.45|110.76|108.55|109.99
2018-11-19|109.96|111.2|109.5282|110.83
2018-11-20|109.78|110.49|107.98|108.45
2018-11-21|109.03|109.61|107.64|107.64
2018-11-23|106.74|107.39|106.06|106.65
2018-11-26|107.72|109.98|107.45|109.26
2018-11-27|108.76|110.03|108.63|109.72
2018-11-28|109.8|111.4|108.87|110.94
2018-11-29|110.27|110.795|109.635|110.06
2018-11-30|109.85|111.32|109.58|111.19
2018-12-03|112.38|112.89|111.74|112.24
2018-12-04|111.6|111.6|106.73|107.23
2018-12-06|105.01|105.36|102.88|105.19
2018-12-07|105.16|106.9817|102.91|103.29
2018-12-10|102.87|103.49|99.28|101.36
2018-12-11|103.13|103.66|100.21|100.37
2018-12-12|101.66|102.9|100.0603|101.02
2018-12-13|101.55|101.97|100.67|101.12
2018-12-14|99.99|101.94|99.86|100.29
2018-12-17|99.77|100.56|98.435|99.01
2018-12-18|99.42|100.89|98.12|98.54
2018-12-19|98.41|100.58|96.6|97.29
2018-12-20|96.61|98.28|95.69|96.45
2018-12-21|96.68|98.43|93.685|94.17
2018-12-24|92.89|94.22|92.14|92.14
2018-12-26|92.69|95.96|91.11|95.96
2018-12-27|94.82|97.15|93.55|97.04
2018-12-28|97.95|98.32|96.44|96.83
2018-12-31|97.59|98.8085|96.77|97.62
2019-01-02|95.95|99.78|95.94|99.31
2019-01-03|98.64|98.89|96.69|97.11
2019-01-04|99.11|100.93|98.28|100.69
2019-01-07|100.43|101.47|99.7103|100.76
2019-01-08|101.63|101.82|99.545|100.57
2019-01-09|100.81|101.49|99.93|100.4
2019-01-10|100.02|100.73|99.27|100.39
2019-01-11|99.89|100.17|98.95|99.91
2019-01-14|98.87|101.36|98.66|100.94
2019-01-15|98.89|102.47|98.6|101.68
2019-01-16|102.25|103.45|101.8|102.5
2019-01-17|102.11|103.5|101.9208|102.92
2019-01-18|103.77|104.9|102.83|104.59
2019-01-22|103.08|103.59|102.13|102.94
2019-01-23|103.44|103.7|101.965|102.68
2019-01-24|102.13|103.09|101.94|102.74
2019-01-25|103.51|104.31|102.74|103.39
2019-01-28|102.89|104.24|102.59|103.88
2019-01-29|103.88|105.11|103.7301|104.17
2019-01-30|104.14|105.24|103.78|104.41
2019-01-31|103.41|103.8|102.73|103.5
2019-02-01|104|104.8455|103.52|103.88
2019-02-04|103.79|104.25|103.01|104.25
2019-02-05|104.52|104.55|103.29|103.79
2019-02-06|103.71|104.62|103.465|103.74
2019-02-07|103.25|103.5|101.44|102.38
2019-02-08|102.08|102.335|100.06|101.36
2019-02-11|101.76|102.01|100.771|100.88
2019-02-12|101.95|102.92|101.89|102.6
2019-02-13|102.9|103.85|102.9|103.09
2019-02-14|102.47|103.1|101.35|102.42
2019-02-15|103.9|105.7|103.66|105.55
2019-02-19|104.91|105.37|103.81|105.18
2019-02-20|105.21|105.8|104.875|105.69
2019-02-21|105.45|105.99|104.96|105.47
2019-02-22|105.7|106.09|104.775|105
2019-02-25|105.75|107.27|105.69|106.1
2019-02-26|104.5|105.47|103.94|105.29
2019-02-27|105.18|105.38|104.505|105.16
2019-02-28|105.01|105.21|104.18|104.36
2019-03-01|105.1|105.905|104.2|104.43
2019-03-04|104.92|105.9155|103.2668|104.19
2019-03-05|104.13|104.55|103.26|104.11
2019-03-06|103.86|104.57|103.55|103.72
2019-03-07|103.25|103.47|102.16|102.97
2019-03-08|101.99|103.23|101.99|103.01
2019-03-11|103.98|104.545|103.66|104.35
2019-03-12|104.59|104.79|103.7544|104.04
2019-03-13|104.19|104.98|103.95|104.39
2019-03-14|104.5|105.87|104.46|105.34
2019-03-15|105.41|106.8|105.23|106.55
2019-03-18|106.55|107.785|106.5|107.19
2019-03-19|108.2|108.4|106.55|106.8
2019-03-20|106.43|106.65|104.41|104.52
2019-03-21|103.49|103.49|102.2804|102.87
2019-03-22|101.82|102.32|99.52|99.76
2019-03-25|99.59|100.57|98.09|98.93
2019-03-26|99.82|100.4|98.82|99.92
2019-03-27|99.88|100.4499|99.08|99.58
2019-03-28|100|100.8|99.74|100.71
2019-03-29|101.54|101.99|100.585|101.23
2019-04-01|102.15|104.68|102.12|104.64
2019-04-02|104.6|105.44|104.33|105.14
2019-04-03|105.81|106.36|104.785|105.35
2019-04-04|104.55|105.73|104.45|105.56
2019-04-05|105.8|106.11|104.99|105.31
2019-04-08|105.11|105.65|104.91|105.65
2019-04-09|105.08|105.2|104.25|104.87
2019-04-10|105.13|105.715|104.47|105.34
2019-04-11|105.71|106.73|105.56|106.23
2019-04-12|109.44|111.85|108.88|111.21
2019-04-15|110.92|111|109.12|109.94
2019-04-16|109.9|111.39|109.86|111.1
2019-04-17|111.7|114.66|111.01|114.3
2019-04-18|114.53|114.945|113.33|113.46
2019-04-22|112.83|113.93|112.6622|113.6
2019-04-23|113|114.37|112.85|113.74
2019-04-24|113.26|114.15|112.81|113.55
2019-04-25|113.01|114.145|112.5|113.61
2019-04-26|113.95|114.58|113.6|114.47
2019-04-29|114.6|117.155|114.445|116.12
2019-04-30|116.43|116.724|115.26|116.05
2019-05-01|115.72|117|115.11|115.16
2019-05-02|115.17|115.7753|114.58|115.41
2019-05-03|116|116.68|115.67|116.12
2019-05-06|114.18|115.47|113.72|115.09
2019-05-07|114.03|114.03|112.285|113.21
2019-05-08|112.66|113.67|112.46|112.61
2019-05-09|111.14|112.74|110.58|112.52
2019-05-10|111.75|112.84|110.54|112.51
2019-05-13|110.08|110.45|108.98|109.45
2019-05-14|109.55|111.72|109.5|110.32
2019-05-15|109.21|110.8958|108.61|109.9
2019-05-16|110.62|112.17|110.59|111.31
2019-05-17|110|111.75|109.8257|110.77
2019-05-20|110.58|111.81|110.37|111.35
2019-05-21|111.44|111.92|111.215|111.73
2019-05-22|111.4|111.79|110.75|110.82
2019-05-23|109.64|109.79|107.5|108.64
2019-05-24|109.52|109.96|109.19|109.71
2019-05-28|109.2|109.83|108.44|108.52
2019-05-29|107.45|108.4|107.06|108.22
2019-05-30|108.65|109.18|106.54|107.06
2019-05-31|105.56|106.589|104.84|105.96
2019-06-03|105.8|106.86|105.3|106.46
2019-06-04|107.85|109.9|107.13|109.74
2019-06-05|109.86|110.38|108.6376|110.13
2019-06-06|110.15|110.87|108.9307|110.37
2019-06-07|109.7|110.02|108.96|109.16
2019-06-10|110.75|111.21|110.215|110.34
2019-06-11|110.82|111.57|110.37|110.68
2019-06-12|110.7|110.9|108.89|109.27
2019-06-13|109.46|110.16|109.05|109.54
2019-06-14|109.57|110.3027|108.63|109.82
2019-06-17|109.7|110.37|109.06|109.22
2019-06-18|109.01|111.405|108.98|110.71
2019-06-19|110.82|111.59|109.695|109.91
2019-06-20|110.88|111.085|109.0331|110.19
2019-06-21|110.19|111.67|109.09|109.44
2019-06-24|109.28|109.77|108.535|108.66
2019-06-25|108.68|108.98|107.67|107.76
2019-06-26|108.3|109.31|108.16|108.48
2019-06-27|108.84|109.55|108.44|108.84
2019-06-28|111.04|112.43|110.9|111.8
2019-07-01|113.23|114.52|113.08|113.68
2019-07-02|113.51|114.2|113.22|113.8
2019-07-03|113.34|113.87|112.26|112.82
2019-07-05|113.51|114.27|112.92|113.49
2019-07-08|112.96|113.48|112.5|112.87
2019-07-09|112.28|113.49|112.1503|113.35
2019-07-10|113.37|113.83|112.74|113.02
2019-07-11|113.37|114.355|113.12|114.1
2019-07-12|114.13|115.35|113.93|115.3
2019-07-15|115.54|115.57|113.53|113.9
2019-07-16|113.48|115.5|112.92|115.12
2019-07-17|114.43|114.94|113.73|113.99
2019-07-18|113.93|115.07|113.55|114.67
2019-07-19|114.89|115.12|113.4|113.54
2019-07-22|112.91|114.45|112.77|114.27
2019-07-23|114.88|116.45|114.82|116.36
2019-07-24|115.58|116.88|115.52|116.83
2019-07-25|116.89|117.24|115.315|115.71
2019-07-26|115.77|116.51|115.53|116.22
2019-07-29|116.46|117.18|115.79|115.85
2019-07-30|115.19|116.08|114.76|115.59
2019-07-31|116.1|116.18|114.86|116
2019-08-01|115.33|116.8|112.595|112.94
2019-08-02|112.4|113.43|111.4|112.93
2019-08-05|110.79|110.98|108.265|109.57
2019-08-06|110.05|110.5|108.34|110.43
2019-08-07|108|108.28|105.94|108.03
2019-08-08|109.05|110.08|108.72|109.86
2019-08-09|109.35|110.445|108.29|109.74
2019-08-12|108.44|108.5146|107.21|107.68
2019-08-13|107.95|110.33|107.03|109.34
2019-08-14|106.3|106.91|104.45|104.8
2019-08-15|104.82|106.38|104.34|105.2
2019-08-16|106.37|107.98|105.87|107.72
2019-08-19|109.63|109.75|108.415|108.69
2019-08-20|107.85|108.44|107.24|107.31
2019-08-21|108.21|108.43|107.445|107.61
2019-08-22|108.37|109.265|107.93|108.72
2019-08-23|108|108.78|105.11|106.02
2019-08-26|106.62|106.99|106.01|106.87
2019-08-27|107.35|107.56|104.84|105.74
2019-08-28|105.08|107.21|105.04|106.8
2019-08-29|108.14|109.89|108.02|109.22
2019-08-30|109.84|110.56|109.47|109.86
2019-09-03|108.98|108.99|107.3167|108.56
2019-09-04|109.45|110.22|108.56|109.87
2019-09-05|111.25|113.72|111.2|112.37
2019-09-06|112.66|112.98|111.9636|112.61
2019-09-09|113.71|116.055|113.6|115.4
2019-09-10|116.3|117.27|115.7275|116.87
2019-09-11|116.89|117.2|115.38|117.19
2019-09-12|116.55|118.473|115.92|117.91
2019-09-13|119|120.4|118.75|120.23
2019-09-16|118.9|119.8699|118.38|119.16
2019-09-17|118.42|118.61|117.24|118.57
2019-09-18|118.32|120.08|117.75|119.76
2019-09-19|119.7|120.3396|119.09|119.38
2019-09-20|119.74|120.34|118.87|118.9
2019-09-23|117.78|119.12|117.68|118.88
2019-09-24|118.75|119.26|117.04|117.33
2019-09-25|117.27|118.36|117.12|118
2019-09-26|117.88|118.05|116.95|117.03
2019-09-27|117.96|118.635|117.28|117.72
2019-09-30|118.36|118.77|117.215|117.69
2019-10-01|118.4|119|115.41|115.55
2019-10-02|114.81|114.9|112.93|113.25
2019-10-03|112.27|112.91|110.52|112.19
2019-10-04|112.34|114.94|112.27|114.62
2019-10-07|114.19|115.5|114.07|114.37
2019-10-08|113.06|113.06|111.66|111.82
2019-10-09|112.67|113.16|112.07|112.63
2019-10-10|113.14|115.4|113|114.21
2019-10-11|116.03|117.99|115.865|116.14
2019-10-14|115.85|116.87|115.66|116.45
2019-10-15|118.85|121.59|117.87|119.96
2019-10-16|119.96|120.62|119.38|119.68
2019-10-17|120.75|121.57|119.88|120.35
2019-10-18|120|121.02|119.86|120.56
2019-10-21|122.05|123.77|121.99|123.55
2019-10-22|123.45|125.1|123.12|124.79
2019-10-23|124.2|125.15|124.165|125.12
2019-10-24|125.29|125.66|124.07|125.03
2019-10-25|125|126.65|124.75|126.03
2019-10-28|126.57|127.21|126.4|126.51
2019-10-29|126.06|127.42|125.94|126.43
2019-10-30|126.05|126.26|124.916|125.73
2019-10-31|125.49|125.73|123.86|124.92
2019-11-01|126.2|127.9852|126.02|127.8
2019-11-04|129.08|129.42|128.5601|128.82
2019-11-05|129.39|130.3|128.84|129.1
2019-11-06|128.69|129.84|128.58|129.3
2019-11-07|130.43|131.29|129.92|130
2019-11-08|129.88|130.4|129.25|130.38
2019-11-11|129.6|130.1|129.35|129.92
2019-11-12|129.63|130.62|129.01|129.16
2019-11-13|128.13|128.815|127.42|128.48
2019-11-14|127.72|128.84|127.59|128.6
2019-11-15|129.23|129.53|128.4|129.53
2019-11-18|129.56|130.65|128.99|130.62
2019-11-19|130.99|131.25|130.18|130.58
2019-11-20|130.3|130.62|128.94|129.63
2019-11-21|130|130.72|129.39|129.93
2019-11-22|130.15|131.22|130.1|130.79
2019-11-25|131.25|132.07|130.865|131.49
2019-11-26|131.82|131.82|130.3573|131.67
2019-11-27|132.29|132.43|131.65|132.06
2019-11-29|131.87|132.41|131.45|131.76
2019-12-02|132.31|132.74|131.35|131.47
2019-12-03|129.77|129.96|128.585|129.78
2019-12-04|130.38|132.47|129.99|132.34
2019-12-05|132.68|133.31|132.18|133.06
2019-12-06|134.69|135.78|134.65|135.04
2019-12-09|134.63|135.46|134.41|134.41
2019-12-10|133.25|134.77|132.88|134.5
2019-12-11|134.29|135.02|134.01|134.18
2019-12-12|134.49|138.47|134.21|138.02
2019-12-13|137.95|138.83|136.22|136.81
2019-12-16|138.38|138.84|137.32|137.34
2019-12-17|137.73|138.6687|137.23|138.18
2019-12-18|138.15|139.02|137.7151|138.04
2019-12-19|137.76|138.22|137.1|137.35
2019-12-20|138.02|138.88|136.9|137.24
2019-12-23|137.6|137.91|136.88|137.2
2019-12-24|137.33|137.63|137.0641|137.58
2019-12-26|137.89|139.1|137.78|139.04
2019-12-27|139.3|139.77|138.6697|139.14
2019-12-30|139.9|140.08|138.47|138.63
2019-12-31|138.51|139.48|138.295|139.4
2020-01-02|139.79|141.1|139.265|141.09
2020-01-03|137.5|139.23|137.08|138.34
2020-01-06|136.56|138.27|136.5|138.23
2020-01-07|137.28|137.86|135.82|135.88
2020-01-08|135.7|137.58|135.6|136.94
2020-01-09|138.05|138.23|137.04|137.44
2020-01-10|137.21|137.25|135.81|136.07
2020-01-13|136.19|137.2|135.755|137.2
2020-01-14|137.94|140.76|137.69|138.8
2020-01-15|137.85|138.6|136.15|136.72
2020-01-16|137.45|137.9|136.84|137.25
2020-01-17|137.54|138.285|137.32|138.2
2020-01-21|137.19|138.07|136.69|136.84
2020-01-22|137.24|137.4|136.38|136.68
2020-01-23|135.71|136.7447|134.72|136.54
2020-01-24|136.37|136.43|132.32|133.15
2020-01-27|130.27|132.94|129.72|132.03
2020-01-28|132.84|134.97|132.4784|134.43
2020-01-29|134.81|135.54|133.69|134.23
2020-01-30|132.69|136.13|132.69|135.89
2020-01-31|134.49|134.83|131.47|132.36
2020-02-03|132.66|134.24|132.66|133.37
2020-02-04|135.55|136.6|135.08|135.29
2020-02-05|136.57|137.73|136.01|137.59
2020-02-06|138.24|138.29|137.11|137.61
2020-02-07|136.73|137.67|136.3|137.17
2020-02-10|136.95|137.851|136.75|137.74
2020-02-11|138.26|138.82|137.78|138
2020-02-12|138.6|139.285|137.8|138
2020-02-13|137.75|138.34|136.4|137.88
2020-02-14|137.84|138.19|136.94|137.46
2020-02-18|137.34|137.705|135.05|135.64
2020-02-19|136.91|138.39|136.34|137.49
2020-02-20|137.17|138.36|136.53|137.49
2020-02-21|136.55|136.92|134.9225|135.81
2020-02-24|131.44|133.2|130.7988|132.16
2020-02-25|131|132.23|125.59|126.26
2020-02-26|126.93|128.95|126.34|126.64
2020-02-27|122.91|125.62|121.3|121.37
2020-02-28|117.52|118.49|112.66|116.11
2020-03-02|116.63|121.58|114.46|121.52
2020-03-03|120.97|122.9469|116.24|116.96
2020-03-04|118.33|120.19|114.695|119.85
2020-03-05|115.67|116.43|112.58|113.97
2020-03-06|106.26|110.3232|105.02|108.08
2020-03-09|96.57|99.2302|93|93.44
2020-03-10|99|101.28|94.58|100.7
2020-03-11|97.7|100.05|94.55|95.96
2020-03-12|89.59|96.96|86.32|88.05
2020-03-13|95.99|103.99|92|103.91
2020-03-16|85.2|93.982|84.55|88.36
2020-03-17|90.89|97.44|87.5|93.76
2020-03-18|87.67|90.79|80.36|83.89
2020-03-19|81.56|88.11|76.91|85.3
2020-03-20|86.3|89.46|82.48|83.5
2020-03-23|82.68|83.75|78.09|79.03
2020-03-24|84.9|90.1|82.9|88.43
2020-03-25|89.24|95.15|84.54|91.73
2020-03-26|94.08|98.57|93.5375|98.12
2020-03-27|93.19|94.84|90.55|91.13
2020-03-30|90.65|94.09|89.3|93.5
2020-03-31|92.05|94.17|89.34|90.03
2020-04-01|85.1|86.56|83.25|84.36
2020-04-02|83.51|87.91|82.96|87.51
2020-04-03|86|87.48|82.77|84.05
2020-04-06|88.99|90.99|87.7|89.46
2020-04-07|94.45|94.5|90.38|90.64
2020-04-08|92.1|94.86|90.55|94.3
2020-04-09|96.92|104.39|96.89|102.76
2020-04-13|103.11|103.11|97.3|98.19
2020-04-14|101.02|102|93.64|95.5
2020-04-15|91.15|92.03|90.13|90.79
2020-04-16|90.23|90.57|87.05|87.33
2020-04-17|92|95.7|90.96|95.18
2020-04-20|92.47|94.71|90.46|91.71
2020-04-21|88.62|91.3839|88.33|89.05
2020-04-22|90.69|91.87|89.18|89.34
2020-04-23|89.74|91.28|89.26|89.39
2020-04-24|90.64|91.1|88.49|90.71
2020-04-27|91.94|95.63|91.5449|94.62
2020-04-28|97.81|98.3599|95.03|95.29
2020-04-29|99.08|99.45|97.27|97.86
2020-04-30|95.6|96.84|94.55|95.76
2020-05-01|93.5|93.74|91.835|93.25
2020-05-04|92.02|92.67|90.8|92.14
2020-05-05|93.65|94.21|91.9|92
2020-05-06|92.16|92.76|89.9306|90.27
2020-05-07|91.34|92.91|90.58|91.21
2020-05-08|92.8|94.08|92.11|92.7
2020-05-11|91.11|91.11|89.33|89.97
2020-05-12|90.15|90.79|86.9|87.03
2020-05-13|86.38|86.86|83.4|84.03
2020-05-14|82.72|88.11|82.4|87.52
2020-05-15|86.85|87.28|85.3|85.9
2020-05-18|88.69|91.15|87.88|90.45
2020-05-19|90.05|91.1987|88.59|88.67
2020-05-20|90.71|92.385|90.37|91.33
2020-05-21|90.27|91.76|89.67|90.17
2020-05-22|90.01|90.36|88.72|89.47
2020-05-26|92.89|97.5|92.61|95.82
2020-05-27|102.07|102.58|98.8|101.37
2020-05-28|102.94|102.95|99.4|99.86
2020-05-29|98.66|99.18|96.775|97.31
2020-06-01|97.75|99.5115|97.38|98.6
2020-06-02|100.28|100.42|97.9276|98.93
2020-06-03|101.58|104.92|101.06|104.27
2020-06-04|103.82|106.61|102.79|106.44
2020-06-05|114.93|115.77|109.53|111.23
2020-06-08|113.41|114.19|111.94|113.45
2020-06-09|110.65|111.63|109.01|110.54
2020-06-10|110.46|110.505|105.85|106.06
2020-06-11|100.03|101.58|96.54|97.21
2020-06-12|100.71|101.13|97.33|99.87
2020-06-15|96.42|101.43|95.87|101.25
2020-06-16|105.37|105.68|99.31|102.06
2020-06-17|102.53|102.54|99.21|99.48
2020-06-18|98.67|100.52|98.13|98.94
2020-06-19|100.53|100.6|96.73|97.81
2020-06-22|97.25|97.95|96.54|96.75
2020-06-23|98.97|99.97|97.85|97.93
2020-06-24|96.75|96.84|94.31|94.66
2020-06-25|94.35|98.21|94.2622|97.96
2020-06-26|95.11|95.37|92|92.59
2020-06-29|93.4|94.49|92.18|93
2020-06-30|92.83|94.6598|92.57|94.06
2020-07-01|94.89|95.705|93.0301|93.26
2020-07-02|94.74|94.96|91.931|92.66
2020-07-06|94.43|95.2|93.48|95
2020-07-07|93.82|94.1|92|92.32
2020-07-08|92.29|93.34|91.8|93.3
2020-07-09|93.52|94.12|90.7764|91.28
2020-07-10|92|96.84|91.8706|96.27
2020-07-13|98.7303|99.2663|96.225|97.65
2020-07-14|98.37|99.95|96.64|98.21
2020-07-15|100.89|101.29|98.65|99.73
2020-07-16|98.78|101.22|98.55|100.01
2020-07-17|100|100.08|98.14|98.16
2020-07-20|97.43|98.39|97.26|97.3
2020-07-21|97.71|100.05|97.64|99.41
2020-07-22|99.65|100.13|97.53|98.69
2020-07-23|98.5|99.35|97.97|98.98
2020-07-24|99.6|99.8|97.94|98.28
2020-07-27|97.51|97.63|96.17|96.9
2020-07-28|96.5|97.8854|96.5|97.32
2020-07-29|97.07|99.71|97|99.68
2020-07-30|97.54|97.74|96.05|97.02
2020-07-31|96.48|96.93|95.25|96.64
2020-08-03|97.02|97.57|95.85|96.1
2020-08-04|95.91|95.95|95.03|95.55
2020-08-05|95.87|98.47|95.72|97.21
2020-08-06|97.58|98.1|96.54|97.24
2020-08-07|96.93|99.49|96.56|99.38
2020-08-10|100.11|102.04|100.0343|100.64
2020-08-11|103.86|106.16|103.51|103.82
2020-08-12|106.16|106.43|101.71|102.94
2020-08-13|102|103.36|101.635|102.37
2020-08-14|101.5|103.31|101.42|102.41
2020-08-17|101.5|102|99.53|99.71
2020-08-18|99.91|99.91|98.12|98.32
2020-08-19|98.92|100.59|98.34|98.55
2020-08-20|97.26|98.03|96.8|97.37
2020-08-21|97.27|98.565|96.94|97.32
2020-08-24|98.45|100.21|97.42|100.06
2020-08-25|101.27|101.98|99.8|100.5
2020-08-26|99.94|100.27|99.05|99.09
2020-08-27|99|102.65|99|102.35
2020-08-28|103.14|103.25|101.81|102.77
2020-08-31|102.12|102.18|100.02|100.19
2020-09-01|99.55|100.8712|99.04|100.14
2020-09-02|99.95|101.94|99.56|101.65
2020-09-03|103.32|104.99|100.64|101.33
2020-09-04|104.05|105.21|101.37|103.52
2020-09-08|102.98|103.57|99.48|99.92
2020-09-09|100.8|101.69|99.56|100.87
2020-09-10|101.4|102.42|99.64|99.83
2020-09-11|99.97|101.36|99.59|101.07
2020-09-14|101.51|103.46|101.37|102.47
2020-09-15|102.73|102.85|99.14|99.28
2020-09-16|99.43|101.13|98.76|99.7
2020-09-17|98.7|99.3433|97.71|98.56
2020-09-18|97.89|99.49|97.44|98.35
2020-09-21|95.2|96.05|93.82|95.31
2020-09-22|94.96|95.66|93.67|94.27
2020-09-23|94.78|95.35|92.6617|92.74
2020-09-24|92.32|94.3|91.38|92.66
2020-09-25|92.05|93.715|91.87|93.47
2020-09-28|95.06|96.93|94.35|96.16
2020-09-29|96.03|96.03|94.332|95.35
2020-09-30|95.35|97.1975|95.26|96.27
2020-10-01|97.12|97.77|96.03|96.97
2020-10-02|95.25|98.59|95.09|97.89
2020-10-05|98.32|99.25|97.53|99.04
2020-10-06|100.07|100.86|97.5101|98.02
2020-10-07|98.96|100.35|98.6658|99.73
2020-10-08|100.51|101.92|99.895|101.78
2020-10-09|102|102.105|100.11|101.2
2020-10-12|101.1|103|100.85|102.44
2020-10-13|103|103.22|100.26|100.78
2020-10-14|101.03|101.925|100.1|100.22
2020-10-15|99.1|101.78|99.04|101.72
2020-10-16|101.41|102.33|100.723|101.51
2020-10-19|101.6|101.87|99.56|99.8
2020-10-20|100.31|101.77|100.12|100.37
2020-10-21|100.36|100.99|99.33|99.37
2020-10-22|99.32|103.24|99.31|102.88
2020-10-23|103.5|104.45|102.93|103.81
2020-10-26|102.65|102.7|100.25|101.24
2020-10-27|100.51|100.92|99.16|99.33
2020-10-28|97.5|98.3|96.07|96.54
2020-10-29|96.12|97.98|95.2397|97.17
2020-10-30|97.91|98.42|96.23|98.04
2020-11-02|99.39|100.88|97.86|100.25
2020-11-03|103.02|104.74|102.69|103.41
2020-11-04|101|102.07|98.93|100.25
2020-11-05|101.06|105.095|101|104.35
2020-11-06|105.03|105.1|102.39|102.96
2020-11-09|113.16|118.9|110.35|116.9
2020-11-10|117.35|117.45|114.69|116.52
2020-11-11|116.89|116.96|113.96|114.78
2020-11-12|112.53|113.955|112.055|113.37
2020-11-13|114.7|114.86|113.5701|114.08
2020-11-16|117.79|118.61|115.7318|117.3
2020-11-17|115.39|116.44|114.58|116.11
2020-11-18|117.34|118.61|115.2|115.25
2020-11-19|114.18|115.82|113.56|115.56
2020-11-20|114.43|115.65|114.09|114.57
2020-11-23|116.05|118.17|115.57|117.87
2020-11-24|120.07|123.5|119.71|123.32
2020-11-25|121.37|122.38|120.465|122.03
2020-11-27|122|122.35|121.08|121.22
2020-11-30|120|120.7199|117.77|117.88
2020-12-01|120.34|121.58|119.6276|119.74
2020-12-02|119.7|122.31|119.27|122.04
2020-12-03|121.85|121.885|120.36|121.24
2020-12-04|122.48|123.29|121.6901|122.34
2020-12-07|121.15|122.17|120.21|121.88
2020-12-08|121.04|122.33|120.76|122
2020-12-09|123.17|123.3|120.44|121.05
2020-12-10|119.99|120.7781|119.56|120.27
2020-12-11|118.94|120.02|118.37|119.56
2020-12-14|121.335|121.42|118.105|118.3
2020-12-15|119.29|120.9|118.62|120.32
2020-12-16|120.3|121.08|119.86|120.67
2020-12-17|121.26|121.45|119.58|119.67
2020-12-18|119.14|119.8837|118.27|119.08
2020-12-21|123.17|125|121.09|123.55
2020-12-22|123.39|123.52|121.61|121.67
2020-12-23|122.78|126.52|122.35|125.07
2020-12-24|125.09|125.55|123.57|124.52
2020-12-28|125.82|126.65|124.7886|125.34
2020-12-29|126.2|126.2799|124.89|125.01
2020-12-30|125.49|125.845|124.9|125.36
2020-12-31|125.09|127.33|124.82|127.07
2021-01-04|127.5|127.8579|124.78|125.87
2021-01-05|124.99|126.2995|123.77|125.65
2021-01-06|129.88|132.77|127.88|131.55
2021-01-07|135.69|138.19|134.92|135.87
2021-01-08|135.97|136.35|134.12|136.02
2021-01-11|134.58|138.2|134.11|138.05
2021-01-12|139.44|141.6599|138.8301|140.22
2021-01-13|138.59|140.79|138.1|140.35
2021-01-14|140.49|142.75|140|141.17
2021-01-15|137.43|141.65|137.01|138.64
2021-01-19|139.86|140.7|137.82|138.04
2021-01-20|137.82|138.17|135.435|135.97
2021-01-21|135.69|136.16|134.325|134.83
2021-01-22|132.69|134.4|132.2|133.79
2021-01-25|132.14|133.17|130.06|132.12
2021-01-26|132.75|133.17|131.34|131.58
2021-01-27|129.59|129.85|127.35|127.86
2021-01-28|129.9|132.17|128.99|130.11
2021-01-29|131.19|131.72|128.19|128.67
2021-02-01|129.4|130.0697|128.475|129.62
2021-02-02|131.94|134.39|131.22|133.61
2021-02-03|133.65|135.755|133.51|135.14
2021-02-04|135.47|138.66|135.47|138.25
2021-02-05|139.39|139.49|137.38|137.98
2021-02-08|138.2|140.3|138.18|140.14
2021-02-09|139.43|139.98|138.54|139.58
2021-02-10|140|140.87|139.04|139.66
2021-02-11|139.66|140.55|138.22|139.27
2021-02-12|139.05|141.61|139|141.25
2021-02-16|143.55|145.32|142.4|144.65
2021-02-17|143.95|145.38|143.12|145.1
2021-02-18|144|145.79|143.4|145.59
2021-02-19|145.86|148.84|145.86|148.02
2021-02-22|146.87|150.19|146.79|149.41
2021-02-23|151.51|152.31|149.59|150.61
2021-02-24|150.11|153.76|150.11|153.26
2021-02-25|154.27|154.9|150.59|151.18
2021-02-26|150.3|150.8741|146.51|147.17
2021-03-01|149.52|151.3799|148.48|150.5
2021-03-02|150.08|151.78|149.84|150.01
2021-03-03|151.23|154.98|150.825|152.91
2021-03-04|152.61|154.3786|148.6201|150.56
2021-03-05|153.215|153.49|147.97|150.91
2021-03-08|152.47|155.46|150.75|152.91
2021-03-09|151.5|154.25|149.82|151.83
2021-03-10|151.91|156.16|151.51|155.13
2021-03-11|154.11|156.15|153.36|154.32
2021-03-12|156.86|157.63|155.0701|156.15
2021-03-15|156.35|156.92|153.96|155.37
2021-03-16|154.09|154.6|152.19|153.51
2021-03-17|155.34|156.88|153.05|155.09
2021-03-18|157.6|161.69|157.11|157.65
2021-03-19|155.51|155.94|151.19|155.14
2021-03-22|152.8|153.97|150.61|150.97
2021-03-23|150.33|152.12|148.96|149.46
2021-03-24|150|153.18|149.86|150.62
2021-03-25|150|152.97|149.33|152.55
2021-03-26|154.3|155.45|152.55|155.09
2021-03-29|152.1201|153.7276|151.04|152.68
2021-03-30|154.46|155.87|153.88|154.48
2021-03-31|153.28|154.49|152.12|152.23
2021-04-01|151.9|153.79|151.55|153.71
2021-04-05|154.4|154.94|152.6|153.62
2021-04-06|152.79|154.28|151.86|152.54
2021-04-07|153.1|155.23|152.65|154.93
2021-04-08|154|155.505|152.31|155.12
2021-04-09|155.81|157.042|154.97|156.28
2021-04-12|155.58|157.25|155.57|155.95
2021-04-13|154.75|155.2|152.43|154.09
2021-04-14|151.47|153.83|150.93|151.21
2021-04-15|151.25|152.2|149.32|152.17
2021-04-16|153.87|154.51|152.69|153.3
2021-04-19|153.42|153.88|152.22|152.65
2021-04-20|151.74|151.75|148.65|149.27
2021-04-21|147.79|150.61|146.79|150.54
2021-04-22|150.23|150.3|147.26|147.37
2021-04-23|147.18|151.13|146.685|150.19
2021-04-26|150.78|152.46|150.38|150.56
2021-04-27|150.5|151.57|150.11|151.25
2021-04-28|152.43|152.89|151.4|152.23
2021-04-29|153.54|155.28|153.2|155.19
2021-04-30|154.1|154.49|153.01|153.81
2021-05-03|154.85|155.48|153.13|153.36
2021-05-04|152.87|155.64|152.14|155.48
2021-05-05|156|158.28|154.63|157.52
2021-05-06|158.07|160.825|157.16|160.69
2021-05-07|157.22|161.5|157.02|161.24
2021-05-10|161.5|163.73|161.12|161.22
2021-05-11|161.08|162.39|158.04|158.54
2021-05-12|159.61|160.78|157.03|157.45
2021-05-13|158.18|162.445|157.68|161.5
2021-05-14|162.39|164.45|161.99|164.01
2021-05-17|163.37|164.85|163.03|164.67
2021-05-18|164.68|165.5|162.24|162.35
2021-05-19|161|161.18|158.64|161.11
2021-05-20|160.83|161.86|159.52|160.83
2021-05-21|161.34|163.223|160.94|162.66
2021-05-24|163.36|164.225|162.1189|163.54
2021-05-25|163.85|165.7|161.56|161.85
2021-05-26|163.57|163.74|161.305|161.83
2021-05-27|163.95|164.75|162.57|164.35
2021-05-28|164.68|164.94|163.26|164.24
2021-06-01|165.87|166.91|165.48|166.05
2021-06-02|167.26|167.44|165.53|166.06
2021-06-03|165.41|167.245|164.661|166.17
2021-06-04|166.21|166.67|165.03|166.44
2021-06-07|167|167.1|165.14|165.66
2021-06-08|164.49|165.76|163.1618|165
2021-06-09|164.14|164.22|162.28|162.94
2021-06-10|164.36|165.24|160.31|160.4
2021-06-11|160.43|161.199|159.06|160.29
2021-06-14|160.15|160.33|156.655|157.57
2021-06-15|156.7|156.92|154.13|155.18
2021-06-16|154.73|157.62|153.11|156.27
2021-06-17|157.1|157.46|151.25|151.76
2021-06-18|149.3|149.7|147.56|147.92
2021-06-21|149.08|151.202|149.0201|150.43
2021-06-22|150.6|150.97|148.66|150.21
2021-06-23|150.2|152.04|150.09|151.12
2021-06-24|151.92|153.12|151.22|152.51
2021-06-25|152.59|154.495|151.6686|154.05
2021-06-28|153.7|154.48|152.1203|154.33
2021-06-29|155|156.31|153.61|154.14
2021-06-30|153.75|156.08|153.7097|155.54
2021-07-01|156.26|157.14|155.415|157.08
2021-07-02|155.95|156.32|155.12|156.03
2021-07-06|155.78|155.78|152.345|153.41
2021-07-07|152.01|154.2829|151.55|153.59
2021-07-08|151.61|152.53|150.04|150.94
2021-07-09|153.05|156.15|152.58|155.77
2021-07-12|154.35|159.1612|153.94|158
2021-07-13|156.05|157.39|153.5001|155.65
2021-07-14|155.95|157.28|152.95|155.12
2021-07-15|153.9|156.53|153.7|155.46
2021-07-16|155.96|156.28|151.02|151.91
2021-07-19|148.55|149.823|145.71|146.97
2021-07-20|146.52|151.12|146.3278|149.71
2021-07-21|152.05|153.65|151.36|152.86
2021-07-22|152.88|153.44|149.97|150.93
2021-07-23|151.48|152.84|150.25|150.64
2021-07-26|150.19|151.96|150.17|151.65
2021-07-27|150.4|152.49|149.8|151.45
2021-07-28|152.29|152.77|150.88|151.7
2021-07-29|153.14|153.87|151.91|153
2021-07-30|152.58|153.67|151.2|151.78
2021-08-02|152.03|154.45|151.07|151.17
2021-08-03|151.95|153.32|149.52|152.89
2021-08-04|151.25|153.37|150.91|151.24
2021-08-05|152.28|153.69|152.01|153.15
2021-08-06|155.19|157.82|155.11|157.5
2021-08-09|157.52|158.55|155.9|157.33
2021-08-10|156.74|159.975|156.31|159.26
2021-08-11|160|161.5|159.08|161.16
2021-08-12|161.88|162.37|160.5539|161.79
2021-08-13|161.79|162.16|159.57|159.98
2021-08-16|158.94|159.03|156.78|158.93
2021-08-17|157.57|158.86|155.27|157.01
2021-08-18|156.31|158.01|155.34|155.58
2021-08-19|153.16|155.56|153.01|154.28
2021-08-20|154.35|154.9|153.16|154.72
2021-08-23|155.33|157.09|155.24|156.7
2021-08-24|157|158.55|156.87|157.67
2021-08-25|158.51|161.78|157.8|160.92
2021-08-26|162.26|163.83|161.15|161.75
2021-08-27|161.75|163.16|161.26|163.05
2021-08-30|163.21|163.49|159.8801|160.44
2021-08-31|160.44|161.37|159.35|159.95
2021-09-01|160.22|160.76|158.97|159.72
2021-09-02|160.02|161.61|159.43|160.46
2021-09-03|160.39|160.89|159.145|159.49
2021-09-07|159.99|161.3814|158.96|159.21
2021-09-08|158.89|159.58|158.04|158.5
2021-09-09|158.27|160.8325|158.08|159.19
2021-09-10|160.56|160.7193|157.22|157.36
2021-09-13|158.53|160.05|158.07|159.86
2021-09-14|160.45|161.34|156.26|157.07
2021-09-15|156.72|158.69|156.47|158.16
2021-09-16|159.41|160.855|157.22|158.09
2021-09-17|157.38|159.01|157|157.68
2021-09-20|153.89|154.56|150.49|152.96
2021-09-21|153.53|154.55|152.5774|152.98
2021-09-22|155.2|157.25|155.1|155.91
2021-09-23|158|161.71|157.67|161.18
2021-09-24|161.44|163.59|160.82|163.04
2021-09-27|165|167.4|164.61|166.98
2021-09-28|167.7|169.3|165.66|166.08
2021-09-29|166.21|166.9|165.04|165.95
2021-09-30|166.92|166.99|162.79|163.69
2021-10-01|164|168.3|163.6|167.13
2021-10-04|166.97|170.437|165.73|166.95
2021-10-05|167.21|170.14|166.67|168.66
2021-10-06|167.99|169.1|166|169.02
2021-10-07|171.2|171.51|169.54|170.09
2021-10-08|170.02|171.34|169.295|170.22
2021-10-11|170.8|171.29|166.46|166.64
2021-10-12|165.75|166.6898|164.77|165.36
2021-10-13|164.07|165.41|160.6|161
2021-10-14|161.75|164.01|160.06|163.47
2021-10-15|165.35|167.17|164.14|166.61
2021-10-18|166.48|168.6084|165.91|166.55
2021-10-19|167.4|168.65|166.58|168.57
2021-10-20|168.3|170.87|167.46|170.84
2021-10-21|170.755|171.3293|168.68|169.5
2021-10-22|170.03|172.09|169.7|171.78
2021-10-25|172.71|172.96|170.48|170.94
2021-10-26|171|172.4902|170.54|171.4
2021-10-27|170.32|170.7|167.34|167.83
2021-10-28|168.3|170.51|167.96|170.36
2021-10-29|171.18|172.24|169.39|169.89
2021-11-01|172.04|172.33|169.005|169.8
2021-11-02|169.8|171.69|168.92|170.47
2021-11-03|170.13|171.13|169.15|170.53
2021-11-04|170|170.2|166.4901|168.29
2021-11-05|168.9|170.09|167.41|168.05
2021-11-08|169.05|170.92|168.74|169.06
2021-11-09|167.35|168.47|166.595|167.78
2021-11-10|167.45|168.95|167.09|167.62
2021-11-11|167.52|168.68|166.9|167.61
2021-11-12|167.65|167.74|165.72|166.86
2021-11-15|167.21|167.785|166|166.56
2021-11-16|167.06|167.07|165.12|165.36
2021-11-17|165.21|165.56|163.39|164.47
2021-11-18|164.39|164.85|162.56|163.05
2021-11-19|161.3|162.11|159.45|160.92
2021-11-22|164.16|165.98|162.99|164.35
2021-11-23|165.5|168.555|165.37|168.28
2021-11-24|168.46|169.44|166.44|166.96
2021-11-26|162.14|162.65|158.82|161.93
2021-11-29|163.31|164.78|159.817|161.23
2021-11-30|159.155|160.63|158.29|158.83
2021-12-01|161|163.27|157.8|157.89
2021-12-02|159.83|163.25|158.8|161.21
2021-12-03|161.5|161.829|157.19|158.29
2021-12-06|161.01|162.61|159.46|160.16
2021-12-07|161.88|163.39|161.16|162.57
2021-12-08|162.66|163.27|160.17|160.71
2021-12-09|159.65|160.93|158.65|160.46
2021-12-10|161.32|161.702|159.13|159.82
2021-12-13|159.5|159.79|157.2846|157.92
2021-12-14|157.45|160.89|157.3|159.13
2021-12-15|159.85|159.85|157.35|157.94
2021-12-16|160.39|161.825|158.7|160.41
2021-12-17|159.315|159.38|155.18|156.76
2021-12-20|154.51|154.7|151.84|153.94
2021-12-21|155.41|157.18|155.09|156.09
2021-12-22|155.75|157.055|155.24|156.7
2021-12-23|157.61|159.12|157.21|157.26
2021-12-27|157.6|158.2|156.34|158.16
2021-12-28|158.2|160.15|158.08|158.64
2021-12-29|158.85|159.63|158.15|158.56
2021-12-30|159.11|160.24|158.37|158.48
2021-12-31|158.45|159.29|157.96|158.35
2022-01-03|159.86|162.64|159.51|161.7
2022-01-04|164.31|168.58|164.23|167.83
2022-01-05|167.82|168.3589|163.73|163.78
2022-01-06|166.91|167.37|163.87|165.52
2022-01-07|165.665|167.53|165.06|167.16
2022-01-10|169.07|169.31|165.53|167.32
2022-01-11|168.26|168.5246|166.31|167.49
2022-01-12|168.46|169.59|167.18|168.44
2022-01-13|168.34|169.81|167.89|168.23
2022-01-14|160.76|161.03|156.895|157.89
2022-01-18|155.78|155.78|150.54|151.27
2022-01-19|151.57|152.23|148.55|148.93
2022-01-20|148.99|150.61|147.36|147.66
2022-01-21|147.5|147.51|144.27|145.08
2022-01-24|142.28|145.48|139.57|144.95
2022-01-25|143.65|146.85|140.79|146.53
2022-01-26|148.72|150.57|145.96|147.92
2022-01-27|149.42|150.38|144.13|145.31
2022-01-28|144.19|146.76|142.17|146.61
2022-01-31|145.64|148.79|144.67|148.6
2022-02-01|148.69|151.47|148.3|151.15
2022-02-02|150.5|150.94|148.07|149.94
2022-02-03|150|151.65|148.285|148.7
2022-02-04|149.1|153.5|148.7673|152.56
2022-02-07|153.27|153.62|150.85|153.07
2022-02-08|155|158.48|154.8|155.95
2022-02-09|156.59|157.4305|155.82|156.6
2022-02-10|156.66|159.03|155.22|155.95
2022-02-11|155.61|158.19|152.97|153.92
2022-02-14|152.73|153.68|150.3178|152.49
2022-02-15|154.51|155.94|153.85|154.72
2022-02-16|153.74|156.1|153.74|155
2022-02-17|153|153.73|150.665|151.43
2022-02-18|152.13|154.14|151.13|152.14
2022-02-22|150.6|153.24|150.41|151.87
2022-02-23|153.12|153.3|147.97|148.69
2022-02-24|142.94|144.99|139.78|144.55
2022-02-25|145.25|150.1269|144.91|147.97
2022-02-28|143.55|145.06|140.88|141.8
2022-03-01|140.04|140.48|133.58|136.45
2022-03-02|137.29|140.04|136.6076|139.28
2022-03-03|139.84|140.98|137.06|138.29
2022-03-04|134.94|135.42|132.4|134.4
2022-03-07|132.17|132.69|128.9513|129.21
2022-03-08|129.64|131.79|127.27|128.3
2022-03-09|132.9|135.24|132.44|133.44
2022-03-10|131.86|133.45|130.325|131.86
2022-03-11|132.485|134.08|128.4249|128.89
2022-03-14|129.46|132.92|129.23|130.17
2022-03-15|131.8|133.55|131.13|132.48
2022-03-16|134.87|138.49|134.43|138.4
2022-03-17|136.86|140.19|135.9205|140.15
2022-03-18|140.19|140.85|138.46|140.1
2022-03-21|140.35|140.76|138.7301|139.65
2022-03-22|142.27|143.93|141.7202|142.62
2022-03-23|140.98|141.585|139.1999|139.78
2022-03-24|140.3|140.71|139.11|140.69
2022-03-25|141.09|143.18|140.8|141.92
2022-03-28|140|140.97|137.895|140.87
2022-03-29|143.35|143.595|140.24|141.18
2022-03-30|141.9|142.12|139.91|140.54
2022-03-31|139.83|140.345|136.26|136.32
2022-04-01|137.4|137.41|133.8|135.31
2022-04-04|134.12|136.94|132.89|135.91
2022-04-05|134.07|135.4|133.01|133.34
2022-04-06|131.58|132.56|130.96|131.49
2022-04-07|130.95|131.92|128.73|131.09
2022-04-08|131.67|133.9|131.49|133.49
2022-04-11|133|134.9|132.57|133
2022-04-12|132.14|134.58|130.7|131.54
2022-04-13|126.94|129.25|126.01|127.3
2022-04-14|126.5|128.3|125.02|126.12
2022-04-18|125.67|129.24|125.54|128.46
2022-04-19|128.45|131.32|128.23|131.12
2022-04-20|132.52|133.51|131.34|131.58
2022-04-21|132.22|132.81|129.96|130.56
2022-04-22|130.28|130.52|126.6879|126.81
2022-04-25|126.01|127.115|123.11|126.77
2022-04-26|124.64|126.41|122.87|123.02
2022-04-27|122.33|123.56|121.22|121.42
2022-04-28|122.81|123.65|121.14|123.34
2022-04-29|123.05|123.61|118.9|119.36
2022-05-02|119.88|120.71|118.22|120.45
2022-05-03|121.53|124.17|120.78|123.03
2022-05-04|122.8|127.4|122.74|127.1
2022-05-05|125.25|126.1|122.16|123.92
2022-05-06|123.8|124.29|121.18|123.72
2022-05-09|122.11|123.33|120.5|121.86
2022-05-10|123.11|123.78|117.56|118.89
2022-05-11|119.3|122.89|117.94|118.14
2022-05-12|117|118.32|115.37|118.04
2022-05-13|119.41|120.25|117.96|119.09
2022-05-16|118.54|119.46|117.23|118.26
2022-05-17|121.04|122.97|120.81|122.18
2022-05-18|121.3|121.97|119.53|120.09
2022-05-19|118.19|119.65|117.63|118.31
2022-05-20|119.46|119.67|115.02|117.34
2022-05-23|120.46|126.57|120.45|124.6
2022-05-24|124.36|127.49|123.11|126.36
2022-05-25|126.28|127.86|125.17|127.24
2022-05-26|128.37|130.1939|128.21|129.44
2022-05-27|130.16|131.27|129.14|131.27
2022-05-31|130.18|133.15|129.71|132.23
2022-06-01|132.87|132.87|128.67|129.91
2022-06-02|129.9|132.01|128.67|132
2022-06-03|131.21|131.77|129.99|130.16
2022-06-06|131.09|132.39|129.46|129.73
2022-06-07|128.83|130.32|128.6159|130.07
2022-06-08|129|129.45|126.9|128
2022-06-09|127.37|128.1|125.27|125.31
2022-06-10|122.59|123.4|119.32|119.55
2022-06-13|116.86|117.95|115.06|115.99
2022-06-14|115.55|117.32|113.22|114.06
2022-06-15|115.62|116.95|113.1683|115.41
2022-06-16|113.86|114.2593|111.87|113.43
2022-06-17|113.54|114.63|112.16|113.03
2022-06-21|115.865|117.03|115.04|115.83
2022-06-22|114.88|116.1999|114.39|115.18
2022-06-23|115.01|115.18|111.48|113.92
2022-06-24|113.23|117.82|112.83|117.32
2022-06-27|118.06|118.5|115.6417|116.38
2022-06-28|117.67|119.29|115.6|115.82
2022-06-29|116|116.82|114.73|115.3
2022-06-30|113.17|114.075|110.93|112.61
2022-07-01|112.65|114.415|111.16|114.05
2022-07-05|110.77|112.71|109.3|112.62
2022-07-06|111.73|112.99|110.785|111.89
2022-07-07|113.5|114.9|113.4|114.72
2022-07-08|115.16|115.65|113.61|114.36
2022-07-11|113.55|114.23|112.215|112.86
2022-07-12|112.58|115.18|112.26|112.97
2022-07-13|111.75|112.4769|110.38|111.91
2022-07-14|107.99|108.23|106.06|108
2022-07-15|109.16|113.88|107.67|112.95
2022-07-18|114.77|115.8401|111.29|111.79
2022-07-19|113.13|114.935|112.67|114.56
2022-07-20|114.1|114.7389|113.48|114.54
2022-07-21|114.44|115.53|113.37|115.32
2022-07-22|115.24|116.25|113.67|114.76
2022-07-25|115.84|116.46|114.77|115.22
2022-07-26|114.58|115.58|113.03|113.42
2022-07-27|114.01|115.74|113.3|115.24
2022-07-28|115.25|115.98|113.53|114.81
2022-07-29|115.59|116.5|114.785|115.36
2022-08-01|114.5|115.105|113.07|114.21
2022-08-02|113.92|114.395|112.27|112.43
2022-08-03|113.45|114.0976|111.71|113.61
2022-08-04|112.85|113.32|111.0214|112.36
2022-08-05|112.53|116.1899|112.05|115.76
2022-08-08|116.25|116.7|114.18|114.35
2022-08-09|114.75|115.99|114.37|115.38
2022-08-10|117.96|119.37|117.5|118.39
2022-08-11|119.9|121.2|119.31|120.14
2022-08-12|120.67|122.25|119.44|122.13
2022-08-15|121.14|122.72|120.6|122.46
2022-08-16|122.29|124.2389|121.87|123.63
2022-08-17|122.3|123.16|121.6948|122.59
2022-08-18|122.24|122.47|120.55|121.64
2022-08-19|120.62|120.99|118.11|118.63
2022-08-22|116.75|117.16|115.5|116.67
2022-08-23|116.69|117.29|115.3827|115.52
2022-08-24|115.29|116.41|114.45|115.8
2022-08-25|116.16|118.74|115.68|118.55
2022-08-26|119.46|119.99|114.6|114.67
2022-08-29|114|114.86|113.46|114.39
2022-08-30|115|115.58|113.36|114.41
2022-08-31|114.48|115.03|113.339|113.73
2022-09-01|113.29|114.63|111.91|114.51
2022-09-02|115.87|117.45|113.185|113.71
2022-09-06|114.33|114.745|112.07|113.74
2022-09-07|113.13|116.11|112.76|115.9
2022-09-08|115.28|118.79|114.63|118.6
2022-09-09|119.14|120.05|118.67|119.17
2022-09-12|120.62|121.55|119.79|120.58
2022-09-13|118.07|118.92|115.78|116.39
2022-09-14|116.7|117.84|114.88|116.12
2022-09-15|116.12|119.38|115.755|117.87
2022-09-16|117.39|117.4|115.37|117.08
2022-09-19|116|118.73|115.51|118.16
2022-09-20|117.41|117.69|114.64|115.83
2022-09-21|116.54|116.6|112.42|112.49
2022-09-22|113.38|113.6|111.07|111.21
2022-09-23|110.05|110.3399|107.16|109.14
2022-09-26|108|109.605|106.06|106.79
2022-09-27|107.75|108.17|104.65|105.85
2022-09-28|105.95|108.73|105.64|107.99
2022-09-29|106.95|107.28|104.398|106.16
2022-09-30|106.06|107.62|104.4|104.5
2022-10-03|105.62|108.36|104.46|107.73
2022-10-04|110.61|112.99|109.86|112.77
2022-10-05|109.75|110.95|108.83|110.39
2022-10-06|109.46|110.19|107.94|108.14
2022-10-07|107.52|107.71|105.265|105.98
2022-10-10|106.73|107.31|104.52|104.99
2022-10-11|104.37|104.54|101.85|101.96
2022-10-12|101.8|104.73|101.28|103.61
2022-10-13|101.98|109.9|101.76|109.37
2022-10-14|111.962|115.24|110.724|111.19
2022-10-17|115.41|117.01|114.32|115.86
2022-10-18|119.66|120.14|116.96|118.84
2022-10-19|117.99|118.83|115.6701|116.51
2022-10-20|117.16|118.71|115.65|116.13
2022-10-21|116.46|122.39|116.33|122.23
2022-10-24|122.07|123.1|121.33|122.38
2022-10-25|121.85|123.2707|120.89|122.7
2022-10-26|123|125.2|122.88|124.11
2022-10-27|125.2|126.2|124.21|124.6
2022-10-28|125.29|126.28|124.05|126.08
2022-10-31|125.7|127.43|125.59|125.88
2022-11-01|126.87|128.28|126.33|128.15
2022-11-02|127.65|130.36|126.64|126.97
2022-11-03|126.31|128.18|125.91|127.2
2022-11-04|129.49|130.83|128.46|130.68
2022-11-07|131|132.29|130.4816|131.37
2022-11-08|131.24|132.06|130.14|131.45
2022-11-09|131.32|131.43|129.22|129.74
2022-11-10|132.63|135.25|132.53|135.08
2022-11-11|135.19|136.17|133.7805|135.3
2022-11-14|134.8|135.73|133.91|133.91
2022-11-15|134.68|135.71|131.6|132.94
2022-11-16|133|133.56|132.03|133.12
2022-11-17|132|132.89|131.28|132.54
2022-11-18|134.57|134.67|132.28|133.84
2022-11-21|133.74|134.56|132.75|133.05
2022-11-22|134|135.27|133.69|135.04
2022-11-23|134.94|136.5|134.86|136.48
2022-11-25|136.48|137.14|136.055|136.74
2022-11-28|136.07|136.71|134.19|134.35
2022-11-29|134.66|136.64|134.41|136.56
2022-11-30|136.09|138.18|133.19|138.18
2022-12-01|138.18|138.66|135.43|136.24
2022-12-02|134.49|135.35|133.34|135.16
2022-12-05|134.24|134.57|130.6|131.37
2022-12-06|133.39|135.11|129.87|131.59
2022-12-07|131.31|133.08|130.33|131.5
2022-12-08|132.33|132.98|131.43|132.88
2022-12-09|132.2|133.76|132|132.16
2022-12-12|132.4|134.65|131.6|134.21
2022-12-13|136.885|137.09|133.08|134.08
2022-12-14|133.78|135.71|132.76|133.41
2022-12-15|131.145|132.08|129.05|130.1
2022-12-16|129.15|129.9|128.425|129.29
2022-12-19|129.65|131.33|129.09|130.06
2022-12-20|130.97|132.05|130.2|130.69
2022-12-21|132.18|132.98|131.77|132.16
2022-12-22|131.1|131.3|128.41|130.66
2022-12-23|130.58|131.44|129.64|131.28
2022-12-27|131.57|132.22|130.55|131.74
2022-12-28|131.85|133.41|131.01|132.46
2022-12-29|132.93|133.27|132.31|133.22
2022-12-30|132.81|134.33|132.44|134.1
2023-01-03|135.24|136.74|133.89|135.12
2023-01-04|135.99|137.68|135.57|136.38
2023-01-05|135.66|135.71|133.7004|135.35
2023-01-06|136.125|138.38|134.49|137.94
2023-01-09|138.6|138.88|136.88|137.37
2023-01-10|137.79|138.72|137.31|138.6
2023-01-11|138.9|139.75|138.1|139.63
2023-01-12|140|140.86|139.22|139.49
2023-01-13|135.6|143.49|134.8|143.01
2023-01-17|141.17|141.54|139.225|140.8
2023-01-18|138.92|140.73|136.41|136.57
2023-01-19|135.32|135.9|133.59|134.75
2023-01-20|135.16|135.49|133.55|135.08
2023-01-23|135.115|137.96|134.82|137.27
2023-01-24|140.29|140.29|135|138.45
2023-01-25|138.05|139.12|137.25|139.12
2023-01-26|139.42|140.06|138.36|139.98
2023-01-27|140.61|141.255|139.7499|140.32
2023-01-30|139.23|140.09|138.91|139.13
2023-01-31|139.88|140.07|138.25|139.96
2023-02-01|138.21|140.875|138.12|139.59
2023-02-02|140|140.46|138|138.94
2023-02-03|138.18|142.33|138.13|141.09
2023-02-06|140.23|142.24|140.0313|141.92
2023-02-07|141.38|144.34|141.18|143.65
2023-02-08|142.65|144.04|142.2763|142.64
2023-02-09|143.12|143.34|139.87|140.42
2023-02-10|139.78|141.28|138.59|141.04
2023-02-13|141.3|142.73|140.74|142.57
2023-02-14|142.5|143.81|141.595|143.2
2023-02-15|141.61|143.89|141.3|143.8
2023-02-16|142.91|143.39|141.676|141.82
2023-02-17|140.98|142.83|140.07|142.24
2023-02-21|140.69|141.34|138.75|139.63
2023-02-22|138.92|139.43|137.435|138.56
2023-02-23|138.73|140.17|137.94|139.67
2023-02-24|139.11|141.36|138.93|140.93
2023-02-27|142.11|143.31|141.7201|142.16
2023-02-28|142.94|143.76|141.9001|143.35
2023-03-01|142.1|143.4583|141.8|142.55
2023-03-02|142.24|142.43|139.54|141.07
2023-03-03|141.51|143.74|141.08|143.66
2023-03-06|143.44|144.04|142.66|142.82
2023-03-07|142.01|142.31|137.81|138.62
2023-03-08|138|138.59|136.885|137.8
2023-03-09|136.76|137.35|129.215|130.34
2023-03-10|128.96|135.26|127.82|133.65
2023-03-13|131.21|133.88|129.41|131.25
2023-03-14|135.28|135.53|131.29|134.62
2023-03-15|130.98|130.99|126.73|128.26
2023-03-16|128.01|131.95|126.02|130.75
2023-03-17|128.38|128.48|125.45|125.81
2023-03-20|126.99|129.47|126.01|127.14
2023-03-21|130.59|131.73|130.19|130.55
2023-03-22|130.56|130.655|127.08|127.18
2023-03-23|127.9|129.53|126.02|126.84
2023-03-24|125.63|125.68|123.11|124.91
2023-03-27|126.79|129.38|126.29|128.49
2023-03-28|128.71|129.3417|127.744|128.88
2023-03-29|130.1|130.22|127.77|129.14
2023-03-30|129.95|130.12|127.65|128.75
2023-03-31|129.66|130.34|128.8514|130.31
2023-04-03|129.91|131.44|129.41|130.16
2023-04-04|130.5|130.59|127.41|128.42
2023-04-05|126.8|128.15|126.46|127.61
2023-04-06|127|128.08|126.8553|127.47
2023-04-10|126.54|128.23|126.22|127.89
2023-04-11|128.3|128.94|127.54|128.52
2023-04-12|129.18|130.43|128.0603|128.5
2023-04-13|128.46|129.04|126.83|128.99
2023-04-14|135.15|139.12|134.9001|138.73
2023-04-17|139.95|140.06|137.66|139.83
2023-04-18|140.27|141.78|139.03|141.4
2023-04-19|141.23|141.5|140.4|141.22
2023-04-20|139.91|141.43|139.84|140.81
2023-04-21|139.74|141.11|138.78|140.54
2023-04-24|140.455|141.1|140.04|140.73
2023-04-25|139.6|139.96|137.625|137.67
2023-04-26|137.62|137.8093|134|135.23
2023-04-27|136|137.91|135.66|137.05
2023-04-28|136.56|138.32|135.67|138.24
2023-05-01|142.26|143.37|140.83|141.2
2023-05-02|141.4|142.41|138.43|138.92
2023-05-03|138.44|138.6687|135.76|135.98
2023-05-04|134.96|135.72|131.81|134.12
2023-05-05|136.44|137.88|135.912|136.74
2023-05-08|137.49|137.97|136.475|137.07
2023-05-09|135.93|136.95|135.21|136.41
2023-05-10|137.95|138.06|134.87|136.48
2023-05-11|135|136.81|134.9|136.05
2023-05-12|136.82|136.99|133.13|134.1
2023-05-15|134.27|135.67|133.96|135.23
2023-05-16|135.46|135.9382|133.96|134.32
2023-05-17|135.9|138.5899|135.46|138.45
2023-05-18|138.27|139.73|137.76|139.5
2023-05-19|139.79|140.49|138.125|139.18
2023-05-22|141|141.64|137.66|138.03
2023-05-23|137.54|139.03|136.455|136.59
2023-05-24|135.4|136.35|135.08|135.34
2023-05-25|134.82|136.27|134.58|135.67
2023-05-26|136.11|137.6|135.63|136.94
2023-05-30|136.8|137.72|136.02|137.46
2023-05-31|136.73|136.84|134.4044|135.71
2023-06-01|136.52|138.23|135.445|137.58
2023-06-02|139.56|141.48|139.34|140.47
2023-06-05|140.11|140.34|138.13|139.09
2023-06-06|138.68|140.1|138.2066|139.34
2023-06-07|139.55|141.27|138.83|140.69
2023-06-08|140.67|140.89|139.4807|140.73
2023-06-09|140.35|141.8|140.21|141.01
2023-06-12|141.07|141.32|139.76|141
2023-06-13|140.48|142.87|140.14|142.02
2023-06-14|143|143.61|140.7|141.49
2023-06-15|140.59|143.4|140.03|143.09
2023-06-16|143.05|143.965|142.5|143.26
2023-06-20|142.61|143|141.04|142.53
2023-06-21|142.9|144.02|141.691|142.32
2023-06-22|142.31|142.6|138.95|139.58
2023-06-23|138.54|139.18|137.62|138.85
2023-06-26|138.87|140.01|137.69|139.19
2023-06-27|139|139.84|138.54|139.2
2023-06-28|139.16|139.21|137.96|138.59
2023-06-29|140.07|143.56|139.85|143.43
2023-06-30|144.6|146|143.66|145.44
2023-07-03|146.19|147.48|146|146.61
2023-07-05|144.94|145.43|144.36|144.64
2023-07-06|143.02|143.39|141.4401|143.21
2023-07-07|143.91|145.8436|143|144.34
2023-07-10|144.5|145.99|144.5|145.15
2023-07-11|146.335|147.82|145.705|147.42
2023-07-12|147.45|149.87|147|148.15
2023-07-13|148.7|149.37|147.75|148.87
2023-07-14|151.55|152.89|148.41|149.77
2023-07-17|150.35|153.75|150.35|153.38
2023-07-18|153.38|154.4|152.82|153.66
2023-07-19|152.75|155.205|152.22|154.25
2023-07-20|154.53|156.59|154.41|156.15
2023-07-21|155.8|156.14|154.69|154.95
2023-07-24|154.97|158.785|154.73|158
2023-07-25|157.3|157.7198|155.96|156.82
2023-07-26|156.71|158.25|156.275|157.76
2023-07-27|157.77|158.78|155.5538|156.02
2023-07-28|157.28|157.6|156.4401|156.91
2023-07-31|157.18|159.38|157.151|157.96
2023-08-01|157.43|158|156.15|157.18
2023-08-02|155.56|155.69|153.94|155.4
2023-08-03|155|156.92|154.35|156.35
2023-08-04|156.4|157.8|155.695|156.02
2023-08-07|156.6|157.7|156.6|156.76
2023-08-08|154.32|155.98|152.59|155.88
2023-08-09|155.32|155.52|153.47|153.79
2023-08-10|154.38|155.44|153.09|153.56
2023-08-11|153.03|154.52|152.63|154.45
2023-08-14|153.61|154.9178|152.92|154.77
2023-08-15|152.85|153.2664|150.2301|150.83
2023-08-16|150.6|150.96|149.68|150.19
2023-08-17|150.88|151.2622|148.4|148.63
2023-08-18|147.65|149.5|147.4437|148.97
2023-08-21|149.65|150.105|148.02|149.48
2023-08-22|149.26|149.6394|145.85|146.38
2023-08-23|146.35|147.585|145.46|147.37
2023-08-24|147.5|149.41|146.9875|147.23
2023-08-25|147.28|148.6199|145.85|147.05
2023-08-28|147.57|148.61|147.13|147.56
2023-08-29|147.71|148.85|147.18|148.76
2023-08-30|148.62|149.15|147.19|148.16
2023-08-31|148.26|148.35|145.96|146.33
2023-09-01|146.09|148.08|145.7|146.82
2023-09-05|147.16|148.2099|145.01|145.2
2023-09-06|144.7|145.54|144.11|144.96
2023-09-07|144.13|145.2683|143.39|143.72
2023-09-08|143.37|144.12|142.65|143.83
2023-09-11|144.75|145.05|143.69|144.46
2023-09-12|144.5|147.32|144.05|146.34
2023-09-13|147.34|147.7|145.82|146.41
2023-09-14|147.84|149.895|147.52|149.25
2023-09-15|148.92|149.7256|148.31|148.81
2023-09-18|148.16|149.14|147.75|149.12
2023-09-19|149.5|149.72|147.21|148.93
2023-09-20|149.65|150.25|148.135|148.3
2023-09-21|147.58|148.855|146.63|147.14
2023-09-22|147.29|147.51|145.19|145.73
2023-09-25|145.35|146.52|143.7|146.45
2023-09-26|144.6|145.84|144.23|144.93
2023-09-27|145.19|146.09|144.5115|145.78
2023-09-28|146.28|148.87|146.01|147.59
2023-09-29|148.6|148.76|144.86|145.02
2023-10-02|144.83|145.6223|142.63|143.77
2023-10-03|143.2|143.59|142.355|142.71
2023-10-04|143.19|143.47|141.93|143.35
2023-10-05|142.04|143.1|140.83|142.9
2023-10-06|142.91|145.88|142.14|145.1
2023-10-09|143.66|145.395|143.5005|144.77
2023-10-10|145.42|146.77|145.28|145.65
2023-10-11|146.51|147.23|145.02|146.15
2023-10-12|146.3|146.96|145.13|145.81
2023-10-13|148.5|153.11|147.84|148
2023-10-16|149.45|149.52|146.72|147.85
2023-10-17|147.57|149.31|146.79|147.53
2023-10-18|146.59|147.48|145.37|145.91
2023-10-19|145.48|147.02|144.88|145.29
2023-10-20|144.57|145.14|142.12|142.95
2023-10-23|142.94|143.68|140.73|141
2023-10-24|141.19|141.73|140.36|141.17
2023-10-25|140.57|141.18|139.51|140.4
2023-10-26|139.76|141.665|139.43|140.76
2023-10-27|138.95|139.1|135.19|135.69
2023-10-30|136.44|138.04|136.04|137.42
2023-10-31|137.71|139.24|137.4728|139.06
2023-11-01|139.25|140.53|138.47|138.94
2023-11-02|140.09|141.48|139.23|141.42
2023-11-03|142.19|143.77|141.85|143
2023-11-06|143.17|144.19|142.79|144.08
2023-11-07|143.51|144.2612|142.82|144.01
2023-11-08|144.11|144.84|143.62|144.72
2023-11-09|145.44|145.6499|143.7|144.29
2023-11-10|144.94|146.48|144.0765|146.43
2023-11-13|145.7|146.25|145.16|145.78
2023-11-14|146.68|149.25|146.52|148.44
2023-11-15|148.46|150.16|148.46|149.74
2023-11-16|150.09|151.525|150.09|151.45
2023-11-17|152.2|152.86|151.54|152.82
2023-11-20|152.08|153.75|151.92|153.29
2023-11-21|153.2|153.63|152.57|152.97
2023-11-22|153.41|153.88|152.9|153.33
2023-11-24|153.59|154.438|153.275|153.54
2023-11-27|153.43|153.53|152.71|153.19
2023-11-28|153.22|153.87|152.72|153.54
2023-11-29|154.17|155.625|154|154.32
2023-11-30|154.91|156.13|154.381|156.08
2023-12-01|155.82|157.86|155.82|156.84
2023-12-04|156.02|158.05|155.88|157.99
2023-12-05|157.26|158.5|156.97|157.97
2023-12-06|158.84|159.22|156|156.31
2023-12-07|156.69|157.31|156.15|156.79
2023-12-08|157.26|158.78|156.98|158.52
2023-12-11|158.52|159.3|158.15|159.1
2023-12-12|159.23|160.645|158.88|160.52
2023-12-13|160.52|162.03|159.77|161.06
2023-12-14|161.83|164.8399|161.705|163.99
2023-12-15|163.08|165.28|162.39|165.23
2023-12-18|165.92|167.13|165.63|166.23
2023-12-19|166|168.47|165.55|168.45
2023-12-20|167.99|169.41|166.45|166.55
2023-12-21|166.84|168.09|165.675|167.5
2023-12-22|167.5|168.23|167.23|167.4
2023-12-26|167.46|168.765|167.18|168.39
2023-12-27|167.84|169.47|167.58|169.4
2023-12-28|169.35|170.66|168.995|170.3
2023-12-29|170|170.69|169.63|170.1
2024-01-02|169.09|172.17|168.91|172.08
2024-01-03|171.86|172.04|170.37|171.33
2024-01-04|170.64|173.35|170.54|171.41
2024-01-05|171.47|173.38|171.47|172.27
2024-01-08|172.02|172.36|169.485|172.02