2018-08-01|61.9555|62.295|61.247|61.6495
2018-08-02|60.925|62.2205|60.903|62.0565
2018-08-03|62.259|62.326|61.471|61.908
2018-08-06|62.0805|62.1231|61.5265|61.8835
2018-08-07|62.6005|63.304|62.59|62.792
2018-08-08|62.836|63.586|62.606|63.0665
2018-08-09|63.1365|63.5982|63.0051|63.223
2018-08-10|62.959|63.06|62.3582|62.6255
2018-08-13|62.56|63.2985|62.3515|62.432
2018-08-14|62.625|63.0295|61.977|62.907
2018-08-15|62.214|62.599|61.3123|61.611
2018-08-16|62.0995|62.1849|60.9815|61.203
2018-08-17|61.102|61.3477|60.2|60.7925
2018-08-20|61.033|61.2955|60.435|61.0975
2018-08-21|61.151|61.638|60.7515|60.8705
2018-08-22|60.711|61.3265|60.661|61.0875
2018-08-23|60.994|61.7585|60.9674|61.058
2018-08-24|61.3|61.87|61.071|61.8375
2018-08-27|62.207|62.8935|62.034|62.8135
2018-08-28|62.795|62.828|62.1485|62.293
2018-08-29|62.75|63.3585|62.64|63.2325
2018-08-30|63.17|63.4745|62.3605|62.722
2018-08-31|62.6105|62.6273|61.2877|61.59
2018-09-04|61.126|61.3935|60.328|60.5655
2018-09-05|60.461|60.7435|58.767|59.955
2018-09-06|59.9285|59.9493|58.1805|59.1995
2018-09-07|58.6|59.4273|58.4635|58.8795
2018-09-10|59.21|59.333|58.5305|58.753
2018-09-11|58.555|59.547|58.2975|59.4995
2018-09-12|59.1|59.5347|58.308|58.58
2018-09-13|58.985|59.393|58.461|59.107
2018-09-14|59.4|59.4|58.676|58.899
2018-09-17|58.8885|59.091|57.9228|57.9915
2018-09-18|58.133|59.0665|58.0713|58.3555
2018-09-19|58.448|58.8135|57.9308|58.7135
2018-09-20|59.0335|59.7|58.8125|59.5785
2018-09-21|59.746|59.829|58.603|58.606
2018-09-24|57.9705|59.2595|57.575|58.978
2018-09-25|59.2125|59.843|58.7045|59.6945
2018-09-26|59.6845|60.362|59.2698|59.703
2018-09-27|60|60.843|59.9025|60.368
2018-09-28|60.2045|60.4225|59.8915|60.354
2018-10-01|60.65|61.21|60.1595|60.4265
2018-10-02|60.3335|61.226|59.983|60.382
2018-10-03|60.6|60.709|60.1075|60.5765
2018-10-04|60.2515|60.295|58.1923|58.8535
2018-10-05|58.8|59.1|57.716|58.3915
2018-10-08|58|58.793|56.77|57.796
2018-10-09|57.5655|58.0775|57.2085|57.2585
2018-10-10|56.82|56.851|54.5755|54.608
2018-10-11|53.952|55.8028|53.7945|54.537
2018-10-12|55.982|56.2915|54.7513|56.027
2018-10-15|55.9|56.0898|54.911|55.122
2018-10-16|55.674|56.8185|55.5875|56.654
2018-10-17|57|57.35|55.7|56.3795
2018-10-18|56.5|56.6175|54.317|54.8955
2018-10-19|55.1855|56.0475|54.8515|55.259
2018-10-22|55.6255|56.0845|55|55.5685
2018-10-23|54.5645|55.9|53.9505|55.7455
2018-10-24|55.75|55.831|52.753|52.856
2018-10-25|54.015|55.891|53.7773|55.1795
2018-10-26|52.4165|55.85|52.1115|54.1875
2018-10-29|54.827|55.4415|50.36|51.7365
2018-10-30|51.0005|52.545|50.6985|52.4755
2018-10-31|53.41|55.4|53.41|54.529
2018-11-01|54.57|54.995|53.891|54.299
2018-11-02|54.45|54.9|53.383|53.5745
2018-11-05|53.6265|53.6675|51.7|52.7865
2018-11-06|52.751|53.991|52.6805|53.4785
2018-11-07|54.1745|55.4965|54.0295|55.412
2018-11-08|55.365|55.411|54.218|54.7315
2018-11-09|54.201|54.4175|53.213|53.851
2018-11-12|53.6565|53.705|52.0175|52.468
2018-11-13|52.7405|53.3333|52.02|52.3985
2018-11-14|53|53.2895|52.0555|52.729
2018-11-15|52.573|53.9435|52.0646|53.5525
2018-11-16|53.2615|53.622|52.745|53.4135
2018-11-19|53.1695|53.4|51.1435|51.371
2018-11-20|50.3645|51.8675|50.1105|51.5225
2018-11-21|52.2655|52.7353|51.9728|52.1715
2018-11-23|51.675|52.15|51.426|51.505
2018-11-26|52.2|52.85|51.9885|52.797
2018-11-27|52.567|53.338|52.275|52.614
2018-11-28|52.873|54.6429|52.1475|54.5895
2018-11-29|54.1765|55.0075|54.1|54.729
2018-11-30|54.7815|55.4825|54.159|55.4825
2018-12-03|56.608|56.75|55.5865|55.818
2018-12-04|55.6495|55.712|53.0388|53.1235
2018-12-06|52.25|53.971|52.124|53.904
2018-12-07|53.6115|54.2515|51.9685|52.329
2018-12-10|52.147|52.98|51.65|52.659
2018-12-11|53.347|53.52|52.505|53.0825
2018-12-12|53.854|54.5866|53.5985|53.6865
2018-12-13|53.7835|54.421|53.2497|53.677
2018-12-14|53.001|53.586|52.4685|52.5855
2018-12-17|52.3505|53.119|50.8315|51.2825
2018-12-18|51.7|52.9845|51.524|52.1705
2018-12-19|52.3645|53.7855|50.9715|51.773
2018-12-20|51.3|52.372|50.3932|51.179
2018-12-21|51.602|51.8835|49.0595|49.5625
2018-12-24|49.216|50.606|48.883|49.2335
2018-12-26|49.8995|52.4225|49.6323|52.3925
2018-12-27|51.31|52.667|50.35|52.645
2018-12-28|52.975|53.2115|52.1|52.334
2018-12-31|52.8915|53.1495|51.6519|52.248
2019-01-02|51.36|53.0395|51.2638|52.734
2019-01-03|52.5335|53.313|51.1185|51.2735
2019-01-04|52.128|54|51.843|53.9035
2019-01-07|54.0485|54.135|53.132|53.796
2019-01-08|54.3|54.6675|53.4174|54.2685
2019-01-09|54.3995|54.582|53.7185|54.0825
2019-01-10|53.747|53.9905|53.234|53.9415
2019-01-11|53.495|53.6685|52.8215|53.2235
2019-01-14|52.667|52.9225|52.4275|52.5755
2019-01-15|52.9005|54.4135|52.722|54.3255
2019-01-16|54.5|55.118|54.4005|54.4755
2019-01-17|54.3995|55.035|54.1628|54.956
2019-01-18|55.4295|55.9|54.9642|55.365
2019-01-22|54.8|54.9485|53.5445|53.9315
2019-01-23|54.343|54.6475|53.3785|54.2205
2019-01-24|54.1255|54.4|53.501|54.2
2019-01-25|54.7115|55.168|54.5901|55.0755
2019-01-28|54.5035|54.6683|53.7305|53.993
2019-01-29|54.052|54.2365|53.301|53.503
2019-01-30|53.868|54.976|53.832|54.8995
2019-01-31|55.612|56.3835|55.2625|56.2945
2019-02-01|56.1145|56.72|55.7125|55.931
2019-02-04|55.9505|57.117|55.8755|57.071
2019-02-05|56.4815|57.6385|56.18|57.5935
2019-02-06|57.4635|57.7|55.918|56.1445
2019-02-07|55.591|55.5995|54.6795|55.2955
2019-02-08|54.744|55.2548|54.712|55.119
2019-02-11|55.1875|55.6715|55|55.106
2019-02-12|55.5505|56.643|55.5505|56.379
2019-02-13|56.652|57.1425|56.3|56.4315
2019-02-14|56.25|56.8065|55.8545|56.46
2019-02-15|56.965|56.965|55.836|55.9815
2019-02-19|55.832|56.482|55.832|56.3255
2019-02-20|56.444|56.5465|55.5875|56.0295
2019-02-21|55.939|55.9575|54.899|55.2105
2019-02-22|55.485|55.8625|55.025|55.828
2019-02-25|56.0965|56.27|55.7055|55.8665
2019-02-26|55.7185|56.3218|55.335|56.1005
2019-02-27|55.7005|56.2865|55.428|56.1445
2019-02-28|55.95|56.6995|55.9205|56.3275
2019-03-01|56.55|57.5|56.55|57.426
2019-03-04|57.728|58.276|56.9125|57.671
2019-03-05|57.8|58.8245|57.651|58.4595
2019-03-06|58.588|58.737|58.1525|58.247
2019-03-07|58.025|58.179|57.0858|57.5425
2019-03-08|56.695|57.6725|56.51|57.4985
2019-03-11|57.6|58.9955|57.5785|58.963
2019-03-12|59.115|60.2855|59.115|59.8625
2019-03-13|60.2965|60.3562|59.8955|59.953
2019-03-14|59.951|60.235|59.5615|59.6265
2019-03-15|59.9|60.0863|59.3505|59.515
2019-03-18|59.4845|59.7475|59.0738|59.4275
2019-03-19|59.586|60.1703|59.4728|60.123
2019-03-20|60.07|61.4995|59.9795|61.3215
2019-03-21|61|61.822|60.8288|61.8065
2019-03-22|61.4425|61.6815|60.3|60.3825
2019-03-25|59.978|60.472|59.5002|59.869
2019-03-26|60.2595|60.3825|59.088|59.492
2019-03-27|59.596|59.596|58.2115|58.9005
2019-03-28|58.775|58.8625|58.1715|58.6135
2019-03-29|59.009|59.1985|58.319|58.8445
2019-04-01|59.377|60.01|59.318|59.949
2019-04-02|60.0025|60.2905|59.562|60.277
2019-04-03|60.635|61.03|60.2538|60.5405
2019-04-04|60.5645|61.0275|60.452|60.9725
2019-04-05|60.965|61.0195|60.5015|60.5725
2019-04-08|60.5555|60.6975|60.2348|60.414
2019-04-09|60.0945|60.3575|59.919|60.1345
2019-04-10|60.2545|60.4469|60.033|60.3225
2019-04-11|60.445|60.637|60.227|60.4795
2019-04-12|60.781|61.1525|60.6645|61.1365
2019-04-15|61.2045|61.4648|60.728|61.3265
2019-04-16|61.5|61.799|61.252|61.5955
2019-04-17|61.85|62.2548|61.645|62.007
2019-04-18|62.25|62.297|61.9705|62.0735
2019-04-22|61.8335|62.717|61.6685|62.688
2019-04-23|62.832|63.7215|62.5988|63.5295
2019-04-24|63.5295|63.7|62.9905|63.0025
2019-04-25|63.515|63.64|62.9|63.367
2019-04-26|63.669|63.9455|63.25|63.871
2019-04-29|64.0255|64.8488|63.5855|64.81
2019-04-30|59.5315|60.0489|59.15|59.948
2019-05-01|59.875|59.9625|58.5838|58.666
2019-05-02|58.63|58.969|57.9165|58.3255
2019-05-03|58.8705|59.57|58.6773|59.4775
2019-05-06|58.6|59.7715|58.5578|59.673
2019-05-07|59.2905|59.7385|58.25|58.943
2019-05-08|58.8645|59.2135|58.3815|58.539
2019-05-09|58.13|58.7035|57.732|58.3985
2019-05-10|58.442|58.814|57.3185|58.382
2019-05-13|57.262|57.5985|56.275|56.8295
2019-05-14|57.116|57.2433|56.1765|56.243
2019-05-15|56.1275|58.915|56.07|58.54
2019-05-16|58.592|59.708|58.4225|59.225
2019-05-17|58.7915|59.3145|58.321|58.439
2019-05-20|57.65|57.65|56.9068|57.233
2019-05-21|57.724|57.9|57.1655|57.722
2019-05-22|57.5625|58.189|57.55|57.7925
2019-05-23|57.3035|57.5025|56.658|57.267
2019-05-24|57.6|57.718|56.8355|56.9305
2019-05-28|57.074|57.8245|56.9335|56.978
2019-05-29|56.635|56.75|55.5975|55.997
2019-05-30|56.0075|56.3398|55.795|56.0705
2019-05-31|55.282|55.6701|55.1675|55.325
2019-06-03|53.3465|53.35|51.3515|51.937
2019-06-04|52.2245|52.9219|51.8015|52.7245
2019-06-05|52.75|52.8405|51.65|52.232
2019-06-06|52.3105|52.5|51.7755|52.388
2019-06-07|52.714|53.6715|52.5575|53.4185
2019-06-10|53.85|54.742|53.7641|54.138
2019-06-11|54.8495|55.2003|53.9785|54.052
2019-06-12|53.9975|54.126|53.48|53.955
2019-06-13|54.2355|54.8295|54.1285|54.5505
2019-06-14|54.487|54.738|54.0738|54.315
2019-06-17|54.455|55.064|54.4|54.6945
2019-06-18|55.575|55.939|55.0395|55.262
2019-06-19|55.362|55.4715|54.8015|55.2255
2019-06-20|56.085|56.136|55.35|55.66
2019-06-21|55.493|56.3285|55.486|56.2685
2019-06-24|56|56.1785|55.6655|55.835
2019-06-25|55.754|55.785|54.23|54.379
2019-06-26|54.55|54.756|53.6844|54.016
2019-06-27|54.3375|54.4233|53.7925|53.8315
2019-06-28|53.8615|54.14|53.69|54.14
2019-07-01|55.052|55.4295|54.7665|55
2019-07-02|55.2415|55.6445|54.9835|55.63
2019-07-03|55.925|56.3994|55.7425|56.1495
2019-07-05|55.9685|56.7325|55.875|56.6333
2019-07-08|56.2935|56.3605|55.588|55.8395
2019-07-09|55.516|56.393|55.3575|56.2145
2019-07-10|56.616|57.117|56.533|57.0455
2019-07-11|57.308|57.662|56.9765|57.204
2019-07-12|57.1465|57.375|56.928|57.267
2019-07-15|57.267|57.534|57|57.5255
2019-07-16|57.3365|57.929|57.3365|57.673
2019-07-17|57.546|57.922|57.331|57.337
2019-07-18|57.1|57.4085|56.6428|57.362
2019-07-19|57.466|57.579|56.5625|56.5775
2019-07-22|56.7735|57.001|56.2605|56.9605
2019-07-23|57.1725|57.443|56.6425|57.4025
2019-07-24|56.631|57.2728|56.4255|56.9865
2019-07-25|56.9475|57.1796|56.1855|56.797
2019-07-26|61.4|63.4197|61.4|62.261
2019-07-29|62.125|62.4498|61.51|62.092
2019-07-30|61.35|61.8455|61.266|61.4
2019-07-31|61.2435|61.7455|60.409|60.91
2019-08-01|60.8815|61.8149|60.35|60.589
2019-08-02|60.15|60.475|59.5|59.816
2019-08-05|58.6485|58.844|57.1375|57.7375
2019-08-06|58.276|59.07|58.0763|58.554
2019-08-07|57.89|58.9935|57.542|58.7955
2019-08-08|59.3215|60.314|58.7|60.3095
2019-08-09|59.9998|60.223|59.2445|59.445
2019-08-12|59|59.2805|58.436|58.725
2019-08-13|58.7175|60.2715|58.6498|59.8365
2019-08-14|58.8035|59.1395|58.0535|58.2125
2019-08-15|58.4215|58.821|58.15|58.466
2019-08-16|59.0395|59.192|58.65|58.9605
2019-08-19|59.5915|60.4695|59.52|60.022
2019-08-20|59.7675|59.9|59.1523|59.1765
2019-08-21|59.791|60.0278|59.396|59.579
2019-08-22|59.69|59.939|58.9455|59.576
2019-08-23|59.2585|59.7835|57.5|57.679
2019-08-26|57.9725|58.593|57.7423|58.559
2019-08-27|59.15|59.25|58.2279|58.541
2019-08-28|58.2435|58.925|58.0125|58.6875
2019-08-29|59.321|59.9595|59.264|59.712
2019-08-30|60.0175|60.0175|59.286|59.5265
2019-09-03|59.0925|59.454|58.1858|58.4775
2019-09-04|58.9725|59.244|58.5765|59.1135
2019-09-05|59.683|60.7|59.6345|60.6095
2019-09-06|60.457|60.6473|60.163|60.316
2019-09-09|60.354|61.0275|59.6585|60.2635
2019-09-10|59.8045|60.5|59.8005|60.285
2019-09-11|60.1945|61.1235|60.1138|61
2019-09-12|61.1735|62.1208|61.128|61.7485
2019-09-13|61.6055|62.0525|61.354|62.0015
2019-09-16|61.522|61.951|61.2595|61.5815
2019-09-17|61.5815|61.75|61.1675|61.494
2019-09-18|61.512|61.812|60.8235|61.6325
2019-09-19|61.616|62.217|61.6155|61.9375
2019-09-20|61.682|62.14|61.179|61.492
2019-09-23|61.3285|61.984|61.1891|61.7345
2019-09-24|62|62.3555|60.5322|60.9165
2019-09-25|60.8005|62.401|60.46|62.297
2019-09-26|62.107|62.2335|61.591|62.1145
2019-09-27|62.1415|62.2495|60.76|61.2975
2019-09-30|61.03|61.3703|60.671|61.057
2019-10-01|61.1245|61.6429|60.2775|60.3
2019-10-02|59.825|59.938|58.6315|58.896
2019-10-03|59.167|59.55|58.157|59.4715
2019-10-04|59.7145|60.623|59.5485|60.548
2019-10-07|60.35|60.9455|60.218|60.4125
2019-10-08|59.9385|60.3434|59.474|59.5065
2019-10-09|60.0665|60.423|59.9058|60.12
2019-10-10|59.93|60.781|59.893|60.4735
2019-10-11|61.2015|61.4375|60.6819|60.7855
2019-10-14|60.6945|61.294|60.594|60.8885
2019-10-15|61.075|62.3563|61.046|62.112
2019-10-16|62.0905|62.7095|61.9265|62.15
2019-10-17|62.57|63.1875|62.4935|62.64
2019-10-18|62.7345|62.9055|62.007|62.2205
2019-10-21|62.435|62.6755|61.9995|62.214
2019-10-22|62.224|62.4365|61.9925|62.06
2019-10-23|62.0105|62.902|62.0105|62.8815
2019-10-24|62.9555|63.145|62.6175|62.9555
2019-10-25|62.6|63.4|62.4575|63.215
2019-10-28|63.75|64.962|63.6155|64.449
2019-10-29|63.8|64.04|62.7805|63.033
2019-10-30|62.7575|63.4008|62.5325|63.035
2019-10-31|63|63.3258|62.474|62.94
2019-11-01|63.29|63.65|62.9855|63.6125
2019-11-04|63.8055|64.625|63.8055|64.4805
2019-11-05|64.56|64.862|64.469|64.572
2019-11-06|64.5045|64.6495|64.1135|64.5505
2019-11-07|64.714|66.1325|64.6875|65.347
2019-11-08|65.076|65.8555|65.076|65.45
2019-11-11|65.2|65.245|64.7935|64.914
2019-11-12|64.9285|65.4675|64.712|64.8605
2019-11-13|64.659|65.126|64.6074|64.809
2019-11-14|64.75|65.786|64.697|65.4575
2019-11-15|65.7525|66.677|65.5945|66.677
2019-11-18|66.617|66.696|65.808|65.992
2019-11-19|66.3315|66.3315|65.5885|65.6295
2019-11-20|65.568|65.6605|64.4605|65.093
2019-11-21|64.9625|65.556|64.5375|65.007
2019-11-22|65.15|65.345|64.4681|64.6835
2019-11-25|64.813|65.5205|64.7805|65.282
2019-11-26|65.4955|65.7005|65.202|65.65
2019-11-27|65.771|65.882|65.4737|65.6065
2019-11-29|65.33|65.4975|65.1615|65.2045
2019-12-02|65.128|65.272|64.019|64.443
2019-12-03|63.933|64.8615|63.8525|64.737
2019-12-04|65.305|66.2135|65.1526|65.947
2019-12-05|66.35|66.399|65.716|66.348
2019-12-06|66.6375|67.1235|66.5615|66.9695
2019-12-09|66.943|67.8777|66.8035|67.1495
2019-12-10|66.997|67.4|66.7|67.1445
2019-12-11|67.415|67.4945|67.055|67.2125
2019-12-12|67.1605|67.729|66.91|67.4245
2019-12-13|67.395|67.5675|67.083|67.3435
2019-12-16|67.75|68.1765|67.5305|68.035
2019-12-17|68.1205|68.2165|67.5385|67.7445
2019-12-18|67.85|67.9715|67.523|67.5955
2019-12-19|67.5955|67.8763|67.4375|67.822
2019-12-20|68.155|68.2|67.5365|67.561
2019-12-23|67.9365|68.0927|67.4|67.5315
2019-12-24|67.5105|67.6005|67.2083|67.2215
2019-12-26|67.3275|68.16|67.2755|68.1235
2019-12-27|68.2|68.3535|67.65|67.732
2019-12-30|67.8405|67.85|66.8918|66.9855
2019-12-31|66.7895|67.033|66.6065|66.9695
2020-01-02|67.4205|68.434|67.3245|68.434
2020-01-03|67.4|68.6875|67.3662|68.076
2020-01-06|67.5815|69.916|67.55|69.8905
2020-01-07|70.023|70.175|69.5778|69.7555
2020-01-08|69.741|70.5925|69.6315|70.252
2020-01-09|71.0965|71.434|70.5105|70.9895
2020-01-10|71.4735|71.747|70.9799|71.448
2020-01-13|71.7625|72.074|71.2685|72.0015
2020-01-14|72|72.1315|71.3885|71.5295
2020-01-15|71.651|72.039|71.583|71.96
2020-01-16|72.2725|72.535|72|72.508
2020-01-17|73.127|74.0275|72.8275|73.976
2020-01-21|73.95|74.4942|73.5105|74.1125
2020-01-22|74.4865|75.0291|74.1331|74.2085
2020-01-23|74.3775|74.675|74.016|74.2345
2020-01-24|74.641|74.71|73.159|73.3085
2020-01-27|71.577|71.829|70.975|71.5865
2020-01-28|72.087|72.74|71.518|72.525
2020-01-29|72.923|73.207|72.2693|72.835
2020-01-30|71.905|72.7625|71.75|72.7125
2020-01-31|73.393|73.4835|71.353|71.639
2020-02-03|73.0825|74.315|72.8305|74.13
2020-02-04|72.7245|73.3668|71.1015|72.2705
2020-02-05|73.1805|73.229|71.4838|72.3025
2020-02-06|72.599|74.078|72.524|73.7985
2020-02-07|73.3693|74.2623|73.2705|73.9555
2020-02-10|73.8615|75.444|73.76|75.433
2020-02-11|75.6635|76.494|75.2725|75.503
2020-02-12|75.793|76.015|75.4335|75.9315
2020-02-13|75.5|76.2973|75.2|75.6695
2020-02-14|75.7265|76.0025|75.2775|75.9365
2020-02-18|75.717|76.5278|75.5505|75.972
2020-02-19|76.36|76.537|76.0488|76.2435
2020-02-20|75.9505|76.3535|75.2128|75.8495
2020-02-21|75.229|75.5473|73.9245|74.173
2020-02-24|71.1525|71.819|70.3395|70.993
2020-02-25|71.55|71.8424|69.021|69.316
2020-02-26|69.749|70.6835|68.8275|69.5235
2020-02-27|67.957|68.47|65.712|65.7475
2020-02-28|63.7155|67.1225|63.4105|66.9625
2020-03-02|67.5695|69.3735|66.26|69.316
2020-03-03|69.884|70.4095|66.4621|66.886
2020-03-04|67.948|69.139|66.85|69.08
2020-03-05|67.2775|67.6815|65.082|65.738
2020-03-06|63.4975|65.1375|62.8605|64.787
2020-03-09|60.248|62.6365|59.902|60.7895
2020-03-10|62.7195|63.7925|60.7255|63.7585
2020-03-11|62.4135|62.8465|59.557|60.545
2020-03-12|56.131|59.4375|55.4235|55.5775
2020-03-13|58.7495|60.72|55.6145|60.7135
2020-03-16|54.4805|57.2735|53.354|53.65
2020-03-17|54.532|56.3|52.455|55.903
2020-03-18|52.997|55.2495|51.85|54.5595
2020-03-19|54.411|57.6305|52.7775|55.5835
2020-03-20|56.545|56.9239|53.105|53.4105
2020-03-23|52.8185|53.3455|50.4435|52.7065
2020-03-24|55.199|56.6665|54.3215|56.5005
2020-03-25|56.229|57.3085|54.1505|55.081
2020-03-26|55.736|58.574|54.6015|58.146
2020-03-27|56.3735|57.5525|55.2001|55.513
2020-03-30|56.632|57.55|54.9245|57.3155
2020-03-31|57.4365|58.67|56.836|58.0975
2020-04-01|56.2|56.471|54.6745|55.105
2020-04-02|55|56.1385|54.6565|55.8515
2020-04-03|55.7355|55.9395|53.754|54.635
2020-04-06|56.65|59.5377|56.25|59.1595
2020-04-07|60.8505|61.0388|58.8625|59.128
2020-04-08|60.155|60.745|59.1977|60.35
2020-04-09|60.909|61.0995|59.6208|60.3285
2020-04-13|60.075|60.726|59.1166|60.5205
2020-04-14|61.9987|63.7875|61.4271|63.2615
2020-04-15|62.3255|63.7555|61.7|62.865
2020-04-16|63.357|63.6679|61.91|62.8715
2020-04-17|64.085|64.5|63.3|63.95
2020-04-20|63.4945|63.841|62.822|63.0575
2020-04-21|62.1355|62.5|60.25|60.608
2020-04-22|62.0555|63.994|61.86|62.9205
2020-04-23|63.287|64.4075|63.0265|63.5585
2020-04-24|62.75|63.8855|62.2|63.83
2020-04-27|64.6|64.705|63.253|63.543
2020-04-28|64.16|64.238|61.519|61.6295
2020-04-29|67.25|68.0075|66.3365|67.109
2020-04-30|66.568|67.5|66.075|67.335
2020-05-01|66.2045|67.5715|65.483|65.866
2020-05-04|65.4065|66.2235|64.8005|66.145
2020-05-05|66.875|68.5505|66.7515|67.451
2020-05-06|67.9|68.4345|67.2565|67.2715
2020-05-07|68.0655|68.8|67.627|68.464
2020-05-08|69.091|69.832|68.6005|69.217
2020-05-11|68.8395|70.7765|68.775|70.1795
2020-05-12|70.411|70.7165|68.7255|68.759
2020-05-13|68.808|69.2665|66.4005|67.4165
2020-05-14|66.676|67.8685|66.165|67.843
2020-05-15|67.413|68.729|66.95|68.653
2020-05-18|68.079|69.638|67.71|69.259
2020-05-19|69.274|69.6245|68.688|68.72
2020-05-20|69.458|70.6013|69.371|70.458
2020-05-21|70.5495|70.823|69.7195|70.3375
2020-05-22|70.195|70.85|69.7975|70.662
2020-05-26|72.098|72.2555|70.9698|71.0685
2020-05-27|71|71.2673|69.73|71.014
2020-05-28|70|72.223|69.9538|70.912
2020-05-29|71.0215|71.8365|70.799|71.676
2020-06-01|71.285|72.079|71.114|71.7435
2020-06-02|71.75|72.15|71.0805|72.1155
2020-06-03|72.135|72.4505|71.581|71.9625
2020-06-04|71.839|72.066|70.3005|70.715
2020-06-05|70.782|72.315|70.3811|72.001
2020-06-08|71.314|72.45|71.224|72.402
2020-06-09|72.262|73.39|72.118|72.604
2020-06-10|73.0755|73.6385|72.7178|73.235
2020-06-11|72.0515|72.5802|69.9205|70.095
2020-06-12|71.293|71.7253|69.29|70.646
2020-06-15|69.4745|71.25|69.3598|71.037
2020-06-16|72.45|72.8585|71.4495|72.3235
2020-06-17|72.647|73.11|71.7563|72.627
2020-06-18|72.4925|72.6485|71.3118|71.706
2020-06-19|72|72.225|70.95|71.232
2020-06-22|71.2505|72.5475|70.9595|72.533
2020-06-23|72.6|73.76|72.25|73.199
2020-06-24|73.164|73.7895|71.5|71.635
2020-06-25|71.561|72.116|70.977|72.055
2020-06-26|71.6315|71.851|67.75|68.127
2020-06-29|68.017|69.9|67.5825|69.8585
2020-06-30|69.844|71.2|69.3465|70.9025
2020-07-01|70.9585|72.424|70.709|72.1
2020-07-02|72.592|74.426|72.5533|73.4965
2020-07-06|74.4075|75.5|73.8488|74.9825
2020-07-07|74.8065|76.066|74.485|74.496
2020-07-08|75.04|75.5585|74.615|75.18
2020-07-09|75.4965|76.4571|74.7795|75.933
2020-07-10|75.6625|77.067|75.036|76.9505
2020-07-13|77.497|78.818|75.328|75.6115
2020-07-14|74.6395|76.14|74.2963|76.043
2020-07-15|76.1615|76.8165|74.8915|75.844
2020-07-16|75.075|75.7955|74.4135|75.746
2020-07-17|75.8455|76.1715|74.905|75.8425
2020-07-20|75.75|78.4505|75.1348|78.192
2020-07-21|79.2515|79.3525|77.631|77.796
2020-07-22|77.7855|78.349|77.1615|78.2425
2020-07-23|78.2965|78.5175|75.4295|75.8375
2020-07-24|74.9595|75.7714|74.3795|75.4105
2020-07-27|75.663|76.878|75.6165|76.4715
2020-07-28|76.25|76.3005|75.026|75.1825
2020-07-29|75.25|76.6665|75.1505|76.1755
2020-07-30|74.8985|77.0445|74.7585|76.9185
2020-07-31|74.8525|75.251|72.7|74.3975
2020-08-03|74.55|74.8865|73.586|74.138
2020-08-04|74.3355|74.6555|73.2015|73.665
2020-08-05|73.841|74.5|73.5608|73.9545
2020-08-06|73.8075|75.3135|73.595|75.2475
2020-08-07|75.452|76.0045|74.3135|74.9185
2020-08-10|74.54|75.3575|73.8745|74.841
2020-08-11|74.7|75.522|73.9095|74.027
2020-08-12|74.3562|75.5835|74.25|75.362
2020-08-13|75.4105|76.8487|75.4105|75.8325
2020-08-14|75.6805|75.9893|74.95|75.2315
2020-08-17|75.7985|76.189|75.25|75.812
2020-08-18|76.306|77.8685|76.0833|77.789
2020-08-19|77.6245|78.443|77|77.2305
2020-08-20|76.9985|79.0085|76.723|78.8125
2020-08-21|78.59|79.594|78.1155|78.7785
2020-08-24|79.6235|80.439|78.752|79.2575
2020-08-25|79.005|80.444|78.894|80.2925
2020-08-26|80.315|82.6395|80.0488|82.2065
2020-08-27|82.3305|82.3995|80.9407|81.426
2020-08-28|81.4735|82.0675|81.2803|81.9715
2020-08-31|82.1785|82.225|81.2665|81.4765
2020-09-01|81.608|82.961|81.4765|82.754
2020-09-02|83.4005|86.3051|83.0095|85.8695
2020-09-03|84.976|85|80.3855|81.4755
2020-09-04|80.45|81.7495|76.8985|79.0605
2020-09-08|76.25|77.7775|75.825|76.18
2020-09-09|77.445|77.936|76.2585|77.3615
2020-09-10|77.509|78.683|76|76.3025
2020-09-11|76.4075|76.9348|74.651|75.788
2020-09-14|76.5824|77.85|75.2555|75.4415
2020-09-15|76.3945|77.5495|76.105|76.756
2020-09-16|77.124|77.7185|75.5795|75.6045
2020-09-17|74.2905|74.933|73.123|74.352
2020-09-18|74.415|74.76|71.581|72.5545
2020-09-21|71.581|72.003|70.134|71.507
2020-09-22|72.516|73.1985|71.4748|72.991
2020-09-23|72.6045|72.654|70.134|70.4695
2020-09-24|70.134|71.8995|70.1075|71.143
2020-09-25|71.2525|72.297|70.384|71.953
2020-09-28|73.5995|73.6495|72.314|72.933
2020-09-29|73.1955|73.6|72.7|73.301
2020-09-30|73.0468|74.3099|72.7878|73.28
2020-10-01|74.183|74.7535|73.84|74.395
2020-10-02|72.9815|73.9515|72.3675|72.78
2020-10-05|73.1325|74.235|73.0045|74.1415
2020-10-06|73.775|74.226|72.2505|72.551
2020-10-07|72.9655|73.4485|71.6615|72.957
2020-10-08|73.2725|74.4014|73.2725|74.1715
2020-10-09|74.643|75.5925|74.35|75.5225
2020-10-12|76.9|79.421|76.465|78.2295
2020-10-13|78.8505|79.258|77.9315|78.3535
2020-10-14|78.73|79.1925|77.2948|78.172
2020-10-15|77.225|78.5698|77.0565|77.7735
2020-10-16|78.0915|78.8855|77.883|78.385
2020-10-19|78.7965|79.1963|76.146|76.4975
2020-10-20|76.1555|78.692|76.025|77.554
2020-10-21|78.4925|80.757|78.3568|79.2995
2020-10-22|79.25|80.671|78.874|80.333
2020-10-23|80.7525|81.706|80.5955|81.649
2020-10-26|80.75|81.479|78.389|79.2145
2020-10-27|79.4466|80.1|78.8495|79.944
2020-10-28|77.5005|77.6905|75.424|75.54
2020-10-29|75.851|79.4368|75.8275|77.844
2020-10-30|83.372|84.0658|80.0785|80.8055
2020-11-02|81.177|82.912|80.712|81.216
2020-11-03|81.538|82.95|80.6054|82.283
2020-11-04|85.279|88.5015|85.15|87.2925
2020-11-05|88.5225|89.5909|87.0515|88.125
2020-11-06|87.567|88.4248|86.834|87.9865
2020-11-09|89.799|90.8445|87.8773|88.071
2020-11-10|86.4885|87.969|85.806|86.886
2020-11-11|87.42|88.145|87.153|87.3615
2020-11-12|87.1|88.249|86.8985|87.141
2020-11-13|87.4|88.8565|86.799|88.613
2020-11-16|88.207|89.717|88.0665|88.7015
2020-11-17|88.393|88.857|87.9745|88.083
2020-11-18|87.832|88.25|86.9283|87.032
2020-11-19|86.6615|88.1745|86.501|87.9285
2020-11-20|88.1|88.4181|86.75|86.819
2020-11-23|87.011|87.2995|85.509|86.378
2020-11-24|86.375|88.3238|86.0365|88.195
2020-11-25|88.3905|88.519|87.418|88.2065
2020-11-27|88.227|89.8505|88.227|89.351
2020-11-30|88.7825|89.0168|87.392|87.72
2020-12-01|88.3328|91.086|88.1515|89.768
2020-12-02|89.768|91.637|89.2585|91.2485
2020-12-03|91.027|92.1915|90.85|91.092
2020-12-04|91.011|91.475|90.6795|91.188
2020-12-07|90.7775|91.4645|90.152|90.8515
2020-12-08|90.426|90.7985|89.564|90.5665
2020-12-09|90.518|91.4185|88.1|88.893
2020-12-10|88.13|88.7495|86.6764|88.3825
2020-12-11|88|88.8655|87.637|88.74
2020-12-14|88.536|89.49|87.4565|87.613
2020-12-15|87.993|88.2|87.0835|88.054
2020-12-16|88.4555|88.4555|87.453|87.8595
2020-12-17|88.1965|88.3355|86.5575|87.0255
2020-12-18|87.3085|87.418|85.75|86.311
2020-12-21|85.4565|86.85|84.7|86.728
2020-12-22|86.4665|86.6306|85.289|86.011
2020-12-23|86.1965|87.2055|86.06|86.4115
2020-12-24|86.45|87.1205|86.2175|86.708
2020-12-28|87.2455|89.35|87.091|88.698
2020-12-29|89.3615|89.4235|87.7555|87.888
2020-12-30|88.25|88.388|86.4|86.8125
2020-12-31|86.8635|87.875|86.8045|87.632
2021-01-04|88|88.1245|85.357|86.3065
2021-01-05|86.2545|87.3415|85.845|87.0025
2021-01-06|85.0128|87.1983|84.8051|86.144
2021-01-07|86.338|88.891|86.338|88.717
2021-01-08|88.858|89.9678|88.061|89.8915
2021-01-11|88.851|89.219|87.607|87.8145
2021-01-12|87.268|88.395|85.8188|86.8715
2021-01-13|86.366|87.8195|86.366|87.3625
2021-01-14|87.4435|88.3775|86.3035|86.546
2021-01-15|86.451|87.381|85.5855|86.381
2021-01-19|87.15|90.192|86.6415|89.2235
2021-01-20|91.3185|94.9862|90.9755|94.0035
2021-01-21|94.6825|96.604|93.9705|94.2075
2021-01-22|94.573|95.2195|93.8248|94.628
2021-01-25|95.637|96.091|92.958|94.714
2021-01-26|94.2995|95.7875|93.8065|95.3975
2021-01-27|93.7455|94.0235|89.864|90.947
2021-01-28|91.55|94.3995|91.55|92.66
2021-01-29|91.701|92.3768|90.078|91.368
2021-02-01|92.2293|95.777|92.2293|94.6535
2021-02-02|95.6565|97.4685|95.3185|95.956
2021-02-03|103.2805|105.3312|100.6775|102.944
2021-02-04|103.0308|103.465|101.755|102.6815
2021-02-05|102.978|104.797|102.5|104.4415
2021-02-08|105|105.75|103.1675|104.226
2021-02-09|103.74|104.9255|103.5|103.7695
2021-02-10|104.157|104.944|102.612|104.324
2021-02-11|104.55|104.7|103.443|104.4375
2021-02-12|103.9885|104.975|103.6785|104.7515
2021-02-16|104.5875|107.257|104.5875|105.535
2021-02-17|104.699|106.1222|104.4175|105.931
2021-02-18|105.25|106.0995|104.6665|105.2905
2021-02-19|105.3895|105.929|104.1715|104.4405
2021-02-22|102.68|104.0165|102.4|102.713
2021-02-23|100.6995|103.625|99.5115|103.006
2021-02-24|101.502|104.416|101.3765|104.1905
2021-02-25|102.7965|104.15|100.3245|100.7975
2021-02-26|101.4975|102.826|100.0505|101.0955
2021-03-01|102.4|103.8115|101.721|103.483
2021-03-02|103.242|104.737|102.8335|103.224
2021-03-03|102.5975|103.7995|99.7|100.5705
2021-03-04|100.7435|103.7295|100.2715|101.6965
2021-03-05|103.0575|105.31|101.3889|104.8535
2021-03-08|104.203|105.687|100.2595|100.375
2021-03-09|102.4875|103.1958|101.78|102.018
2021-03-10|103.07|103.07|100.9665|101.8095
2021-03-11|102.911|105.5635|102.8225|105.027
2021-03-12|103.8205|103.8805|101.621|102.5
2021-03-15|102.2488|102.7495|101.3895|102.722
2021-03-16|103.2995|105.684|102.9645|104.1945
2021-03-17|103.4235|104.95|102.2061|104.111
2021-03-18|102.409|103.4373|100.959|101.067
2021-03-19|101.4865|101.852|100.1465|101.348
2021-03-22|101.3815|102.417|100.7|101.5345
2021-03-23|101.9975|103.2055|101.4|102.0665
2021-03-24|102.588|103.38|101.45|101.6265
2021-03-25|101.4525|102.282|99.8045|101.623
2021-03-26|101.5895|101.9693|100.1925|101.2365
2021-03-29|101.108|102.4605|100.2725|102.2895
2021-03-30|102.649|103.1335|101.8075|102.3235
2021-03-31|102.72|104.313|102.35|103.126
2021-04-01|104.6125|106.7875|104.5715|106.489
2021-04-05|107.3575|111.4495|107.2603|110.948
2021-04-06|110.546|111.4|110.0895|110.463
2021-04-07|110.655|112.225|110.655|111.9515
2021-04-08|113.2|113.5895|112.1505|112.5215
2021-04-09|112.272|113.6985|111.8628|113.5335
2021-04-12|112.706|112.8443|111.391|112.231
2021-04-13|112.5495|113.1735|112.1525|112.7215
2021-04-14|113.3715|113.3715|111.8008|112.0955
2021-04-15|113.0975|114.8|112.5585|114.2625
2021-04-16|114.462|114.712|113.546|114.1375
2021-04-19|113.509|115.2045|113.509|114.488
2021-04-20|114.8745|114.95|112.856|113.9505
2021-04-21|113.6025|114|112.241|113.9175
2021-04-22|113.77|114.4441|112.016|112.626
2021-04-23|113.35|115.3059|113.0625|114.9965
2021-04-26|115.226|116.2265|114.8658|115.4965
2021-04-27|115.8816|115.9225|114.308|114.549
2021-04-28|119.6248|121.569|117.661|117.952
2021-04-29|119.4615|120.208|118.6925|119.638
2021-04-30|118.401|119.0925|117.328|117.675
2021-05-03|118.2455|119.0775|116.775|117.154
2021-05-04|115.6775|116.2495|112.834|115.3415
2021-05-05|116.4315|116.75|115.414|115.7385
2021-05-06|115.3165|116.8675|114.6521|116.8675
2021-05-07|118.1945|118.5625|117.3078|117.5965
2021-05-10|116.407|116.55|114.227|114.5875
2021-05-11|112.1535|114.014|111.696|113.503
2021-05-12|111.3095|112.399|109.681|110.0125
2021-05-13|111.306|111.9719|110.336|111.452
2021-05-14|112.927|114.236|112.5|113.919
2021-05-17|113.1785|114.489|112.7755|114.446
2021-05-18|115.1175|115.3841|113.1095|113.1235
2021-05-19|111.4215|113.7495|111.272|113.575
2021-05-20|114.55|115.6|114.176|115.3475
2021-05-21|115.8705|115.9445|114.465|114.7065
2021-05-24|115.7445|118.2775|115.5978|118.052
2021-05-25|118.6|119.2|117.75|118.1435
2021-05-26|118.326|119.4495|118.3231|119.0155
2021-05-27|119.4525|119.4525|117.813|118.134
2021-05-28|118.721|118.8035|117.6425|117.8425
2021-06-01|118.722|119.2855|117.714|119.059
2021-06-02|119.4575|119.682|117.6178|118.5295
2021-06-03|117.2865|117.8508|116.476|117.379
2021-06-04|118.4635|119.9515|118.1205|119.6785
2021-06-07|119.4718|120.2255|119.05|120.115
2021-06-08|120.6005|120.976|119.739|119.922
2021-06-09|120.5715|120.644|119.845|120.397
2021-06-10|120.346|121.8|120.189|121.7565
2021-06-11|122|122.086|120.948|121.51
2021-06-14|121.613|122.446|120.9|122.4455
2021-06-15|122.45|122.7755|121.056|121.4195
2021-06-16|121.572|121.886|119.47|120.7725
2021-06-17|120.6975|122.5225|120.5|121.7435
2021-06-18|121.367|121.603|120.015|120.111
2021-06-21|120.5005|122|119.8985|121.8125
2021-06-22|121.75|122.4|121.064|122.3305
2021-06-23|122.0935|123.0955|121.8345|122.127
2021-06-24|122.7|123.0555|122.3|122.5
2021-06-25|122|122.633|121.5653|122.5085
2021-06-28|122.6785|122.7848|121.4055|122.536
2021-06-29|122.6704|123.0208|121.6908|122.2725
2021-06-30|121.9945|122.257|121.3545|122.0895
2021-07-01|121.725|122.587|121.5315|122.4445
2021-07-02|123.15|125.404|123.0595|125.2575
2021-07-06|125.6485|126.428|124.5825|126.19
2021-07-07|127.162|127.284|126.153|126.474
2021-07-08|124.026|125.5955|124.022|125.044
2021-07-09|125.025|125.7345|124.5513|125.5185
2021-07-12|126.178|127.0694|125.6108|126.9755
2021-07-13|127.0385|128.0575|126.6745|127.3415
2021-07-14|127.958|129.3263|127.9145|128.237
2021-07-15|128.649|128.7|126.53|127.005
2021-07-16|127.663|127.8115|126.1535|126.97
2021-07-19|126.0895|126.205|123.505|124.578
2021-07-20|125.5275|127.0432|124.3505|126.2095
2021-07-21|126.1335|127.596|126.0235|127.549
2021-07-22|127.844|128.483|127.4988|128.4215
2021-07-23|130.4305|133.399|129.8005|133.015
2021-07-26|133.3283|134.237|132.3015|134.035
2021-07-27|134.2505|134.399|130.104|131.9
2021-07-28|136.312|138.297|135.2775|136.094
2021-07-29|136.15|136.661|135.543|135.7775
2021-07-30|135.035|135.3045|134.255|134.7265
2021-08-02|135.117|135.3365|133.7941|134.8545
2021-08-03|135.135|135.732|133.3195|135.63
2021-08-04|135.3495|135.6495|134.487|135.1255
2021-08-05|135.6805|136.35|134.846|136.2515
2021-08-06|136.042|136.4725|135.21|135.7385
2021-08-09|135.9425|137.184|135.3393|136.913
2021-08-10|137.342|137.7723|136.3645|136.807
2021-08-11|137.1815|137.6823|136.2715|136.279
2021-08-12|135.9755|137.3|135.4255|137.194
2021-08-13|137.25|137.8565|137.033|137.7275
2021-08-16|137.5249|138.3625|135.2988|138.3095
2021-08-17|137.75|138.2655|136.082|136.6615
2021-08-18|136.5|137.1043|135.3215|135.449
2021-08-19|134.4355|136.3525|134.25|135.68
2021-08-20|136|137.554|135.25|137.4295
2021-08-23|137.9695|140.8745|137.6075|140.0415
2021-08-24|140.6115|142.08|140.3385|141.2615
2021-08-25|141.625|142.1895|141.376|142.079
2021-08-26|141.75|142.4175|141.357|141.4405
2021-08-27|141.6525|144.5125|141.497|144.004
2021-08-30|144.4|145.9705|144.163|144.5905
2021-08-31|145.147|145.1713|144.281|144.6975
2021-09-01|145|146.2538|144.8835|145.2155
2021-09-02|145.216|145.5193|143.1848|143.287
2021-09-03|143.0805|144.155|142.4005|143.7395
2021-09-07|143.8345|144.565|143.619|144.2805
2021-09-08|144.1|144.4|143|143.691
2021-09-09|143.8405|144.3105|143.1775|143.541
2021-09-10|144.2125|144.7185|140.7378|140.876
2021-09-13|141.9495|142.95|141.25|142.3325
2021-09-14|142.9953|143.363|141.75|142.5445
2021-09-15|142.7715|144.4505|141.3475|144.4295
2021-09-16|143.9505|144.3|142.4015|143.61
2021-09-17|143.0305|143.45|140.4698|140.8
2021-09-20|138.1615|139|136.3218|138.7195
2021-09-21|139.7495|140.0115|138.278|139.033
2021-09-22|139.304|140.887|138.5515|140.2835
2021-09-23|140.9875|141.6965|140.4015|141.216
2021-09-24|140.5385|142.3303|140.241|142.215
2021-09-27|140.8043|141.9385|140.0675|141.072
2021-09-28|138.655|139.0965|135.36|135.83
2021-09-29|136.98|137.151|133.865|134.3535
2021-09-30|134.2615|135.5425|133.556|133.676
2021-10-01|134.4475|136.9105|134.073|136.543
2021-10-04|135.9605|135.9605|131.05|133.6595
2021-10-05|134.041|137.2245|134.041|136.023
2021-10-06|134.75|137.75|134.55|137.565
2021-10-07|138.892|140.042|138.6512|139.225
2021-10-08|139.577|140.331|139.2175|139.7855
2021-10-11|139.292|140.712|138.859|138.914
2021-10-12|139.48|139.507|135.76|136.449
2021-10-13|137.4025|138|136.5188|137.582
2021-10-14|139.4738|141.3373|138.825|141.151
2021-10-15|141.6145|141.718|140.755|141.368
2021-10-18|141.0765|142.796|141.0695|142.778
2021-10-19|143.3875|143.6625|142.6|143.237
2021-10-20|143.338|143.5461|141.3765|141.769
2021-10-21|141.769|142.156|140.5|141.886
2021-10-22|139.15|140.5828|136.056|137.5665
2021-10-25|137.55|138|135.424|137.447
2021-10-26|139.2635|140.0829|138.3045|139.3085
2021-10-27|139.405|148.65|139.405|146.2175
2021-10-28|147.1345|147.158|144.6267|145.849
2021-10-29|145.078|148.242|144.6495|148.046
2021-11-01|148.046|148.046|143.2255|143.497
2021-11-02|144.5795|146.609|144.3355|145.4325
2021-11-03|145.9005|146.669|144.591|146.598
2021-11-04|147.1245|149.7335|146.308|148.2675
2021-11-05|149.1695|150.3275|148.197|148.852
2021-11-08|149.825|150.6148|148.4305|149.031
2021-11-09|149.233|149.8345|147.2448|148.9185
2021-11-10|147.5|148.07|144.5375|145.8935
2021-11-11|146.4895|147.5355|145.6005|145.7665
2021-11-12|146.6155|148.85|145.411|148.678
2021-11-15|148.9005|149.5495|147.575|148.452
2021-11-16|148.1495|148.7625|147.3125|147.876
2021-11-17|148.0275|148.5595|147.24|148.047
2021-11-18|148.2415|150.5805|147.8845|149.8385
2021-11-19|149.9754|150.9665|148.899|148.9265
2021-11-22|149.3325|149.8295|146.1475|146.302
2021-11-23|146.153|146.66|144.115|145.782
2021-11-24|145.4735|146.2493|144.373|146.12
2021-11-26|144.3485|144.5575|141.8425|142.183
2021-11-29|144|146.2975|143.8935|145.5305
2021-11-30|145.0085|146|141.6015|141.8975
2021-12-01|144|145.9503|140.912|141.0515
2021-12-02|141.25|143.8645|140.2145|142.966
2021-12-03|143.681|144.4|140.301|142.0015
2021-12-06|143.0405|143.8525|140.15|143.155
2021-12-07|145.5965|147.5312|145.2275|147.2695
2021-12-08|147.5965|148.393|146.406|148.1865
2021-12-09|147.591|149.1|147.115|147.6385
2021-12-10|148.7|148.9775|146.7037|148.0015
2021-12-13|147.7815|147.97|145.5175|145.8265
2021-12-14|143.968|144.48|141.2148|143.907
2021-12-15|143.409|146.721|141.6779|146.441
2021-12-16|147.1705|147.6768|143.607|144.445
2021-12-17|142.5|143.8345|141.3|141.725
2021-12-20|140|141.7745|139.321|141.607
2021-12-21|142.0535|143.869|140.5025|143.4725
2021-12-22|143.0675|146.5|143.0675|146.415
2021-12-23|146.5|148.2435|146.452|146.9165
2021-12-27|147.256|148.344|147.1693|147.9065
2021-12-28|148.236|148.299|146.0543|146.687
2021-12-29|146.6443|147.417|145.6475|146.655
2021-12-30|146.694|147.3|145.9945|146.2005
2021-12-31|146.05|146.6985|144.852|144.852
2022-01-03|145.055|145.851|143.7128|144.9915
2022-01-04|145.396|146.4849|143.7163|144.3995
2022-01-05|144.42|144.4994|137.688|137.775
2022-01-06|136.9985|139.94|136.5585|137.7475
2022-01-07|138.1455|138.4485|135.7665|137.017
2022-01-10|135.078|138.8195|133.1645|138.6695
2022-01-11|138.007|140.216|136.6923|139.736
2022-01-12|141.15|142.6078|140.6945|141.4305
2022-01-13|141.54|142.85|138.409|138.587
2022-01-14|137.079|140.742|136.9985|139.4805
2022-01-18|136.175|137.1315|135.4383|135.998
2022-01-19|136.5235|137.9595|135.0155|135.1165
2022-01-20|136.25|137.626|132.9647|133.3075
2022-01-21|132.5935|134.8655|130.0865|130.3515
2022-01-24|125.978|131.203|124.5|130.804
2022-01-25|128.74|129.399|126.5005|126.935
2022-01-26|131.119|133|127.142|129.233
2022-01-27|131.304|132.6523|128.9323|129.005
2022-01-28|129.659|133.3565|128.485|133.351
2022-01-31|134.162|135.473|132.2095|135.3035
2022-02-01|137.5945|137.7928|134.3685|137.644
2022-02-02|151.25|151.5466|145.5225|148
2022-02-03|145.7055|149.675|142.6653|143.09
2022-02-04|143.4446|144.875|140.515|143.293
2022-02-07|144.25|144.25|138.9|139.201
2022-02-08|139.0265|140|137.0139|139.399
2022-02-09|140.9635|142.5243|140.187|141.592
2022-02-10|139.7035|141.4845|137.957|138.62
2022-02-11|138.6|139.1563|133.4|134.2825
2022-02-14|133.2565|136.3|133.2565|135.526
2022-02-15|137.5705|138.1085|135.8215|136.6085
2022-02-16|136.6465|138.086|134.9238|137.738
2022-02-17|136.243|137.1135|132.4785|132.539
2022-02-18|133.467|134.07|130.1965|130.403
2022-02-22|129.8381|132.1803|128.2233|129.8135
2022-02-23|131.6485|132.051|127.5275|127.588
2022-02-24|124.9533|133|124.9533|132.691
2022-02-25|133.552|135.2715|131.7515|134.4595
2022-02-28|133.05|135.7515|132.5923|135.057
2022-03-01|134.8785|136.2555|133.2185|134.0615
2022-03-02|134.628|135.2625|133.0715|134.5715
2022-03-03|136.01|136.4395|133.0255|133.8995
2022-03-04|132.9275|133.8515|130.3375|131.9065
2022-03-07|131.488|131.735|126.295|126.3785
2022-03-08|126.25|131.25|125.6747|127.1045
2022-03-09|131.25|133.7355|129.9005|133.42
2022-03-10|131.266|133.2718|130.9125|132.4295
2022-03-11|133.4885|133.7955|129.6315|129.8705
2022-03-14|130.25|130.409|125.275|125.951
2022-03-15|126.976|129.8545|125.7205|129.198
2022-03-16|130.733|133.333|128.7345|133.2805
2022-03-17|133.149|134.0804|132.185|133.839
2022-03-18|133.4245|136.244|132.2583|136.1255
2022-03-21|136.1635|137.05|134.0923|136.1015
2022-03-22|136.1015|141.05|136.1015|139.868
2022-03-23|138.7025|139.5885|137.835|138.2755
2022-03-24|139.2|141.6188|137.7505|141.572
2022-03-25|141.916|142.035|139.7375|141.673
2022-03-28|140.9005|142.0025|139.8113|141.4555
2022-03-29|142.6475|143.7935|142.0383|142.5055
2022-03-30|142.46|142.7203|141.6|141.9385
2022-03-31|142.053|142.1078|139.0245|139.0675
2022-04-01|139.5|140.4708|138.3075|140.1505
2022-04-04|140.3585|143.712|140.3105|142.9715
2022-04-05|142.869|142.9905|140.3825|140.591
2022-04-06|138.75|139.3605|135.517|136.548
2022-04-07|136.01|137.1645|134.2274|135.8885
2022-04-08|135.5835|135.67|132.9655|133.2875
2022-04-11|131.8235|132.0925|128.6685|128.8235
2022-04-12|131.6|131.6|126.789|127.7145
2022-04-13|128|130.334|127.7413|129.894
2022-04-14|130.4795|130.4795|126.601|126.73
2022-04-18|127|128.2125|126.182|127.6765
2022-04-19|127.6915|130.333|126.9995|130.009
2022-04-20|130.892|131.399|127.5|128.04
2022-04-21|129.25|130.0985|124.5265|124.8145
2022-04-22|125|125.402|118.925|119.6355
2022-04-25|119.101|123.2775|118.511|123.074
2022-04-26|122.2945|122.51|118.511|118.65
2022-04-27|114.4693|117.242|112.7365|114.2945
2022-04-28|116.415|119.6495|114.115|118.5225
2022-04-29|116.7345|117.9198|113.8145|114.1095
2022-05-02|113.405|116.7455|112.6|116.583
2022-05-03|116.4305|118.4418|116.0345|117.334
2022-05-04|117.0315|122.8545|115.116|122.261
2022-05-05|120.204|121.039|115.0058|116.5055
2022-05-06|115.1845|117.5715|114.0155|115.7465
2022-05-09|113.25|115.0771|112.0005|112.511
2022-05-10|115.5075|116.25|112.9005|114.395
2022-05-11|113.2365|116.3644|113.2365|113.6025
2022-05-12|111.3775|114.295|109.8245|112.844
2022-05-13|114.533|117.875|113.605|116.0505
2022-05-16|114.9555|116.17|113.8895|114.445
2022-05-17|116.8405|116.9|114.8698|116.473
2022-05-18|115|115.4|111.5555|111.8995
2022-05-19|111.4315|113.01|110|110.384
2022-05-20|111.951|112.1835|105.7964|108.908
2022-05-23|109.5875|112.1475|108.741|111.488
2022-05-24|105.772|106.4583|101.8847|105.97
2022-05-25|104.9855|106.5|103.8565|105.805
2022-05-26|105.677|108.6495|105.2249|107.7925
2022-05-27|109.483|112.318|109.1383|112.3165
2022-05-31|112.7465|115.735|112.0785|113.762
2022-06-01|114.855|117.1016|113.25|113.892
2022-06-02|114|117.8995|112.9465|117.6225
2022-06-03|116.0625|116.3216|113.5185|114.541
2022-06-06|116.7045|119.347|116.164|116.8205
2022-06-07|115.4805|117.691|115.052|117.1495
2022-06-08|116.7615|118.5705|116.6|117.194
2022-06-09|116.3275|118.299|114.776|114.8355
2022-06-10|112.445|113.279|110.3661|111.1615
2022-06-13|106.7865|108.7915|106.1192|106.3925
2022-06-14|106.535|107.9245|105.8|106.7155
2022-06-15|108.545|111.4235|107.6695|109.7645
2022-06-16|107.221|108.6485|105.138|106.0335
2022-06-17|106.0335|108.6995|105.046|107.1435
2022-06-21|108.9295|112.4893|108.6|111.544
2022-06-22|110.5565|113.3465|110.3824|111.4875
2022-06-23|112.2315|112.7425|110.5005|112.242
2022-06-24|112.995|118.079|112.9525|117.975
2022-06-27|118.273|118.5795|115.1797|115.8335
2022-06-28|115.8025|117.3095|111.848|112.0075
2022-06-29|111.552|113.1603|110.8725|111.7015
2022-06-30|110|110.888|106.75|108.963
2022-07-01|107.933|109.25|106.7305|108.7375
2022-07-05|107.1005|113.3768|105.7315|113.263
2022-07-06|113.302|115.5895|111.476|114.572
2022-07-07|115.08|119.1895|114.8335|118.783
2022-07-08|117.25|119.685|116.9013|119.3535
2022-07-11|117.998|117.998|115.3305|115.6765
2022-07-12|116.215|116.974|113.6902|114.0205
2022-07-13|111.701|114.196|111.2015|111.3535
2022-07-14|110.2105|111.093|108.373|110.3675
2022-07-15|112.0005|113.1405|110.9|111.7775
2022-07-18|112.64|113.68|108.37|109.03
2022-07-19|110.85|114.02|109.56|113.81
2022-07-20|113.17|115.4|112.48|113.9
2022-07-21|114.28|114.55|111.1132|114.34
2022-07-22|111|112.34|106.5|107.9
2022-07-25|108.41|109.87|106.3|107.51
2022-07-26|106.6|107.2|104.07|105.02
2022-07-27|109.26|113.91|108.01|113.06
2022-07-28|112.37|114.34|111.46|114.22
2022-07-29|113.08|116.705|113.06|116.32
2022-08-01|115.3|116.72|114.34|114.86
2022-08-02|114|116.35|113.72|115.13
2022-08-03|115.71|118.62|115.48|118.08
2022-08-04|117.48|118.78|116.89|118.19
2022-08-05|116.23|118.1056|116|117.47
2022-08-08|118.39|120.15|116.88|117.3
2022-08-09|117.135|117.32|115.71|116.63
2022-08-10|118.78|120.92|118.41|119.7
2022-08-11|121.28|121.49|118.56|118.84
2022-08-12|120.26|121.68|119.46|121.68
2022-08-15|121.13|122.3|120.61|122.08
2022-08-16|121.52|122.43|120.64|121.7
2022-08-17|120.12|121.29|119.38|119.55
2022-08-18|119.43|120.82|118.72|120.17
2022-08-19|119.06|119.15|116.76|117.21
2022-08-22|115.2|115.63|113.85|114.24
2022-08-23|113.475|115.01|113.43|113.86
2022-08-24|113.5|114.78|112.8701|113.69
2022-08-25|114.235|116.72|114.11|116.65
2022-08-26|114.72|115.12|110.19|110.34
2022-08-29|109.99|110.95|108.8|109.42
2022-08-30|110.17|110.5|107.8|108.94
2022-08-31|110.65|110.85|108.13|108.22
2022-09-01|108.28|110.445|107.36|109.74
2022-09-02|110.59|110.74|107.26|107.85
2022-09-06|107.3|108.03|105.78|106.81
2022-09-07|107.06|109.98|106.9|109.45
2022-09-08|108.04|109.6|107.16|108.38
2022-09-09|109.065|110.99|109.02|110.65
2022-09-12|110.99|111.62|109.93|110.86
2022-09-13|107.8|108.3|104.09|104.32
2022-09-14|104.57|105.275|103.66|105
2022-09-15|104.03|105.27|102.35|102.91
2022-09-16|102.07|103.13|100.94|102.8
2022-09-19|101.75|103.33|101.55|103.07
2022-09-20|102.08|102.37|100.52|101.14
2022-09-21|101.67|102.88|99.27|99.28
2022-09-22|98.82|101.24|98.79|100.14
2022-09-23|99.63|99.66|97.47|98.74
2022-09-26|98.1|99.88|97.8|98.17
2022-09-27|99.43|100|96.872|97.5
2022-09-28|97.65|100.7|97.11|100.05
2022-09-29|98.64|98.64|95.96|97.42
2022-09-30|97.05|98.9|95.56|95.65
2022-10-03|96.76|99.2872|96.521|98.64
2022-10-04|100.44|101.84|100.38|101.64
2022-10-05|99.825|101.93|98.8|101.43
2022-10-06|100.68|102.9254|100.59|101.42
2022-10-07|99.85|100.53|98.295|98.68
2022-10-10|99|99.095|97.01|97.86
2022-10-11|97.43|99.245|96.31|97.18
2022-10-12|97.3|98.75|96.735|97.56
2022-10-13|95.15|99.775|94.3836|99.06
2022-10-14|99.99|100.69|96.37|96.56
2022-10-17|98.86|100.93|98.83|99.97
2022-10-18|103.13|103.47|99.97|100.77
2022-10-19|100.01|101.0183|98.9201|99.63
2022-10-20|100|102.32|99.39|99.97
2022-10-21|97.845|101.31|97.72|101.13
2022-10-24|101.8|102.75|99.98|102.52
2022-10-25|102.9|104.82|102.72|104.48
2022-10-26|96.43|98.31|94.69|94.93
2022-10-27|94.52|95.43|91.8|92.22
2022-10-28|92.27|96.55|92.13|96.29
2022-10-31|95.42|96.03|93.98|94.51
2022-11-01|95.45|96.03|90.37|90.47
2022-11-02|90.94|91.18|86.88|86.97
2022-11-03|86.32|86.52|83.34|83.43
2022-11-04|85.4|86.64|83.71|86.58
2022-11-07|87.28|88.9|86.85|88.49
2022-11-08|88.9|90.32|87.5901|88.9
2022-11-09|88.45|89.435|87.28|87.32
2022-11-10|92.25|94.39|91.61|93.94
2022-11-11|94.69|96.93|93.92|96.41
2022-11-14|95.09|96.79|94.51|95.7
2022-11-15|98.26|100.14|96.71|98.44
2022-11-16|97.9|99.6375|97.64|98.85
2022-11-17|96.97|99.28|96.79|98.36
2022-11-18|98.77|98.9|96.37|97.43
2022-11-21|97.29|98.4|95.355|95.6
2022-11-22|95.95|97.22|94.05|97.05
2022-11-23|97.09|98.76|97.09|98.46
2022-11-25|98.24|98.64|97.4|97.46
2022-11-28|97.0363|97.58|95.61|96.05
2022-11-29|95.73|96.12|94.11|95.19
2022-11-30|94.82|101.04|94.42|100.99
2022-12-01|101.02|102.25|100.25|100.99
2022-12-02|99.05|100.77|98.9|100.44
2022-12-05|99.4|101.38|99|99.48
2022-12-06|99.3|99.78|96.42|96.98
2022-12-07|96.41|96.8811|94.715|94.94
2022-12-08|95.38|95.58|93.45|93.71
2022-12-09|93.77|94.26|92.75|92.83
2022-12-12|92.71|93.56|91.61|93.31
2022-12-13|97.76|99.53|95.03|95.63
2022-12-14|95.2|96.87|93.6|95.07
2022-12-15|93.13|93.64|90.01|90.86
2022-12-16|90.76|91.33|89.52|90.26
2022-12-19|90.255|90.56|88.21|88.44
2022-12-20|88.11|89.175|87.4401|89.02
2022-12-21|89.08|90.22|88.32|89.58
2022-12-22|88.16|88.54|86.32|87.76
2022-12-23|87.11|89.545|87.07|89.23
2022-12-27|88.795|88.94|87.01|87.39
2022-12-28|86.98|88.04|85.94|86.02
2022-12-29|86.62|88.845|86.61|88.45
2022-12-30|86.98|88.3|86.57|88.23
2023-01-03|89.585|91.05|88.52|89.12
2023-01-04|90.35|90.65|87.271|88.08
2023-01-05|87.47|87.57|85.9|86.2
2023-01-06|86.79|87.69|84.86|87.34
2023-01-09|88.36|90.05|87.86|88.02
2023-01-10|85.98|88.67|85.83|88.42
2023-01-11|89.18|91.6|89.01|91.52
2023-01-12|91.48|91.87|89.75|91.13
2023-01-13|90.85|92.19|90.1299|92.12
2023-01-17|92.06|92.25|90.05|91.29
2023-01-18|92.14|92.7999|90.64|91.12
2023-01-19|90.72|93.605|90.63|93.05
2023-01-20|95.1|98.3|95.02|98.02
2023-01-23|97.95|100.04|97.5|99.79
2023-01-24|98.1|99.61|97.2|97.7
2023-01-25|95.57|96.162|93.76|95.22
2023-01-26|96.5|97.57|95.38|97.52
2023-01-27|97.31|100.32|97.31|99.37
2023-01-30|97.48|98.29|96.395|96.94
2023-01-31|96.87|98.88|96.82|98.84
2023-02-01|98.71|101.19|97.58|100.43
2023-02-02|105.8|107.85|105.61|107.74
2023-02-03|102.93|107.81|102.58|104.78
2023-02-06|102.4|104.36|101.88|102.9
2023-02-07|103.22|108.18|103.12|107.64
2023-02-08|102.05|103.14|98.035|99.37
2023-02-09|100|100.03|93.63|95.01
2023-02-10|95.45|96.75|94.25|94.57
2023-02-13|94.74|95.2|93.84|94.61
2023-02-14|94.43|94.845|92.26|94.68
2023-02-15|94.49|97.12|94.15|96.94
2023-02-16|95.37|97.68|94.74|95.51
2023-02-17|94.85|95.5599|93.21|94.35
2023-02-21|93|93.1|91.72|91.79
2023-02-22|91.7|92.11|90.61|91.65
2023-02-23|91.92|91.94|89.76|90.89
2023-02-24|89.44|89.89|88.575|89.13
2023-02-27|89.87|90.16|89.335|89.87
2023-02-28|89.33|91.23|89.32|90.06
2023-03-01|89.98|91.03|89.67|90.36
2023-03-02|89.66|92.275|89.59|92
2023-03-03|92.48|93.73|92.45|93.65
2023-03-06|94.015|95.97|94|95.13
2023-03-07|94.98|95.67|93.53|93.86
2023-03-08|94.12|95.955|94|94.25
2023-03-09|94.05|95.53|91.9|92.32
2023-03-10|92.17|92.79|90.395|90.63
2023-03-13|90.09|92.57|89.42|91.11
2023-03-14|92.56|94.36|92.44|93.97
2023-03-15|93.22|96.93|92.64|96.11
2023-03-16|96.2|101.19|95.5|100.32
2023-03-17|100.26|102.835|100.1|101.62
2023-03-20|100.12|101.75|99.87|101.22
2023-03-21|101.25|105.1|101.22|104.92
2023-03-22|104.27|106.59|103.33|103.37
2023-03-23|105.06|106.3|104.46|105.6
2023-03-24|104.99|105.49|103.84|105.44
2023-03-27|104.615|104.76|101.9273|102.46
2023-03-28|102.44|102.45|99.74|101.03
2023-03-29|102.28|102.49|100.65|101.39
2023-03-30|100.91|101.155|99.78|100.89
2023-03-31|101.3|103.89|101.04|103.73
2023-04-03|102.39|104.53|101.93|104.36
2023-04-04|104.33|105.58|104.04|104.72
2023-04-05|105.78|106.1|103.66|104.47
2023-04-06|105.26|109.17|104.33|108.42
2023-04-10|106.98|107.59|105.12|106.44
2023-04-11|106.55|106.73|104.68|105.35
2023-04-12|106.58|106.75|104.34|104.64
2023-04-13|105.84|107.49|105.84|107.43
2023-04-14|106.89|108.94|106.84|108.87
2023-04-17|104.658|106.16|104.52|105.97
2023-04-18|106.49|106.54|104.07|104.5
2023-04-19|103.58|104.98|103.07|104.18
2023-04-20|103.91|106.25|103.8684|105.29
2023-04-21|105.47|106|104.78|105.41
2023-04-24|105.49|106.63|104.7|105.97
2023-04-25|105.825|106.69|103.84|103.85
2023-04-26|104.92|106.35|102.63|103.71
2023-04-27|104.45|108.37|103.54|107.59
2023-04-28|107.04|107.35|105.09|107.34
2023-05-01|106.84|107.99|106.82|107.2
2023-05-02|107.14|107.2|103.71|105.32
2023-05-03|105.53|107.49|104.96|105.41
2023-05-04|105.485|105.6|103.97|104.69
2023-05-05|104.82|105.88|104.11|105.57
2023-05-08|105.18|107.96|105.16|107.77
2023-05-09|108.39|110.15|107.19|107.35
2023-05-10|107.97|112.94|107.93|111.75
2023-05-11|115.395|117.92|114.41|116.57
2023-05-12|116.68|118.03|116.11|117.51
2023-05-15|116.11|118.48|116.01|116.51
2023-05-16|116.49|120.75|116.43|119.51
2023-05-17|119.61|121.67|118.89|120.84
2023-05-18|120.95|123.31|120.83|122.83
2023-05-19|123.55|125.97|122.15|122.76
2023-05-22|122.94|126.43|122.74|125.05
2023-05-23|124.16|124.625|122.2104|122.56
2023-05-24|121.12|121.91|119.86|120.9
2023-05-25|124.52|125.32|121.96|123.48
2023-05-26|123.17|125.26|122.45|124.61
2023-05-30|125.37|125.53|122.02|122.04
2023-05-31|122.75|124.0601|122.5|122.87
2023-06-01|122.815|124.42|122.62|123.72
2023-06-02|123.99|126.15|123.76|124.67
2023-06-05|124.01|127.43|123.84|126.01
2023-06-06|126.01|128.29|125.36|127.31
2023-06-07|126.97|129.04|122.12|122.5
2023-06-08|122.225|123.225|121.24|122.14
2023-06-09|122.25|123.755|121.91|122.23
2023-06-12|122.785|124.05|121.66|123.64
2023-06-13|124.98|125.16|123.18|123.83
2023-06-14|123.1|124.05|121.45|123.67
2023-06-15|123.14|125.46|122.4|125.09
2023-06-16|125.93|126.108|123.28|123.53
2023-06-20|122.93|124.57|122.14|123.1
2023-06-21|122.4|122.66|120.1|120.55
2023-06-22|120|123.24|118.83|123.15
2023-06-23|121.38|122.7879|121.06|122.34
2023-06-26|120.76|122|118.265|118.34
2023-06-27|117.08|119.08|116.1|118.33
2023-06-28|117.09|120.39|116.85|120.18
2023-06-29|119.24|120.06|118.295|119.1
2023-06-30|120.17|121.08|119.69|119.7
2023-07-03|119.24|120.19|118.8182|119.9
2023-07-05|119.24|122.61|119.23|121.75
2023-07-06|119.795|120.3|118.4|120.11
2023-07-07|120.1|121.05|119.4|119.48
2023-07-10|118.3|118.305|116.135|116.45
2023-07-11|116.29|117.71|115.35|117.14
2023-07-12|118.8|120.33|118.4145|118.93
2023-07-13|120.93|124.83|120.45|124.54
2023-07-14|124.8|126.775|123.49|125.42
2023-07-17|125.94|127.0999|124.195|124.65
2023-07-18|124.6|124.68|122.96|123.76
2023-07-19|124.6|125.18|121.8|122.03
2023-07-20|121.42|124.09|118.22|119.2
2023-07-21|120.62|120.99|118.73|120.02
2023-07-24|121.66|123|120.98|121.53
2023-07-25|121.36|123.145|121.02|122.21
2023-07-26|130.07|130.98|128.32|129.27
2023-07-27|131.67|133.24|128.79|129.4
2023-07-28|130.78|133.74|130.57|132.58
2023-07-31|132.73|133.525|131.775|132.72
2023-08-01|130.775|132.63|130.68|131.55
2023-08-02|129.45|130.09|127.56|128.38
2023-08-03|127.97|129.385|127.42|128.45
2023-08-04|129.28|131.51|127.91|128.11
2023-08-07|129.16|131.61|129.02|131.53
2023-08-08|130.62|131.51|129.545|131.4
2023-08-09|131.66|132.04|129|129.66
2023-08-10|131.32|132.05|129.45|129.69
2023-08-11|128.66|129.93|128.17|129.56
2023-08-14|129.39|131.37|128.96|131.33
2023-08-15|131.1|131.42|129.28|129.78
2023-08-16|128.7|130.2809|127.865|128.7
2023-08-17|129.8|131.99|129.29|129.92
2023-08-18|128.51|129.25|126.3824|127.46
2023-08-21|127.175|128.725|126.56|128.37
2023-08-22|128.51|130.278|128.32|129.08
2023-08-23|130.18|133.41|129.87|132.37
2023-08-24|133.95|134.25|129.57|129.78
2023-08-25|129.54|130.76|127.25|129.88
2023-08-28|131.31|132.54|130.14|131.01
2023-08-29|132.24|136.57|132.24|134.57
2023-08-30|134.78|136.275|134.07|135.88
2023-08-31|136.01|138|135.79|136.17
2023-09-01|137.455|137.455|134.85|135.66
2023-09-05|135.44|136.42|134.5801|135.77
2023-09-06|136.02|136.5299|133.665|134.46
2023-09-07|133.59|135.58|132.95|135.26
2023-09-08|134.91|136.66|134.85|136.38
2023-09-11|136.54|137.48|135.785|136.92
2023-09-12|136.26|136.8701|135.19|135.34
2023-09-13|135.09|136.9|134.15|136.71
2023-09-14|137.6|138.695|136.24|138.1
2023-09-15|137.98|138.52|136.48|137.4
2023-09-18|136.61|139.16|136.61|138.21
2023-09-19|137.42|138.41|136.62|138.04
2023-09-20|138.08|138.08|133.62|133.74
2023-09-21|131.44|132.23|130.07|130.44
2023-09-22|130.76|132.025|129.6|130.25
2023-09-25|129.83|131.17|128.96|131.11
2023-09-26|129.77|130.3645|127.22|128.565
2023-09-27|128.57|130.895|128.57|130.54
2023-09-28|129.84|133.3|129.79|132.31
2023-09-29|133.28|134.05|130.36|130.86
2023-10-02|131.21|134.42|131.17|134.17
2023-10-03|133.94|134.26|131.84|132.43
2023-10-04|132.79|135.57|132.53|135.24
2023-10-05|135.07|135.49|133.45|135.07
2023-10-06|134.01|138.155|134.01|137.58
2023-10-09|136.94|138.94|135.61|138.42
2023-10-10|138.5|139.72|137.33|138.06
2023-10-11|138.58|141.11|138.58|140.55
2023-10-12|141.05|141.22|138.26|138.97
2023-10-13|139.38|140|136.615|137.36
2023-10-16|138.17|139.63|137.99|139.095
2023-10-17|138.63|139.9|137.18|139.72
2023-10-18|139.445|140.72|137.38|137.96
2023-10-19|138.5|139.66|137.38|137.75
2023-10-20|137.33|137.87|135.08|135.6
2023-10-23|135.04|137.6599|133.95|136.5
2023-10-24|137.83|139.3599|137.42|138.81
2023-10-25|128.16|128.31|125.07|125.61
2023-10-26|123.27|124.3297|121.27|122.28
2023-10-27|122.88|123.31|120.2057|122.17
2023-10-30|123.21|127.78|120.53|124.46
2023-10-31|125.06|125.37|122.685|124.08
2023-11-01|124.07|126.49|123.715|126.45
2023-11-02|128.42|128.98|126.93|127.49
2023-11-03|128.02|129.525|127.86|129.1
2023-11-06|129.05|130.34|128.67|130.25
2023-11-07|130.71|131.91|129.88|130.97
2023-11-08|130.97|132.21|130.78|131.84
2023-11-09|131.96|132.55|130.065|130.24
2023-11-10|130.105|132.8|129.41|132.59
2023-11-13|131.78|132.59|131.25|132.09
2023-11-14|134.19|135.7|133.32|133.62
2023-11-15|134.87|135.03|133.57|134.62
2023-11-16|135.19|137.2199|134.32|136.93
2023-11-17|136|136.06|133.65|135.31
2023-11-20|133.69|136.66|133.62|136.25
2023-11-21|136.29|137.18|135.96|136.97
2023-11-22|137.47|139.42|137.47|138.49
2023-11-24|138.03|138.13|135.99|136.69
2023-11-27|136.03|138.42|136|136.41
2023-11-28|136.08|137.25|135.4222|137.2
2023-11-29|137.57|138.288|134.84|134.99
2023-11-30|135.05|135.55|131.28|132.53
2023-12-01|131.86|132.11|130.665|131.86
2023-12-04|129.88|130.03|127.9|129.27
2023-12-05|128.95|132.14|128.25|130.99
2023-12-06|131.44|131.84|129.875|130.02
2023-12-07|135.04|138.56|134.7|136.93
2023-12-08|134.2|136.4|134.025|134.99
2023-12-11|132.38|133.335|131.36|133.29
2023-12-12|131.81|133|131.26|132.52
2023-12-13|133.38|133.5|131.57|132.57
2023-12-14|133.38|133.72|129.685|131.94
2023-12-15|131.62|133.51|131.18|132.6
2023-12-18|132.63|137.1478|132.43|135.8
2023-12-19|136.84|137.47|136.08|136.65
2023-12-20|138.97|141.695|138.065|138.34
2023-12-21|139.49|140.685|139.18|140.42
2023-12-22|140.77|141.99|140.71|141.49
2023-12-26|141.59|142.68|141.19|141.52
2023-12-27|141.59|142.08|139.886|140.37
2023-12-28|140.78|141.14|139.75|140.23
2023-12-29|139.63|140.36|138.78|139.69
2024-01-02|138.55|139.45|136.48|138.17
2024-01-03|137.25|139.63|137.08|138.92
2024-01-04|138.42|139.16|136.35|136.39
2024-01-05|136.745|137.1558|135.15|135.73