2018-08-01|238.5|239.4|235.78|236.04
2018-08-02|233.93|235.21|232.77|233.99
2018-08-03|234.44|235.52|233.49|234.09
2018-08-06|234.14|236.98|234.03|235.93
2018-08-07|237.25|239.46|236.49|237.83
2018-08-08|238.12|239.16|236.23|236.37
2018-08-09|236.35|236.845|233.39|233.78
2018-08-10|230.97|231.455|228.11|229.61
2018-08-13|229.49|229.89|226.57|226.86
2018-08-14|227.35|230.37|227.3|229.56
2018-08-15|229.35|231.54|228.31|229.25
2018-08-16|230.67|233.29|230.45|233
2018-08-17|232.51|233.72|231.64|233.38
2018-08-20|234.13|235.975|234.075|235.78
2018-08-21|235.29|239.53|235.29|238.65
2018-08-22|237.89|239.67|237.58|239.34
2018-08-23|239.05|239.28|235.84|236.34
2018-08-24|237.36|237.8|234.7|235.11
2018-08-27|236.99|243.65|236.56|242.6
2018-08-28|243.06|245.08|241.59|242.37
2018-08-29|242.05|242.79|240.31|241.4
2018-08-30|240.8|241.12|238.68|239.4
2018-08-31|238.94|239.35|237.12|237.81
2018-09-04|237.76|238.12|234.59|237.66
2018-09-05|237.01|239.4497|236.17|237.56
2018-09-06|237|238.63|233.88|234.52
2018-09-07|235.05|235.64|232.68|233.91
2018-09-10|235.01|235.5|231.74|231.91
2018-09-11|230.67|231.65|228.66|230.21
2018-09-12|230.91|231.99|227.3017|228.15
2018-09-13|229.5|229.85|227.57|228.33
2018-09-14|229.08|230.55|228.76|229.24
2018-09-17|229.4|230.16|227.3|227.89
2018-09-18|228.35|229.4|226.57|228.89
2018-09-19|229.9|236.28|229.52|235.58
2018-09-20|237|238.51|236.03|237.4
2018-09-21|238.06|238.52|234.83|235.34
2018-09-24|234.74|235.74|232.24|232.9
2018-09-25|234.64|234.64|232.225|232.5
2018-09-26|232.96|233|228.24|228.88
2018-09-27|228.77|229.85|227.52|227.74
2018-09-28|225.75|227.4|223.8|224.24
2018-10-01|226.22|227.59|225|225.33
2018-10-02|225.28|226.33|223.97|226.07
2018-10-03|227.75|229.77|226.58|227.78
2018-10-04|229.26|231.4|225.39|227.48
2018-10-05|228|228.41|224.21|225.71
2018-10-08|224.26|226.917|222.5|225.35
2018-10-09|224.99|225.12|222.53|222.91
2018-10-10|223.24|223.64|214.56|214.89
2018-10-11|214.2|216.03|210.95|212.97
2018-10-12|217|217.98|211.46|213.87
2018-10-15|214.45|217.14|213.05|215.22
2018-10-16|219.35|222|216.3005|221.7
2018-10-17|220.53|228.9|220.05|228.28
2018-10-18|227.5|228.73|223.8601|224.95
2018-10-19|225.26|228.3|224.191|226.96
2018-10-22|226.93|228.87|221.52|221.6
2018-10-23|216.59|219.5236|214.32|218.56
2018-10-24|218.14|218.93|208.4|209.18
2018-10-25|211.27|215.69|210.3363|214.01
2018-10-26|210.73|214.8|209.5275|212.36
2018-10-29|214.15|218.21|212.05|214.49
2018-10-30|215.99|220.35|215.04|219.28
2018-10-31|221.89|229|221.4|225.37
2018-11-01|225.76|228.88|225.47|226.97
2018-11-02|230|231.69|226.29|229.69
2018-11-05|228.32|231.095|226.95|228.72
2018-11-06|228.19|229.52|227.05|228.2
2018-11-07|230.05|232.7958|226.9025|231.28
2018-11-08|231|234.06|230.6|231.65
2018-11-09|231.69|231.69|222.3|222.65
2018-11-12|222|222.31|205.13|206.05
2018-11-13|204.4|209.5858|202.33|205.05
2018-11-14|206.24|207.34|198.44|202.49
2018-11-15|201.8|204.5|199.32|203.74
2018-11-16|202.93|204.7442|200.35|202.12
2018-11-19|201.83|202.3|197.35|198.22
2018-11-20|195.1|195.89|190.345|191.34
2018-11-21|192.09|195.24|191.19|192.6
2018-11-23|191.61|191.87|188.94|189.1
2018-11-26|191.17|195.23|190.69|194.34
2018-11-27|193.4|194.62|191.564|193.65
2018-11-28|194.84|198.45|192.23|198.35
2018-11-29|196.02|197.45|193.16|194.85
2018-11-30|190.57|191.45|188.12|190.69
2018-12-03|194|195.66|191.62|191.63
2018-12-04|190.69|191.11|183.63|184.31
2018-12-06|181.33|184.88|180.15|184.09
2018-12-07|183.85|186.25|179|179.67
2018-12-10|178.6|179.84|174.68|178.83
2018-12-11|182.15|184.43|175.45|176.8
2018-12-12|178.5|180|176.48|176.7
2018-12-13|177.83|178.69|175.12|175.92
2018-12-14|174.34|176.26|172.37|172.77
2018-12-17|169.4|171.43|166.53|168.01
2018-12-18|169.78|173.02|169.32|171.5
2018-12-19|171.59|174.85|167.6|169.25
2018-12-20|168.39|171.65|167.16|168.41
2018-12-21|168.25|169.63|159.42|160.05
2018-12-24|159|160|154.31|156.35
2018-12-26|157|163.11|151.7|162.93
2018-12-27|160.12|165.41|159.02|165.41
2018-12-28|165.64|165.95|162.02|163.03
2018-12-31|163.78|167.12|163.78|167.05
2019-01-02|164.33|172.25|163.35|172.03
2019-01-03|170.66|171.77|168.29|169.51
2019-01-04|172.99|176|171.1|175.05
2019-01-07|175.23|177.825|172.27|176.02
2019-01-08|177.78|178.0999|172.9|175.37
2019-01-09|176.1|177.69|174.91|176.47
2019-01-10|175.66|178.07|175.5|176
2019-01-11|175.1|177.04|172.42|176.93
2019-01-14|174.52|179.54|174.1|178.72
2019-01-15|178.32|179.99|176.4|179.91
2019-01-16|187|198.15|185.6|197.08
2019-01-17|195.95|199.8|192.83|199.09
2019-01-18|200.38|203|196.91|202.54
2019-01-22|200.5|201.47|195.92|197.68
2019-01-23|197.55|198.09|194.53|196.9
2019-01-24|196.22|199.68|195.76|197.8
2019-01-25|199.83|201.19|199.42|200.74
2019-01-28|197.99|200.07|197.1|199.72
2019-01-29|199|201.97|197.87|200.5
2019-01-30|200.9|203.29|199.65|202.48
2019-01-31|200.1|202.35|196.95|198.01
2019-02-01|198|199.64|196.54|196.54
2019-02-04|195.8|197.76|194.786|197.72
2019-02-05|198.12|199.325|196.86|198.01
2019-02-06|197.18|199.06|195.83|196.62
2019-02-07|195.28|195.88|191.05|193.07
2019-02-08|191.72|192.62|188.2158|191.67
2019-02-11|192.88|193.32|191.07|191.33
2019-02-12|193.05|195.65|193|194.49
2019-02-13|195.92|198.78|194.6|194.69
2019-02-14|192.21|194.13|189.44|192.53
2019-02-15|193.21|198.8899|193.1|198.5
2019-02-19|196.66|199.06|195.61|198.67
2019-02-20|198.73|199.3|197.51|198.6
2019-02-21|198.97|199.45|195.05|196.36
2019-02-22|196.6|197.75|195.2|196
2019-02-25|198|201.5|197.7139|198.65
2019-02-26|198.47|200.56|196.55|198.9
2019-02-27|198.5|199.89|197.12|198.1
2019-02-28|198.04|198.4|196.01|196.7
2019-03-01|198.75|201.44|197.43|198.2
2019-03-04|198.81|200.83|194.15|195.98
2019-03-05|195.85|196.18|193|196
2019-03-06|195.9|197.5634|194.53|194.74
2019-03-07|193.13|193.45|190.08|192.77
2019-03-08|190.4|195.765|189.7118|195.24
2019-03-11|197.23|198.97|195.73|195.97
2019-03-12|196|197.3976|195.69|196.63
2019-03-13|197.75|198.93|196.52|197.25
2019-03-14|197.32|198.5|196.7|197.47
2019-03-15|197.16|198.85|196.8507|198.26
2019-03-18|199.18|203.85|198.92|202.47
2019-03-19|204.88|206.45|200.78|201.12
2019-03-20|200.33|200.33|193.97|194.32
2019-03-21|192.9|195.55|191.75|194.58
2019-03-22|192.67|193.71|187.78|188.96
2019-03-25|189.33|191.45|186.5|188.51
2019-03-26|190.03|192.41|188.69|190.69
2019-03-27|190.6|191.61|188.74|190.03
2019-03-28|190.74|191.9086|189.29|191.18
2019-03-29|192.68|193.105|191.14|191.99
2019-04-01|194|198.09|193.61|196.74
2019-04-02|196.24|197.76|195.4|197.5
2019-04-03|199.25|201.09|198.54|200.86
2019-04-04|200.8|204.29|200.5|202.23
2019-04-05|203.38|205.5|202.06|202.38
2019-04-08|202.79|203.63|201.18|202.54
2019-04-09|201.23|201.59|198.86|200.62
2019-04-10|201.8|203.17|200.2736|202.98
2019-04-11|204.23|205.45|201.57|202.83
2019-04-12|207|209.97|206.37|207.84
2019-04-15|204.11|205.7356|199.7|199.91
2019-04-16|199.62|202.94|199.24|201.84
2019-04-17|201.96|208.5|201.78|207.9
2019-04-18|207.09|207.86|205.15|205.91
2019-04-22|205.12|205.59|204.14|204.6
2019-04-23|204.25|205.19|202.74|204.14
2019-04-24|203|203.52|199.73|200.54
2019-04-25|199.7|202.56|199.1|201.4
2019-04-26|201.73|203.12|200.32|203.08
2019-04-29|203.5|208|203.27|206.92
2019-04-30|206.94|207.9899|204.15|205.92
2019-05-01|206.4|208.4086|204.03|204.73
2019-05-02|204.43|206.22|203.12|204.99
2019-05-03|206.01|208.75|205.67|207.52
2019-05-06|202.8|206.98|201.71|206.43
2019-05-07|203.34|204|201.01|202.63
2019-05-08|201.4|203.2|200.795|200.95
2019-05-09|199.51|202.22|197.91|201.63
2019-05-10|200.98|202.1|198.99|202.05
2019-05-13|197.9|197.9|194|194.97
2019-05-14|194.99|198.13|194.9|196.28
2019-05-15|194.64|197.59|193.42|196.4
2019-05-16|196.63|200|196.6231|199.14
2019-05-17|196.3|199.09|196.3|197.43
2019-05-20|197.09|197.78|195.57|197.24
2019-05-21|198.66|199.32|198.0005|199.11
2019-05-22|197.44|198.48|195.46|195.52
2019-05-23|193|193|189.56|191.97
2019-05-24|192.89|194.07|191.68|193
2019-05-28|192|193.31|189.39|189.44
2019-05-29|187.74|188.65|184.92|188.05
2019-05-30|188.09|189.3698|186.01|187.37
2019-05-31|184.77|184.89|182.31|182.49
2019-06-03|181.7|183.49|180.73|183.19
2019-06-04|186.18|189.99|185.71|189.88
2019-06-05|190.1|190.16|187.01|188.44
2019-06-06|188.06|190.74|187.31|189.81
2019-06-07|189.88|190.61|188.52|189.81
2019-06-10|191.4|197|191.4|194.12
2019-06-11|195.3|196.1153|193.51|194.73
2019-06-12|193.61|194.0507|189.83|190.22
2019-06-13|190.41|192.25|190.07|191.45
2019-06-14|191.29|192.17|189.31|191.66
2019-06-17|192.02|193.23|190.74|190.83
2019-06-18|190.67|197.13|190.67|194.98
2019-06-19|195.35|197.61|194.79|195.64
2019-06-20|197.5|198.19|193.61|195.7
2019-06-21|195.34|198.34|193.97|195.94
2019-06-24|196.53|199.35|196.03|197.49
2019-06-25|197.5|197.52|194.0142|196.06
2019-06-26|196.5|197.87|196.12|197.01
2019-06-27|197.57|199.605|196.76|199.32
2019-06-28|203.5|205.84|202.94|204.6
2019-07-01|208|209.85|205.735|206.86
2019-07-02|205.4|206.305|204.16|205.98
2019-07-03|207.3|207.4|205.23|206.04
2019-07-05|206.86|208.76|206.2|207.9
2019-07-08|206.36|207.25|204.705|205.75
2019-07-09|203.75|207.94|203.54|207.77
2019-07-10|207.18|208.99|205.65|205.97
2019-07-11|206.2|212.59|206|211.35
2019-07-12|212|214.19|210.79|213.94
2019-07-15|214.11|214.6|209.79|211.58
2019-07-16|214.8|217.33|212.55|215.52
2019-07-17|213.83|215.775|213.16|213.3
2019-07-18|212.71|215.83|211.75|214.52
2019-07-19|214.02|215.77|213.35|213.52
2019-07-22|213.4|214.86|212.31|214
2019-07-23|214.95|220|214.95|219.43
2019-07-24|219.25|222.09|218.63|222.03
2019-07-25|221.77|221.77|218.23|219.98
2019-07-26|220.45|222.24|220.37|222.14
2019-07-29|221|222.13|220.2|220.32
2019-07-30|218.49|221.99|217.33|221.4
2019-07-31|221.24|221.98|219.01|220.13
2019-08-01|219.35|219.95|210.76|211.6
2019-08-02|211.58|211.58|205.31|209.37
2019-08-05|205.82|205.82|199.58|201.68
2019-08-06|203.56|206.07|200.89|206.01
2019-08-07|201.11|205.96|199.05|205.74
2019-08-08|207.17|207.8|203.54|207
2019-08-09|205.62|208.3|203.86|206.9
2019-08-12|203.28|204.15|200.48|201.1
2019-08-13|201.51|206.6|200.23|204.11
2019-08-14|199.8|199.9101|195.06|195.56
2019-08-15|195.91|196.965|193.71|196.18
2019-08-16|197.03|200.67|197|199.42
2019-08-19|203.81|204.45|201.82|202.2
2019-08-20|200.21|201.99|199.7|199.98
2019-08-21|202.74|203.02|200.17|200.68
2019-08-22|202.28|203.45|200.9101|202.42
2019-08-23|200.81|201.88|195.19|196.2
2019-08-26|198.27|199.71|197.9973|199.65
2019-08-27|200.33|200.8595|196.5|198.07
2019-08-28|196.57|201.47|196.25|200.42
2019-08-29|201.36|204.37|201.36|203.44
2019-08-30|204.85|205.21|203.01|203.91
2019-09-03|201.1|201.61|196.58|198.97
2019-09-04|201.49|202.1|200.05|201.73
2019-09-05|205.27|208.93|205.04|207.05
2019-09-06|207.06|208.25|205.57|207.21
2019-09-09|209.22|213.88|208.44|211.98
2019-09-10|213.5|217.09|213.22|215.63
2019-09-11|215.21|216.85|213.36|216.8
2019-09-12|216.38|220.76|215.15|218.74
2019-09-13|220.35|221.5|219.1988|219.9
2019-09-16|217.82|219.33|216.32|217.22
2019-09-17|215.8|216.14|212.54|215.91
2019-09-18|214.83|217.89|213.3|217.08
2019-09-19|217.58|217.93|215.06|215.23
2019-09-20|214.66|216.68|213.63|213.74
2019-09-23|212.85|214.11|211.56|213.46
2019-09-24|214.04|214.2|206.8|207.75
2019-09-25|207.96|211.09|207.45|210.03
2019-09-26|209.05|209.97|208.11|208.22
2019-09-27|209.85|210.55|208.09|208.97
2019-09-30|209.71|209.71|206.83|207.23
2019-10-01|207.01|209.38|202.61|202.69
2019-10-02|201.69|201.88|197.6|198.25
2019-10-03|197.61|198.37|193.99|197.24
2019-10-04|196.99|201.226|196.04|200.8
2019-10-07|200.79|202.53|199.47|200.4
2019-10-08|197.6|198.95|195.92|197.37
2019-10-09|198.19|198.98|196.68|196.85
2019-10-10|197.59|201.32|197.54|199.87
2019-10-11|203.72|207.29|203.72|204.68
2019-10-14|203.83|206.165|202.92|205.82
2019-10-15|202|208.24|198.61|206.46
2019-10-16|206.17|208.62|206.1|207.42
2019-10-17|208.29|208.93|204.39|206.46
2019-10-18|204.99|208.06|204.99|206.52
2019-10-21|208.67|210.86|207.68|209.25
2019-10-22|209.59|211.65|208.31|209.6
2019-10-23|209.22|212.0193|209|211.32
2019-10-24|211.61|213.145|209.775|211.05
2019-10-25|210.18|215.42|210.18|214.23
2019-10-28|216.32|218.92|215.69|217.75
2019-10-29|217.22|219.28|216.45|217.64
2019-10-30|217.02|217.05|213.81|215.81
2019-10-31|215.15|215.3625|211.32|213.38
2019-11-01|215.26|217.89|214.75|217.39
2019-11-04|219.7|220.69|218.57|219.87
2019-11-05|220.8|221.78|218.47|218.64
2019-11-06|218.01|219.07|216.55|218.42
2019-11-07|220.77|224.77|220.41|223.29
2019-11-08|223|223.23|221.1|222.91
2019-11-11|220.9|221.41|218.52|219.03
2019-11-12|218.56|221.11|217.9264|220.41
2019-11-13|218.39|219.84|217.01|219.32
2019-11-14|218.79|220.47|218.0301|219.43
2019-11-15|220|221.09|219.04|220.25
2019-11-18|219.73|219.95|218.04|219.73
2019-11-19|220.56|220.68|218.31|220.04
2019-11-20|218.36|219.4709|216.4|217.91
2019-11-21|218.6|219.32|216.82|218.23
2019-11-22|218|220.71|218|220.28
2019-11-25|220.89|223.95|220.89|222.75
2019-11-26|222.68|222.76|221.113|222.45
2019-11-27|223.45|224.28|221.86|222.95
2019-11-29|220.88|222|220.41|221.35
2019-12-02|220.97|221.8|217.08|217.64
2019-12-03|215.43|215.43|210|212.24
2019-12-04|213.54|216.99|212.38|215.94
2019-12-05|217.15|217.63|215.4185|217.14
2019-12-06|219.95|225.4|218.815|224.61
2019-12-09|224.61|224.65|221.77|221.81
2019-12-10|221.67|222.88|220.55|221.88
2019-12-11|222.25|222.85|220.84|221.19
2019-12-12|221.91|226.7762|220.6|226.05
2019-12-13|226.72|227.99|223.7023|225
2019-12-16|228.5|230.7|227.87|228.04
2019-12-17|230|232.07|228.8|231.15
2019-12-18|231.97|232.195|229.94|230.45
2019-12-19|230.95|231.39|228.96|229.94
2019-12-20|230.96|231.29|228.62|228.93
2019-12-23|229.66|230.48|228.41|229.09
2019-12-24|228.98|229.95|228.37|229.91
2019-12-26|230.26|232.1999|229.99|231.21
2019-12-27|231.81|232.21|230.47|230.66
2019-12-30|231.68|231.68|229.5|229.8
2019-12-31|229.71|229.97|228.67|229.93
2020-01-02|231|234.64|230.16|234.32
2020-01-03|231.6|232.61|230.3|231.58
2020-01-06|229.93|234.02|229.49|233.95
2020-01-07|235|237.77|234.76|235.49
2020-01-08|235.68|239.75|235.48|237.76
2020-01-09|241.34|243.4|239.82|242.6
2020-01-10|242.75|243.39|241.39|242.11
2020-01-13|244.44|246.11|243|245.21
2020-01-14|245.32|248.52|244.6|245.66
2020-01-15|242|249.5|239.16|245.21
2020-01-16|247.01|249.82|246.23|249.72
2020-01-17|250.23|250.46|248|249.46
2020-01-21|247.21|248.85|245.6|245.7
2020-01-22|246.61|248.52|246.34|247.05
2020-01-23|244.5|247|242.88|245.58
2020-01-24|245.07|245.7093|240.6|241.92
2020-01-27|236.37|238.99|235.0112|238.14
2020-01-28|239.49|243.58|238.05|242.58
2020-01-29|244.52|246.5|239.5697|240.12
2020-01-30|237.69|244.34|236.73|244.13
2020-01-31|241.99|242.89|236.88|237.75
2020-02-03|238.36|242.39|238.05|239.01
2020-02-04|242.88|243.74|241.55|241.94
2020-02-05|244.99|245.13|243|244.3
2020-02-06|245.35|245.77|241.18|241.82
2020-02-07|239.75|240.52|236.55|238
2020-02-10|237.4|237.87|235.4556|237.36
2020-02-11|239|239.55|236.22|236.46
2020-02-12|238.01|241.18|237.72|238.65
2020-02-13|237.85|238.97|236.57|238.35
2020-02-14|237.94|239.01|236.23|237.08
2020-02-18|236.55|237.07|231.2|233.21
2020-02-19|235|237.8|233.28|237.33
2020-02-20|236.41|236.9|231.25|232.73
2020-02-21|230.91|231.7994|228.37|230.62
2020-02-24|223.23|226.69|222.54|224.54
2020-02-25|224.78|225.87|215.89|217.61
2020-02-26|218.7|220|214.76|215.78
2020-02-27|210.49|213.48|205.37|205.69
2020-02-28|199.09|202.245|194.85|200.77
2020-03-02|201.41|209.62|197.63|209.47
2020-03-03|209|211.79|202.12|203.43
2020-03-04|205.84|208.92|202.7|208.74
2020-03-05|201.33|203.465|196.95|198.79
2020-03-06|190.68|196.3|189.28|192.85
2020-03-09|173.58|179.25|170.16|172.81
2020-03-10|181.62|185.395|173.285|184.35
2020-03-11|178.48|180.77|170.97|171.89
2020-03-12|160|166.745|150|150.68
2020-03-13|162.82|177.56|152.35|177.17
2020-03-16|150.23|169.54|150|154.66
2020-03-17|157|166.74|150|158.67
2020-03-18|150|155.97|135.41|140.02
2020-03-19|137.38|152.49|130.85|149.49
2020-03-20|148.99|149.19|138.29|138.41
2020-03-23|136.03|141.935|133.26|134.97
2020-03-24|144.32|153.9|143.63|153.6
2020-03-25|154.6|162.21|145.32|155.13
2020-03-26|156.37|167.66|154.31|165.79
2020-03-27|159.08|163.73|157|158.34
2020-03-30|158.52|160.43|153.18|159.62
2020-03-31|158.13|161.1|153.72|154.59
2020-04-01|146.1|149.57|145|145.29
2020-04-02|143.02|150.453|141.67|149.93
2020-04-03|149.2|150.9195|145.23|146.93
2020-04-06|155.47|158.93|153.77|158.23
2020-04-07|166|169.1388|162.45|166.02
2020-04-08|168.55|178.0974|168.55|176.96
2020-04-09|180.58|187.328|179.77|184.26
2020-04-13|183.85|184.97|179.13|179.18
2020-04-14|182.35|183.38|174.543|178.23
2020-04-15|170.63|181.68|169.15|178.52
2020-04-16|177.22|178.44|172.39|177.04
2020-04-17|183.49|185.28|178.29|183.49
2020-04-20|179.7|186.32|178.0221|180.4
2020-04-21|175.44|179.2|173.66|173.81
2020-04-22|177.5|178.18|174.47|175.98
2020-04-23|177|179.07|174.45|175.05
2020-04-24|177|177.95|173.49|177
2020-04-27|179.1|184.25|178.72|183.54
2020-04-28|189.16|190.42|184.87|187.01
2020-04-29|192.61|193.72|189.57|190.03
2020-04-30|186|187.55|182.8999|183.42
2020-05-01|179|179.595|176.65|177.1
2020-05-04|175|176.31|171.72|176.03
2020-05-05|179.1|182.6|178.14|178.3
2020-05-06|179.68|181.2|175.2115|176.92
2020-05-07|179.18|183.38|179.18|182.32
2020-05-08|185.03|185.91|182.74|185.39
2020-05-11|182.54|184.85|181.26|183.16
2020-05-12|183.89|184.3|176.75|177.21
2020-05-13|175.66|176.88|170.76|171.8
2020-05-14|169.04|174.78|165.36|174.45
2020-05-15|173.48|174.09|170.58|171.87
2020-05-18|177.71|183.1|175.24|181.88
2020-05-19|180.56|182.185|177.72|177.83
2020-05-20|180.95|183.83|180.3|181.44
2020-05-21|180.2|181.17|177.68|180.1
2020-05-22|180.03|180.64|178.06|179.93
2020-05-26|185.63|197.1|185.22|196.06
2020-05-27|203|210.71|200.01|209.66
2020-05-28|210.84|211.31|201.21|201.22
2020-05-29|197.23|200.92|194.65|196.49
2020-06-01|197.31|201.77|195.12|199.93
2020-06-02|203.77|206.5|201.32|204.14
2020-06-03|208.49|211.93|206.43|210.57
2020-06-04|208.79|214.99|207.96|214.82
2020-06-05|222|222.98|217.66|217.92
2020-06-08|220.02|222.2646|218.24|220.81
2020-06-09|215.74|220.02|215.16|218.1
2020-06-10|217.39|219.8499|212.8|213.52
2020-06-11|204.7|206.9|194.02|194.13
2020-06-12|200.62|202.94|196.21|201.78
2020-06-15|195.73|206.9932|195.15|206.31
2020-06-16|214.98|214.98|203.73|209.59
2020-06-17|210|210.79|205.44|206.19
2020-06-18|203.99|207.26|202.67|203.84
2020-06-19|207.05|207.4228|200.97|201.63
2020-06-22|200.99|204.58|200|203.42
2020-06-23|206.5|207.51|203.64|204.78
2020-06-24|202.34|202.61|197.3801|198.02
2020-06-25|197.86|207.39|197.61|207.1
2020-06-26|199|200.2441|188.5075|189.19
2020-06-29|191.38|193.9|188.66|193.47
2020-06-30|193.84|198.41|193.62|197.62
2020-07-01|198.88|199.74|195.52|197.57
2020-07-02|202.5|203|197.13|197.4
2020-07-06|201.335|207.7896|201.13|207.36
2020-07-07|205.5|205.71|199.19|199.36
2020-07-08|199.54|203.25|199.02|202.25
2020-07-09|202.11|202.5|195|196.83
2020-07-10|196.87|206.3199|196.83|205.56
2020-07-13|209|212.98|207|208.88
2020-07-14|211.43|214.3|207.01|214.01
2020-07-15|224.37|225.2399|214.69|216.9
2020-07-16|213.51|220.455|213.5|214.67
2020-07-17|214.9|215.17|211.25|211.41
2020-07-20|210.73|213.165|210.32|211.71
2020-07-21|212.25|213.81|210.39|212.02
2020-07-22|210.5|211|205.35|206
2020-07-23|205.1|206.0221|202.05|203.02
2020-07-24|203|204.93|201.32|201.47
2020-07-27|200.1|204.18|199.59|203.02
2020-07-28|201.91|203.6|201.09|201.62
2020-07-29|201.7|203.89|199.62|202.58
2020-07-30|199.5|199.99|196.3|199.53
2020-07-31|199.84|199.84|196.51|197.96
2020-08-03|198.49|199.88|196.53|199.39
2020-08-04|199.35|201.72|198.475|201.64
2020-08-05|203.17|204.8075|203.01|204.52
2020-08-06|205|206.29|203.83|204.25
2020-08-07|203.48|208.8|202.45|208.27
2020-08-10|209.59|210.64|208.04|209.38
2020-08-11|212.72|216.95|210.53|211.06
2020-08-12|214.7|215.95|209.27|212.13
2020-08-13|210.41|212.2|207.69|208.39
2020-08-14|207.46|209.48|206.61|207.97
2020-08-17|207|207.85|202.53|203.07
2020-08-18|203.45|203.58|201.1|201.31
2020-08-19|202.4|206.1|201.77|203.02
2020-08-20|200.76|203.28|200.34|201.85
2020-08-21|200.11|203.35|199.82|202.43
2020-08-24|203.11|207.43|201.32|207.34
2020-08-25|209.99|210.49|205.17|206
2020-08-26|205.89|207.28|205.03|207.22
2020-08-27|206.68|213|206.41|210.15
2020-08-28|211.89|212|207.09|207.71
2020-08-31|205.5|206.41|203.63|204.87
2020-09-01|203.6|206.71|203.01|205.46
2020-09-02|205.79|210.93|205.37|210.04
2020-09-03|211.75|215.23|205.83|207.56
2020-09-04|210.89|213.35|205.32|210.94
2020-09-08|209.51|209.96|201.27|202.48
2020-09-09|204.19|204.83|202.03|202.22
2020-09-10|203.73|205.35|199.55|200.01
2020-09-11|200.24|201.91|198.95|200.92
2020-09-14|203.3|203.3|200.67|201.34
2020-09-15|202|202.585|197.98|198
2020-09-16|198.49|203.8|198.07|200.68
2020-09-17|198.21|199.89|194.51|194.83
2020-09-18|195.01|196.65|192.3848|194.86
2020-09-21|189.9|194.17|187.47|194
2020-09-22|194|196.14|188.43|191.62
2020-09-23|192|192.915|185.865|186.12
2020-09-24|188.98|197.4594|187.05|195.11
2020-09-25|192.96|195.39|189.6085|194.95
2020-09-28|197.78|201.865|197.15|199.07
2020-09-29|198.16|198.77|195.43|196.79
2020-09-30|198.68|203.08|198.36|200.97
2020-10-01|201.53|203.13|197.8738|198.55
2020-10-02|195.34|200.6999|195.29|199.9
2020-10-05|201.93|202.84|199.59|201.8
2020-10-06|204.25|206.09|199.9|201.09
2020-10-07|203.9|205|201.17|203.6
2020-10-08|205.15|208.16|204.11|207.98
2020-10-09|208.76|209.81|206.07|207.54
2020-10-12|207.41|214.89|207.41|214.12
2020-10-13|214.01|214.11|209.18|210.81
2020-10-14|213.88|214.45|210.27|211.23
2020-10-15|209.58|210.73|206.9|208.6
2020-10-16|208.32|209.995|205.81|206.21
2020-10-19|207.39|207.91|204.59|205.69
2020-10-20|206.7|211.38|206.465|208.03
2020-10-21|207.39|207.95|202.01|202.91
2020-10-22|203.2|206.365|202.2|205.4
2020-10-23|206.76|208.21|204.02|205.04
2020-10-26|202.49|202.81|198.51|201.14
2020-10-27|200|200.59|195.41|195.68
2020-10-28|191.31|193.365|188.94|189.77
2020-10-29|189.8|192.35|186.9|189.94
2020-10-30|189.51|190.4|185.52|189.04
2020-11-02|192|192.7|188.23|190.2
2020-11-03|193.94|199|193.22|197.93
2020-11-04|196.25|200.82|194.9|197.87
2020-11-05|199.65|204.12|199.06|202.96
2020-11-06|204.34|204.39|200.42|201.26
2020-11-09|214.49|218|209.37|214.93
2020-11-10|215.25|218.38|211.18|217.47
2020-11-11|218.64|219.92|215.03|218.05
2020-11-12|215.22|216.86|212.4|214.51
2020-11-13|215.85|220.96|215.41|219.08
2020-11-16|223.53|224.6|220.03|222.38
2020-11-17|220.02|224.85|218.33|224.65
2020-11-18|225|227.72|223.51|224.3
2020-11-19|224.3|224.94|222.11|224.57
2020-11-20|223|224.81|222.63|223.35
2020-11-23|226.06|230|225.73|228.83
2020-11-24|231.1|238.116|230.63|237.5
2020-11-25|235|237.45|232.43|236.54
2020-11-27|237|237.3|233.785|235.4
2020-11-30|232.05|235|230.36|230.58
2020-12-01|231.96|234.8704|231.35|232.08
2020-12-02|232.08|238.13|231.5822|237.65
2020-12-03|237.29|238.85|234.64|235.47
2020-12-04|237.7|239.75|236.95|239.58
2020-12-07|238.54|239.85|235.45|238.45
2020-12-08|237.01|239.19|236.58|238.84
2020-12-09|240|245.36|239.53|242.82
2020-12-10|240|245.1799|239.5138|244.4
2020-12-11|240.81|241.2|237.1|239.99
2020-12-14|243.28|243.5|237.39|237.79
2020-12-15|239.5|243.61|237.19|242.43
2020-12-16|243.56|243.9|241.12|243.77
2020-12-17|245|245.93|243|244.43
2020-12-18|245.39|245.39|240.56|242.13
2020-12-21|250.29|260.85|248.76|256.98
2020-12-22|256.86|257.7|249.8|250.09
2020-12-23|251.5|260.575|251.3|256.45
2020-12-24|257.04|257.62|253.75|256.16
2020-12-28|257.81|262.655|257|259.59
2020-12-29|260.26|260.8606|256.5|258.01
2020-12-30|258.81|260.65|257.83|259.45
2020-12-31|258.8|263.93|258.0001|263.71
2021-01-04|267|267.58|260.16|265
2021-01-05|263.88|273.5|262.57|270.93
2021-01-06|276.29|288.38|273.1|285.55
2021-01-07|287.77|295.8894|286.68|291.65
2021-01-08|292|292.28|285.06|290.08
2021-01-11|286.8|295|284.2|293.83
2021-01-12|297.14|303.98|296.02|302.21
2021-01-13|300.08|303.72|299.1|302.94
2021-01-14|304.05|309.41|303.54|307.87
2021-01-15|301.19|304.86|296.88|301.01
2021-01-19|305|306.6|293.8031|294.2
2021-01-20|295.82|297.45|287.48|290.47
2021-01-21|290.45|292.74|288.53|289.37
2021-01-22|286.69|290.59|285.5|289.39
2021-01-25|285.53|286.35|277.5|283.04
2021-01-26|283.93|285.77|280.08|281.76
2021-01-27|276|277.37|271.3201|273.33
2021-01-28|274.61|279.83|271.33|275.02
2021-01-29|274.27|277.4|270.62|271.17
2021-02-01|272.66|276.8|272|274.73
2021-02-02|278.32|288.25|278|286.97
2021-02-03|286.61|289.81|285.1801|288.55
2021-02-04|290|295.83|289.525|293.75
2021-02-05|295|297.24|292.1901|293.5
2021-02-08|295|300.89|294.5|300.15
2021-02-09|299.6|302.45|297.7|300.46
2021-02-10|300|305.18|297.75|304.28
2021-02-11|303.98|305.01|299.1718|302.32
2021-02-12|301.99|306.7|301.77|306.32
2021-02-16|310|312.92|309.2233|311.96
2021-02-17|310.03|314.98|308.7613|312.74
2021-02-18|309.22|314.5|307.5841|309.9
2021-02-19|310.23|316.78|310.23|315.62
2021-02-22|313|320.56|312.21|316.87
2021-02-23|317.98|320|310.58|319.21
2021-02-24|320.17|330.97|320.095|330.64
2021-02-25|333.325|335.8131|326.29|327.76
2021-02-26|325.77|328.68|319.04|319.48
2021-03-01|325|331.04|323.31|329.92
2021-03-02|330|336.19|329.51|330.94
2021-03-03|333.68|340.1|333.25|334.43
2021-03-04|333.13|339.76|323.92|329.29
2021-03-05|335.58|335.58|316.465|327.37
2021-03-08|331.36|337.59|329.1|334.19
2021-03-09|328.62|336.39|325.57|330.59
2021-03-10|332.07|342.4|331.53|342.02
2021-03-11|338.66|345|336.46|342.1
2021-03-12|345.22|350|343.64|348.81
2021-03-15|349.44|352.42|342.0027|346.05
2021-03-16|345.28|346.9|337.75|341.71
2021-03-17|344.62|347.03|340.4001|344.95
2021-03-18|350.75|356.85|346.99|348
2021-03-19|346.42|347.24|340.63|344.2
2021-03-22|341.06|342.88|336|339.33
2021-03-23|337.62|341.8885|331.33|331.77
2021-03-24|333.42|336.94|328.44|328.65
2021-03-25|327.35|331.39|321.92|330.55
2021-03-26|334.51|335.45|322.69|327.39
2021-03-29|320.35|327.76|317.72|325.73
2021-03-30|329.41|335.75|328.85|332.01
2021-03-31|330.23|332.65|325.44|327
2021-04-01|324.3|329.66|324.16|327.64
2021-04-05|332.85|332.85|323.05|323.54
2021-04-06|324.49|328.54|324|327.06
2021-04-07|327.7|329.2|323.35|326.55
2021-04-08|324.29|331.49|322.9652|331.14
2021-04-09|334|334.9|328.79|330.81
2021-04-12|332.67|334.48|329.94|331.84
2021-04-13|329.51|330.05|324.18|327.68
2021-04-14|328.55|344.4694|326.15|335.35
2021-04-15|338.9|341.35|334.54|338.55
2021-04-16|340.29|343.74|338.62|342.31
2021-04-19|340|344.43|336.6|343.09
2021-04-20|339.97|340.47|329.35|331.88
2021-04-21|330|335.47|327.56|335.27
2021-04-22|334.62|336.97|330.29|330.85
2021-04-23|331.25|340.67|330.72|339.35
2021-04-26|341.94|345.9|340.89|343.52
2021-04-27|344|347.55|343.66|346.63
2021-04-28|348|350.12|346.09|348.11
2021-04-29|350.55|353.83|347.48|352.97
2021-04-30|351.12|352.8197|347.2|348.45
2021-05-03|350.34|354.0599|349.26|350.16
2021-05-04|348.9|351.78|342.57|349.84
2021-05-05|352|359.14|348.55|357.62
2021-05-06|359.77|366.3|356.5001|365.97
2021-05-07|362.3|371.65|360.93|370.89
2021-05-10|373.5|376.98|368.5|368.68
2021-05-11|363|368.63|358.62|359.92
2021-05-12|363.07|368.13|353.2712|354.4
2021-05-13|353.25|360.885|353.25|358.81
2021-05-14|362|369.51|361.7|368.77
2021-05-17|367.78|370.7|364.5|369.25
2021-05-18|371.38|373.08|364|364.56
2021-05-19|360|360|353.9319|358.38
2021-05-20|358.98|361.95|353.35|359.78
2021-05-21|361.49|367.14|360.51|366.26
2021-05-24|367.32|369.72|365.51|368.29
2021-05-25|369.912|373.7696|364.09|364.51
2021-05-26|365|368.79|361.91|367.4
2021-05-27|371.33|373.5487|367.3|371.37
2021-05-28|372|373.07|368.26|372.02
2021-06-01|377.7|383.36|376.31|382.44
2021-06-02|383.33|384.665|379.37|383.44
2021-06-03|382.25|391.25|380.1349|388.72
2021-06-04|389.68|392.05|386.32|391.45
2021-06-07|393|393.2603|387.55|388.16
2021-06-08|385.79|386.4799|382.22|384.7
2021-06-09|383.16|384.27|378.88|382.78
2021-06-10|389.64|389.64|372.345|373.94
2021-06-11|375.7|378.75|375.11|378.05
2021-06-14|377.43|378.75|370.7|372.92
2021-06-15|373.5|374.84|367.16|371.3
2021-06-16|370.99|374.0788|365.25|371
2021-06-17|373.52|373.52|356.55|361.5
2021-06-18|356.52|358.38|348.125|348.83
2021-06-21|352.89|357.97|351.04|357.54
2021-06-22|357|359.88|352.64|357.53
2021-06-23|358.79|362.48|357.66|361.05
2021-06-24|363|370.88|362.78|368.75
2021-06-25|368.82|371.1499|364.54|368.77
2021-06-28|367.8|368.87|363.86|368.71
2021-06-29|374.86|378.09|370.7495|372.62
2021-06-30|370.9|380.11|370.9|379.53
2021-07-01|380.7|381.64|374.145|374.99
2021-07-02|376.31|376.6|372.42|374.16
2021-07-06|373.23|373.6313|365.405|369.86
2021-07-07|367.5|370.09|362.18|367.67
2021-07-08|359.69|362.89|355.5915|358.94
2021-07-09|366|372.15|364.95|371.76
2021-07-12|370.31|384|367.33|380.5
2021-07-13|381.06|385.33|372.01|375.98
2021-07-14|378.75|381.77|371.39|374.4
2021-07-15|371.24|378.75|370.57|373.35
2021-07-16|374.93|374.93|363.83|364.8
2021-07-19|354|355.19|349|354.72
2021-07-20|352.27|367.31|351.54|364.76
2021-07-21|368.04|374.9|367.93|373.5
2021-07-22|372.3|373.6938|368.45|372.71
2021-07-23|374.59|378|371.38|374.05
2021-07-26|373.18|376.6773|373.11|375.9
2021-07-27|372.5|375.14|369.22|374.84
2021-07-28|375.81|377.44|372.34|374.23
2021-07-29|377.03|379.51|374.81|377.55
2021-07-30|376.57|379.95|373.06|374.88
2021-08-02|376.17|386.93|375.75|378.19
2021-08-03|380.25|381.31|371.77|380.36
2021-08-04|378.48|382.6533|375.76|377.86
2021-08-05|380.15|384.31|379.95|384.3
2021-08-06|388.88|398.8599|388.64|397.89
2021-08-09|396.59|404.6|393.58|399.88
2021-08-10|400.12|410.63|399.5|407.97
2021-08-11|408.8|414.68|407.06|413.89
2021-08-12|414.38|418.62|410.56|415
2021-08-13|416|416.89|408.18|410.78
2021-08-16|408.99|408.99|402.15|408.35
2021-08-17|403.84|408.35|400.2|404.97
2021-08-18|402.6|406.11|398.59|398.8
2021-08-19|394.6|397.7337|390.91|393.57
2021-08-20|391.49|396.45|391|395.87
2021-08-23|401.89|404.1|399|401.45
2021-08-24|403.59|409.66|402.7|408.56
2021-08-25|409.9|416.68|408.94|413.12
2021-08-26|415.88|420.7297|411.1617|412.41
2021-08-27|412.78|419.85|412.5|419.69
2021-08-30|419.95|420.7599|412.715|413.6
2021-08-31|412.11|414.86|408.76|413.51
2021-09-01|413.16|416.11|410.31|413.66
2021-09-02|415.11|417.5786|412.64|414.5
2021-09-03|414|415.1199|410.6|411.31
2021-09-07|411|414.73|409.64|410.32
2021-09-08|409.22|410.98|404.7|405
2021-09-09|404.67|408.8799|403.51|404.58
2021-09-10|408|409.79|403.16|403.48
2021-09-13|407.41|409.37|403.8|409.26
2021-09-14|410.3|417.01|402.78|403.69
2021-09-15|398|403.61|396.21|401.95
2021-09-16|404.52|405.98|394.89|396.68
2021-09-17|396.32|399.16|388.83|391.46
2021-09-20|377.82|380.86|372.5|378.13
2021-09-21|380.85|381.5|374.08|375.84
2021-09-22|380.8|389.29|379.71|385.47
2021-09-23|390.39|393.74|388.18|391.86
2021-09-24|390.47|392.49|388.6|390.85
2021-09-27|396.58|401|395.18|399.81
2021-09-28|400.45|404.21|388.39|389.5
2021-09-29|390.68|392.39|384.3|384.89
2021-09-30|388|388.02|376.62|378.03
2021-10-01|379.44|382.72|375.845|380
2021-10-04|380.21|386.87|372.82|374.15
2021-10-05|378.1|388.22|375.5|385.81
2021-10-06|382.38|389.55|378.66|388.05
2021-10-07|392.91|397.85|389.76|390.62
2021-10-08|390.83|394.31|388.18|392.81
2021-10-11|392.9|396.95|385.02|385.24
2021-10-12|386.22|388.59|381.02|386.53
2021-10-13|388|388.3809|378.625|386.31
2021-10-14|392|393.66|382.2|391.2
2021-10-15|402.31|407.272|396.34|406.07
2021-10-18|408.01|415.94|407.6|413.69
2021-10-19|415.18|415.85|409.69|412.16
2021-10-20|411|414.33|406.195|407.89
2021-10-21|406.8|412.66|404.615|407.59
2021-10-22|409.99|415.36|409.1|414.32
2021-10-25|416.21|419.49|413.27|414.75
2021-10-26|416.37|419.81|413.76|417.61
2021-10-27|416.55|418.06|410.55|410.99
2021-10-28|412|414.92|409.06|414.82
2021-10-29|414.02|415.96|411.18|413.35
2021-11-01|417.07|418.73|413.248|416.7
2021-11-02|415.1|426.1582|412.79|423.85
2021-11-03|423.115|424|412.56|417.9
2021-11-04|414.65|415.99|403.028|408.07
2021-11-05|411.4|414.45|406.1|407.08
2021-11-08|409.89|413.65|407.96|408.34
2021-11-09|406.11|407.584|400.06|405.35
2021-11-10|402.33|405.55|397.245|399.12
2021-11-11|400.14|403.76|398.51|402.34
2021-11-12|403|405.1|399.2|404.91
2021-11-15|406|407.34|403.9149|404.81
2021-11-16|403.91|405.84|399|403.09
2021-11-17|401.85|402.65|391.47|391.55
2021-11-18|392.3|393.9202|385.68|391.37
2021-11-19|382.38|390.24|381.04|387.39
2021-11-22|393.16|402.49|390.18|396.16
2021-11-23|400.25|406.9559|397.51|406.34
2021-11-24|405|407.48|398.3|399.19
2021-11-26|384.48|391.71|382.715|389.39
2021-11-29|394|396.37|382.45|386.54
2021-11-30|383.53|386.83|377.26|380.99
2021-12-01|383.82|390.16|376.21|376.48
2021-12-02|378|389.09|376.03|387.54
2021-12-03|389.88|389.88|379.03|382.73
2021-12-06|388.67|393.5999|383.49|389.3
2021-12-07|393.58|401.75|393.06|400.11
2021-12-08|401.23|401.71|395.14|397.32
2021-12-09|395.7|400.1899|393|396.49
2021-12-10|398|398.86|388.66|391.06
2021-12-13|391.19|391.19|382.66|384.64
2021-12-14|383.56|392.5|383.26|388.82
2021-12-15|389.5|391.4|380.598|389.91
2021-12-16|395.13|399.84|391.8001|397.37
2021-12-17|389.21|393.67|380.63|381.8
2021-12-20|375.52|375.625|366.65|371.61
2021-12-21|376.43|382.085|374.76|380.32
2021-12-22|380.42|384.005|379.265|382.33
2021-12-23|383.79|387.61|383.57|385.04
2021-12-27|386.99|389.11|385.0001|388.04
2021-12-28|388.93|391.3328|386.235|387.61
2021-12-29|387.97|389.46|384.42|386.2
2021-12-30|387.75|389.7799|385.195|385.52
2021-12-31|385|387|380.835|382.55
2022-01-03|389|399.3|387.34|395.33
2022-01-04|402.23|410.28|401.18|407.48
2022-01-05|409.8|412.6599|397.89|398.63
2022-01-06|401|401.2|386.4332|396.93
2022-01-07|397.67|400.55|394.53|397.51
2022-01-10|401.32|404.37|394.215|399.17
2022-01-11|400.25|403.34|396.31|403.05
2022-01-12|403.24|404.12|388.56|390.31
2022-01-13|394.05|396.865|389.75|390.8
2022-01-14|382.13|384.39|375|380.94
2022-01-18|360.04|361.57|347.23|354.4
2022-01-19|358.34|359.7096|346.39|347.32
2022-01-20|348.9|357.1799|346.1372|348.1
2022-01-21|345.54|348.99|340.72|343.91
2022-01-24|337.32|344.07|326.23|343.39
2022-01-25|337.86|342.93|330.91|341.55
2022-01-26|346.6|350.48|338.4127|342.68
2022-01-27|345.67|348.77|337.72|341.03
2022-01-28|337.73|347.15|333.45|347.01
2022-01-31|344.6|355.21|343.44|354.68
2022-02-01|356.13|364.54|354.05|364.06
2022-02-02|363.5|368.53|357.83|363.06
2022-02-03|362.82|365.76|358.16|358.88
2022-02-04|362.17|370.95|361.02|367.6
2022-02-07|365.49|371.47|363.35|368.15
2022-02-08|371.08|372.65|366.25|370.1
2022-02-09|373|376.28|370.9|374.53
2022-02-10|371.71|377.4|368.83|370.57
2022-02-11|368.55|374.9|360.77|363.06
2022-02-14|363.06|364.29|357.1813|360.24
2022-02-15|364.09|365.89|361.36|363.94
2022-02-16|361.35|363.02|356.5308|360.05
2022-02-17|358.78|360.96|347.835|349.06
2022-02-18|345.57|350|343.37|346.04
2022-02-22|342.46|349|341.2|344.27
2022-02-23|347.57|349.26|339.82|341.19
2022-02-24|328.57|341|326.9471|340.19
2022-02-25|340.19|350.7|340.19|350.12
2022-02-28|340.25|343.84|337.55|341.29
2022-03-01|337.4|338.16|327.02|328.2
2022-03-02|331.6|338|327.4|336.38
2022-03-03|338.87|341.5|330.13|333.42
2022-03-04|327|330.66|324|329.67
2022-03-07|326.82|327.7892|320.85|321.89
2022-03-08|322.5|330.56|318.55|321.37
2022-03-09|331.68|337.465|330.03|333.59
2022-03-10|327.63|331.84|324.76|329.9
2022-03-11|334.37|336.61|326.71|327
2022-03-14|329.21|331.62|322.9|324.98
2022-03-15|327.07|331.9|324.84|329.16
2022-03-16|335.07|341.33|334.26|340.76
2022-03-17|337.37|343.595|334.9|343.27
2022-03-18|338.87|346.765|337.3|345.38
2022-03-21|345.26|346.3|337.15|339
2022-03-22|342.2|346.24|340.12|343.01
2022-03-23|340|340.83|335.13|335.61
2022-03-24|336.44|337.5|334.3|336.23
2022-03-25|337.43|341.83|335.48|337.49
2022-03-28|338.15|338.5|331.51|335.3
2022-03-29|342.47|344|336.73|339.66
2022-03-30|339|339.855|333.63|335.59
2022-03-31|336.13|336.5|330.1|330.1
2022-04-01|333.93|334.16|327.57|330.22
2022-04-04|330|331.87|325.86|328.21
2022-04-05|327.36|329.74|323.475|323.96
2022-04-06|320|320.615|315.75|316.26
2022-04-07|315|315.83|308.2|314.15
2022-04-08|313.58|323.679|313|321.39
2022-04-11|320.61|328.9|319.03|320.76
2022-04-12|321.68|327.12|318.01|319.78
2022-04-13|315.8|322.63|314.72|321.97
2022-04-14|328.47|333.03|319.0305|321.64
2022-04-18|320.65|332.66|320.65|329.88
2022-04-19|330.47|337.2|330.47|335.95
2022-04-20|338.1|344.9|337.5|341.06
2022-04-21|344.33|347.35|333.36|334.3
2022-04-22|332.31|332.5|319.47|319.77
2022-04-25|316.38|322.16|312.74|321.42
2022-04-26|317.95|321.6|312.8|313.12
2022-04-27|312.14|319.24|312.14|313.23
2022-04-28|317.12|319.36|312.15|318.41
2022-04-29|317.25|319.08|304.71|305.49
2022-05-02|305.81|311.37|302.21|310.42
2022-05-03|311.52|319.52|311.32|314.66
2022-05-04|315.83|324.8|312.17|324.11
2022-05-05|320.5|320.68|308.69|313.07
2022-05-06|312.28|313.71|306.0583|312.96
2022-05-09|308.92|313.77|304.98|308.89
2022-05-10|311.72|315.15|300.65|305.06
2022-05-11|305.06|310.91|301|301.55
2022-05-12|300|302.89|293.9|299.41
2022-05-13|303.63|309.63|303.57|306.99
2022-05-16|305.95|306.47|300.55|303.44
2022-05-17|309.87|314.315|308.13|312.97
2022-05-18|309|312.86|304.88|306.73
2022-05-19|303.82|309.99|303.39|308.2
2022-05-20|311.26|312.59|299.41|306.8
2022-05-23|312.72|321.83|311.07|316.61
2022-05-24|315.35|315.8|306.43|313.95
2022-05-25|311.25|317.6|309.98|314.9
2022-05-26|318.3|325.5|317.98|323.63
2022-05-27|326.75|328.67|323.19|328.58
2022-05-31|324.01|329.72|322.66|326.85
2022-06-01|327|329.27|315.83|321.85
2022-06-02|320.59|325.199|319.225|324.25
2022-06-03|320.88|322.5|317.5|318.68
2022-06-06|323|325.21|319.79|320.51
2022-06-07|318.28|321.84|316.6567|321.51
2022-06-08|318.34|319.545|312.8|314.68
2022-06-09|313.56|314.1441|304.02|304.22
2022-06-10|296.99|298.65|286.8504|287.02
2022-06-13|279|286.42|278.32|283.32
2022-06-14|284.33|289.1843|281.3|282.54
2022-06-15|287.16|294.48|284.17|290.07
2022-06-16|282.68|286.1299|279.15|284.98
2022-06-17|282.13|286.2599|278.15|279.79
2022-06-21|287.77|288.07|282.98|284.81
2022-06-22|282.29|286.01|281.04|284.54
2022-06-23|283.76|286.59|278.93|286.17
2022-06-24|291|303.13|290|302.75
2022-06-27|303.06|304.32|298.8784|300.78
2022-06-28|305.9|308.97|299.18|299.49
2022-06-29|303.37|307.44|299.91|303.28
2022-06-30|296.58|300.335|292.23|297.02
2022-07-01|295.27|300.33|291.7198|299.23
2022-07-05|293|297.35|288.36|297.2
2022-07-06|296.27|297.34|290.6|293.76
2022-07-07|297.66|299.07|293.6|298.6
2022-07-08|300.5|300.8916|295.07|296.47
2022-07-11|293.2|296.5399|291.875|293.18
2022-07-12|289.71|299.08|289.51|292.53
2022-07-13|290.51|291.1867|285.81|290.15
2022-07-14|284.24|284.24|277.84|281.59
2022-07-15|286.5|296.43|285.1536|293.87
2022-07-18|305.76|311.25|298.71|301.26
2022-07-19|303.59|319.14|303.5|318.05
2022-07-20|317.28|322.17|316.31|321.45
2022-07-21|320.51|327.16|319.845|326.54
2022-07-22|327.11|329.045|322.19|323.93
2022-07-25|325.97|327.2899|322.6|324.12
2022-07-26|321.77|324.29|317.76|318.55
2022-07-27|320.29|326.39|318.3786|324.54
2022-07-28|325.3|329.98|321.89|329.11
2022-07-29|329.5|335.18|329.5|333.39
2022-08-01|331.73|334.8|329.01|332.08
2022-08-02|329.5|331.83|327.22|327.88
2022-08-03|332.07|335.51|329.62|333.17
2022-08-04|333.28|334.3|330.62|331.87
2022-08-05|330.9|336.91|329.67|334.67
2022-08-08|337.11|338.84|334.34|334.68
2022-08-09|336.15|338.17|334.57|336.62
2022-08-10|341.36|349.7|341.35|347.91
2022-08-11|350|356.05|349.775|351.68
2022-08-12|353.44|354.56|350.146|353.82
2022-08-15|351|358.62|349.05|355.85
2022-08-16|352.99|356.468|352.02|354.97
2022-08-17|351.9|355.59|350.77|353.74
2022-08-18|352.66|355.1|350.86|354.52
2022-08-19|351|351.86|347.5|349.27
2022-08-22|342.44|344.53|340.76|342.42
2022-08-23|341.95|344.0725|339.03|340.18
2022-08-24|339.02|344.32|338.49|341.94
2022-08-25|344.45|346.86|342.11|346.49
2022-08-26|348.34|348.74|336|336.4
2022-08-29|333.92|336.4|332.01|333.92
2022-08-30|335|336.01|331.18|333.63
2022-08-31|331.55|335.14|329.68|332.67
2022-09-01|329.87|333.69|324.62|333.5
2022-09-02|334.68|340.315|329.97|331.48
2022-09-06|332.32|333.245|323.46|326.49
2022-09-07|324.25|332.155|323.25|330.56
2022-09-08|330.29|335.81|327.36|335.38
2022-09-09|337.98|341.03|337.03|340.1
2022-09-12|341.66|344.365|340.09|342.58
2022-09-13|336.08|336.52|326.83|328.39
2022-09-14|328.45|330.93|323.5|327.26
2022-09-15|328.73|335.28|327.59|331.62
2022-09-16|326.38|329|319.79|326.21
2022-09-19|320.57|329.29|320.54|328.66
2022-09-20|325.7|326.8|320.01|323.26
2022-09-21|324.92|329.79|320.63|320.71
2022-09-22|322.32|323.385|311.2|312.92
2022-09-23|307.55|309.79|297.46|301.97
2022-09-26|299|302.1|292.31|294.62
2022-09-27|297.5|299.15|288.6193|291.38
2022-09-28|294|302.41|292.46|300.79
2022-09-29|297.07|299.35|291.55|296.11
2022-09-30|296|301.09|292.7|293.05
2022-10-03|297.17|301.23|291.1|299.15
2022-10-04|306.8|315.16|305.875|314.87
2022-10-05|306.58|310.21|303.6|309
2022-10-06|307.39|309.08|303.4201|304.67
2022-10-07|304|305.15|299.15|301.08
2022-10-10|303.63|304.72|298.43|300.54
2022-10-11|298.01|302.52|293.92|294.21
2022-10-12|293.99|299.78|291.71|295.31
2022-10-13|290.42|308.755|287.75|307.07
2022-10-14|307.46|311.615|299.07|299.99
2022-10-17|304.41|311.62|304.14|306.71
2022-10-18|321.67|324.48|312|313.85
2022-10-19|312.61|314.79|308.0601|311.76
2022-10-20|312.1|316.05|309|310.81
2022-10-21|311|325.775|309.4939|325.1
2022-10-24|328.5|331.2363|325.85|328.7
2022-10-25|327.86|333.6|325.918|332.4
2022-10-26|334.52|338.67|334.14|335.69
2022-10-27|339.31|341.93|336.53|337.18
2022-10-28|338.52|342.58|336|341.82
2022-10-31|341.07|346.18|340.57|344.51
2022-11-01|345.13|348.69|343.77|348.58
2022-11-02|347.62|357.44|346.74|349.79
2022-11-03|347.5|350.67|342.59|348.87
2022-11-04|354|358.38|351.23|357.91
2022-11-07|360.01|362.96|358.5188|362.56
2022-11-08|362.3|367.19|361.46|364.02
2022-11-09|362.95|367.15|360.88|362
2022-11-10|370|380.43|369.744|378.31
2022-11-11|380|387|378.75|385.17
2022-11-14|384|387.3|380.5|382.36
2022-11-15|385.98|389.5781|380.65|382.88
2022-11-16|383.21|385.395|380.01|382.33
2022-11-17|377.15|381.72|375.01|379.78
2022-11-18|381.28|382.83|377.39|379.2
2022-11-21|378.9|380.77|375.42|380.21
2022-11-22|381.4|385.825|381.4|383.87
2022-11-23|383.9|388.2|383.41|386.25
2022-11-25|385.76|389.44|385.18|388.86
2022-11-28|385.43|388.39|380.89|382.36
2022-11-29|381.13|384.93|379.26|383.71
2022-11-30|382.5|386.15|375.1|386.15
2022-12-01|386.5|386.5|380.45|383.81
2022-12-02|381.52|382.52|378.4|380.58
2022-12-05|378.55|378.87|369.31|371.54
2022-12-06|369.48|370.37|360.33|362.91
2022-12-07|362.49|365.3|358.15|359.92
2022-12-08|362.03|362.59|356.055|358.08
2022-12-09|356.71|361.64|356.2138|359.14
2022-12-12|358.57|364.01|356.34|363.18
2022-12-13|374.63|378.56|365.51|368.69
2022-12-14|367.01|368.825|359.45|360.38
2022-12-15|354.48|356.105|347.94|349.83
2022-12-16|345.08|347.78|343.4056|346.35
2022-12-19|346.27|348.3983|342.63|344.61
2022-12-20|345.99|347.42|343.49|344.49
2022-12-21|348.26|350.88|346.89|350.16
2022-12-22|347.16|348.05|339.88|345.58
2022-12-23|344.84|347.76|343.11|345.51
2022-12-27|346.51|347.75|341.79|341.97
2022-12-28|340.5|342.847|339.3|340.87
2022-12-29|342.44|344.64|341.2396|343.43
2022-12-30|341.74|343.69|339.4|343.38
2023-01-03|345.5|348.6|342.805|346.22
2023-01-04|348.03|350.31|345.0783|347.7
2023-01-05|344.25|345.14|340.14|343.76
2023-01-06|347.3|349|340.945|348.08
2023-01-09|351.88|356.5|349.5|353
2023-01-10|352.64|357.5|350.5|357.36
2023-01-11|358.87|365.5|356.21|364.48
2023-01-12|366.24|370.1|362.57|369.94
2023-01-13|363.49|374.35|362.355|374
2023-01-17|364.8|366.79|344|349.92
2023-01-18|348.32|354.79|347.8|349.09
2023-01-19|346.03|352.16|345.5201|350.75
2023-01-20|349.87|352.25|338.21|341.84
2023-01-23|341.67|349.56|336.1583|349.14
2023-01-24|340|350.3|340|348.33
2023-01-25|344.75|349.955|343.9|349.63
2023-01-26|351.73|355|349.52|354.97
2023-01-27|351.95|355.99|351.83|353.7
2023-01-30|353.29|362.33|352.4|357.46
2023-01-31|359.16|365.92|356.86|365.81
2023-02-01|359.1|368.94|358.76|365.71
2023-02-02|368|372.89|364.5501|369.47
2023-02-03|365.62|374.57|365.44|369.95
2023-02-06|369|371.2552|365.78|370.8
2023-02-07|368.17|376.31|367.34|374.4
2023-02-08|372.92|378.35|371.98|375.1
2023-02-09|377.04|379.68|367.8|367.99
2023-02-10|367|372.23|364.555|371.28
2023-02-13|369.09|375.06|368|374.02
2023-02-14|373.94|377.05|369.38|371.78
2023-02-15|368.74|374.365|368.25|374.34
2023-02-16|370.75|374.25|368.8001|370.2
2023-02-17|368.05|371.06|366.86|368.5
2023-02-21|366.72|366.72|360.09|361.12
2023-02-22|361.63|363|358.041|360.89
2023-02-23|363.2|367.88|359.61|363.54
2023-02-24|360.17|365.18|359.53|363.85
2023-02-27|368.22|370.3|364.505|365.53
2023-02-28|366|366.01|351.33|351.65
2023-03-01|349.39|352.54|345.96|346.23
2023-03-02|343.99|349.78|340.49|349.1
2023-03-03|350.64|357.77|349.56|357.09
2023-03-06|358.06|358.86|353.73|357.05
2023-03-07|355.55|356.2|345.625|346.08
2023-03-08|346.19|349.69|345.17|349.29
2023-03-09|349.2|354.29|341.05|342.09
2023-03-10|338.87|339.93|326.03|327.67
2023-03-13|319.67|326.11|314.54|315.51
2023-03-14|324.77|326.38|318.945|322.15
2023-03-15|310.77|312.51|304.41|312.19
2023-03-16|309|318.32|304.92|315.09
2023-03-17|310.09|310.405|301.8731|303.54
2023-03-20|306.78|312.2|306.255|309.53
2023-03-21|317.62|320.32|315.35|317.28
2023-03-22|317.28|322.2206|313.49|313.67
2023-03-23|315.21|321.355|312.64|314.85
2023-03-24|310.15|312.75|305.36|312.57
2023-03-27|318.62|320.9|317.17|318.53
2023-03-28|319.09|320.605|316.12|318.44
2023-03-29|322.5|322.71|318.68|320.72
2023-03-30|324.56|324.87|319.88|321.14
2023-03-31|323.47|327.33|322.42|327.11
2023-04-03|326.14|328.98|323.155|326.52
2023-04-04|326.82|326.87|320.12|322.65
2023-04-05|319.62|322.2|319.37|321.53
2023-04-06|320.38|323.225|319.98|322.4
2023-04-10|322.4|324.99|321.31|324.96
2023-04-11|326.05|329.2|323.665|327.37
2023-04-12|331.72|332.07|327.18|330.24
2023-04-13|330.08|332.94|327|332.13
2023-04-14|336.53|339.63|334.32|336.92
2023-04-17|336|340.45|333.68|339.68
2023-04-18|328|336.55|326.13|333.91
2023-04-19|332.98|336.99|331.6703|336.89
2023-04-20|334.95|339.31|334.32|338.71
2023-04-21|339|342.3599|336|341.66
2023-04-24|341.99|345.06|341.53|343.96
2023-04-25|341|343.47|338.33|339.48
2023-04-26|337.58|340.6|334.64|336.56
2023-04-27|340.14|343.36|338.76|341.6
2023-04-28|340.05|344.1|339.7|343.44
2023-05-01|344.05|347.46|340.365|340.57
2023-05-02|339.01|339.89|330.0013|333.37
2023-05-03|332.36|334.83|328.25|328.65
2023-05-04|325.95|326.98|318.56|321.26
2023-05-05|325.06|327.8691|322.42|327.02
2023-05-08|329.64|330.3|325.67|326.51
2023-05-09|325.04|327.1799|323.295|324.77
2023-05-10|329.92|329.92|319.08|322.55
2023-05-11|319.66|321.94|318.18|320.72
2023-05-12|322.04|323.22|317.3201|319.5
2023-05-15|320.42|323.25|318.06|322.07
2023-05-16|322.5|323.07|320.495|320.81
2023-05-17|322.66|330.39|322.66|330.18
2023-05-18|330|330.6|325.66|329.58
2023-05-19|330|331.95|324.79|326.15
2023-05-22|326.15|327.34|322.43|324.92
2023-05-23|323.6|327.14|322.81|323.57
2023-05-24|320.39|321.9|318.8|319.81
2023-05-25|318.92|325.18|318.8|323.88
2023-05-26|324.72|332.87|324|332.01
2023-05-30|332.08|332.52|327.83|329.27
2023-05-31|326.07|327.25|321.815|323.9
2023-06-01|324.51|324.675|314.02|316.4
2023-06-02|318.235|325.2699|317.0491|323.65
2023-06-05|322.93|323.485|320.32|321.81
2023-06-06|322.43|328.07|321.4|326.8
2023-06-07|327.64|337.84|326.32|335.75
2023-06-08|335.36|336.33|331.34|335.47
2023-06-09|335.21|336.2|332.54|336.02
2023-06-12|338.44|340.09|336.35|339.49
2023-06-13|340.2|345.28|339.45|342.5
2023-06-14|344.78|347.73|337.23|338.42
2023-06-15|337.32|344|335.695|339.74
2023-06-16|341.38|341.4|337.1101|338.31
2023-06-20|335.32|335.38|329.23|330.72
2023-06-21|328.45|329.9999|324.92|325.07
2023-06-22|323.69|324.26|319.01|319.58
2023-06-23|316.56|317.71|314.07|314.71
2023-06-26|315.13|316.64|312.17|312.36
2023-06-27|312.41|315.68|310.56|313.45
2023-06-28|311.72|314.9|310.685|313.66
2023-06-29|317.85|325.5|316.25|323.09
2023-06-30|325.82|326.03|322.45|322.54
2023-07-03|322.41|329.4|322.41|326.61
2023-07-05|323.95|324.61|319.63|320.05
2023-07-06|318|318.64|312.84|313
2023-07-07|313.2|317.365|312.7|315.17
2023-07-10|316.67|320.08|316|316.47
2023-07-11|318.83|321.04|314.58|320.88
2023-07-12|324.58|333.3499|324.25|326.4
2023-07-13|327.35|329.28|325.6901|328.68
2023-07-14|331.99|332.475|325.02|326.19
2023-07-17|325.89|327.4899|324.36|327.2
2023-07-18|327.3|338.25|327.3|337.27
2023-07-19|338|345.88|331.3|340.55
2023-07-20|339.16|351.68|339.16|350.86
2023-07-21|351.78|355.08|346.7818|351.96
2023-07-24|352.83|361.62|352|358.93
2023-07-25|357.42|360.82|353.98|354.7
2023-07-26|354.49|360.26|354.28|357.56
2023-07-27|358.13|360.535|354.17|354.51
2023-07-28|356.11|356.5|351.61|353.23
2023-07-31|354.88|357.2|354.02|355.87
2023-08-01|354|357.87|353.39|357.72
2023-08-02|354.99|354.99|348.87|351.1
2023-08-03|349.99|355.2099|348.62|353.16
2023-08-04|353.34|358.73|352.51|353.22
2023-08-07|355.4|357.67|353.92|355.56
2023-08-08|351.7|352|342.03|348.26
2023-08-09|346.82|348.455|342.49|342.69
2023-08-10|344.07|347.26|339.8|340.4
2023-08-11|339.93|341.79|337.55|340.73
2023-08-14|337.41|338.45|334.86|337.74
2023-08-15|333.3|334.03|330.48|332.21
2023-08-16|330.54|332.92|328.97|329.11
2023-08-17|330|333.99|324|327.52
2023-08-18|324.32|327.62|323.195|324.93
2023-08-21|325.39|326.39|319.39|322.06
2023-08-22|322.48|322.64|318.31|318.79
2023-08-23|320.62|322.45|318|322.33
2023-08-24|322.15|327.49|319.51|319.96
2023-08-25|320.8|322.7199|318.1901|320.15
2023-08-28|321.34|326.6|321.34|325.97
2023-08-29|325.56|332.7|324.68|332.55
2023-08-30|330|331.91|327.65|328.58
2023-08-31|329.41|330.49|325.9575|327.71
2023-09-01|329.67|331.62|326.205|327.4
2023-09-05|327.34|328.48|322.625|323.75
2023-09-06|322.31|324.14|319.305|321.13
2023-09-07|320.62|324.22|320.13|321.96
2023-09-08|321.92|325.97|321.659|325.52
2023-09-11|328.26|330.1499|324.29|324.65
2023-09-12|324.01|335.28|324|330.9
2023-09-13|333.5|337.01|330.82|334.98
2023-09-14|339|345.12|336.85|344.57
2023-09-15|345.15|346.19|341.8586|342.54
2023-09-18|342.54|344.26|339.27|343.32
2023-09-19|343.46|344.97|337.97|341.89
2023-09-20|342.61|343.8029|336.2901|336.7
2023-09-21|334.5|334.6925|330.08|330.24
2023-09-22|330.1|331.5399|326.83|327.89
2023-09-25|327.07|329.285|325.28|328.84
2023-09-26|325.61|327.43|322.42|323.82
2023-09-27|324.98|325|318.98|321.95
2023-09-28|320.21|326.84|320.21|325.2
2023-09-29|327.2|327.96|322.27|323.57
2023-10-02|322.03|323.58|317.1|318.5
2023-10-03|315.27|315.68|304.39|306.12
2023-10-04|304.85|309.06|303.48|308.6
2023-10-05|307.36|310.55|304.2075|310.5
2023-10-06|308.11|315.32|307.17|312.48
2023-10-09|308.9|313.4761|308.37|312.61
2023-10-10|314.47|316.85|312.29|314.77
2023-10-11|315.43|316.63|311.6|313.02
2023-10-12|314.15|314.25|308.02|309.85
2023-10-13|312|316.18|308.174|309.3
2023-10-16|313.18|315.9|310.25|314.39
2023-10-17|313.38|316.18|305.91|309.36
2023-10-18|307|307.22|301.48|301.96
2023-10-19|301.96|305.336|298.63|299.19
2023-10-20|298.5|303.25|298.1|300.05
2023-10-23|298.29|303.55|298.19|299.22
2023-10-24|300|303.1|299.08|299.18
2023-10-25|298.6|300|295.03|296.76
2023-10-26|296.96|300.14|294.7801|296.99
2023-10-27|297.55|298.27|289.3568|289.91
2023-10-30|293.45|301.81|293.29|300.83
2023-10-31|301.68|304.29|300.7|303.61
2023-11-01|303.33|308.25|302.8371|307.16
2023-11-02|309.69|314.54|308|313.76
2023-11-03|318.46|329.33|317.93|327.62
2023-11-06|326.66|328.9|322.1|323.91
2023-11-07|322.13|326.39|321.29|323.95
2023-11-08|323.95|326.66|323.67|324.56
2023-11-09|326|326.65|319.66|320.78
2023-11-10|323.32|326.06|321.65|325.51
2023-11-13|324.16|328.72|323.53|326.91
2023-11-14|333.53|341.775|332.47|338.72
2023-11-15|339.9|341.08|335.3407|337.6
2023-11-16|337.76|339.75|335.01|336.67
2023-11-17|339.5|340.45|338.12|339.19
2023-11-20|340|341.315|337.5|339.45
2023-11-21|338.36|339.09|334.55|334.97
2023-11-22|336.94|338.91|335.37|338.64
2023-11-24|338.8|340.27|337.64|339.15
2023-11-27|339.19|340.02|335.74|337.71
2023-11-28|337.38|338.3999|334.87|337.65
2023-11-29|337|343.53|336.51|340.26
2023-11-30|341.68|344.755|340.09|341.54
2023-12-01|341.46|348.89|340.42|348.43
2023-12-04|346.3|350.49|345.29|349.39
2023-12-05|346.6|346.8337|340.54|341.75
2023-12-06|343.51|347|341.6|341.97
2023-12-07|343.71|344.69|342|344.62
2023-12-08|344.31|352.29|343.7758|350.83
2023-12-11|351.44|353.03|349.05|351.76
2023-12-12|351.41|353.9956|349.58|352.61
2023-12-13|352.94|362.85|351.6|362.73
2023-12-14|366.5|386.2|365|383.47
2023-12-15|380.19|385.895|379.32|380.51
2023-12-18|381.26|382.76|375.91|376.4
2023-12-19|376.01|383.769|374.545|382.45
2023-12-20|380.73|385.13|377.25|377.52
2023-12-21|380.05|381.49|377.01|380.57
2023-12-22|382|383.4896|379.41|380.65
2023-12-26|380.65|382.61|380.05|381.61
2023-12-27|381.2|385.75|380.31|384.48
2023-12-28|384.52|387.76|383.63|386.41
2023-12-29|385.57|386.64|383.57|385.77
2024-01-02|383|389.14|382.19|388.3
2024-01-03|383.88|385.395|376.7633|381.79
2024-01-04|383.55|387.0899|381.95|382.95
2024-01-05|381.92|389.47|381.08|386.44
2024-01-08|385.97|389.08|382.025|388.86