2018-08-01|61.5325|62.09|60.9715|61.6175
2018-08-02|60.8975|62.695|60.3025|62.655
2018-08-03|62.9025|63.265|62.7325|63.025
2018-08-06|62.8975|63.5425|62.4265|63.5075
2018-08-07|64|64.425|63.73|64.2375
2018-08-08|64.25|65.06|63.8975|64.605
2018-08-09|64.785|64.8125|64.0375|64.115
2018-08-10|63.2875|64.025|63.175|63.6975
2018-08-13|63.785|65.25|63.7675|64.03
2018-08-14|65.095|65.5|64.255|65.3575
2018-08-15|65.5675|65.9098|63.975|64.77
2018-08-16|65.475|65.5|63.7525|64.36
2018-08-17|63.235|63.2425|60.9325|61.205
2018-08-20|60.795|63.3|59.68|61.96
2018-08-21|62.125|63.375|61.925|63.33
2018-08-22|63|65.755|62.965|65.705
2018-08-23|65.315|67.37|65.1753|66.71
2018-08-24|66.795|68.2025|66.75|68.055
2018-08-27|68.355|69.725|68.0363|68.975
2018-08-28|68.915|69.145|67.3825|68.595
2018-08-29|68.48|69.875|68.27|69.6225
2018-08-30|69.3075|70.4293|69.08|69.4525
2018-08-31|69.25|70.3|69.15|70.17
2018-09-04|70.0375|71.305|69.75|70.925
2018-09-05|70.7475|71.105|68.7875|69.605
2018-09-06|69.44|69.465|67.8478|68.18
2018-09-07|67.25|69.2325|66.7975|67.965
2018-09-10|68.1925|68.9825|67.75|68.6825
2018-09-11|68.215|69.1|68.005|68.2
2018-09-12|67.7975|67.995|65.48|67.05
2018-09-13|67.715|68.75|67.5403|67.835
2018-09-14|68.7475|69.775|68.375|69.1075
2018-09-17|68.8505|69.345|68.2875|68.4825
2018-09-18|68.5225|69.56|67.6875|67.755
2018-09-19|67.5681|68.1748|67.0625|67.995
2018-09-20|66.7625|67.19|66.025|66.57
2018-09-21|66.69|67.15|65.5275|65.8625
2018-09-24|65.55|66.46|64.67|66.425
2018-09-25|67.0925|67.355|66.2275|67.1025
2018-09-26|67.1525|67.56|66.57|66.73
2018-09-27|67.085|67.3|66.5324|66.85
2018-09-28|68.1825|70.4788|67.9|70.255
2018-10-01|71.04|73.015|70.65|72.34
2018-10-02|72.0625|73.19|71.395|71.62
2018-10-03|72.33|72.405|70.6325|71.6825
2018-10-04|71.3175|71.5625|69.045|69.8225
2018-10-05|69.5725|70.2|66.885|67.465
2018-10-08|66.625|67.79|65.02|66.4425
2018-10-09|66.235|67.19|65.7|66.385
2018-10-10|65.315|65.7775|61.4|61.4225
2018-10-11|60.5425|61.89|58.5653|58.7825
2018-10-12|61.3767|62.3853|59.9125|61.635
2018-10-15|61.5|61.5|58.835|58.845
2018-10-16|59.9825|61.57|59.485|61.4575
2018-10-17|62.085|62.47|60.27|60.765
2018-10-18|61.465|61.8525|59.2725|59.8825
2018-10-19|60.44|60.6375|56.925|57.2925
2018-10-22|57.82|58.83|56.7675|57.805
2018-10-23|55.1075|56.0475|54.1775|55.265
2018-10-24|54.8775|55.3475|49.7125|49.8525
2018-10-25|48.8675|52.4375|48.4204|51.96
2018-10-26|49.5775|51.2105|48.28|49.5725
2018-10-29|50.9975|51.0325|44.0025|46.405
2018-10-30|46.6375|50.85|46.405|50.75
2018-10-31|52.4125|53.1475|51.0025|52.7075
2018-11-01|53.075|54.6225|51.7975|54.5275
2018-11-02|54.4325|55.5|52.5527|53.73
2018-11-05|53.5975|53.8325|51.32|52.9425
2018-11-06|52.8625|53.7125|52.3912|52.765
2018-11-07|53.4375|54.3525|52.795|53.4475
2018-11-08|52.85|52.8575|50.9575|51.4975
2018-11-09|50.6|52.33|50.26|51.4175
2018-11-12|50.495|50.7175|47.165|47.385
2018-11-13|48.3725|51.0525|48.3092|49.8275
2018-11-14|51.575|51.72|48.2076|49.2975
2018-11-15|49.2375|51.325|48.875|50.5975
2018-11-16|40.83|42.665|40.4025|41.1075
2018-11-19|40.4475|40.455|36.1575|36.175
2018-11-20|33.515|38.565|33.3275|37.27
2018-11-21|38.655|38.825|35.9025|36.1775
2018-11-23|35.8275|37.3975|35.6973|36.25
2018-11-26|37.4725|38.3675|36.64|38.2625
2018-11-27|38|39.2525|37.6375|38.4325
2018-11-28|39.62|40.07|38.2813|40.0175
2018-11-29|40|40.375|39.035|39.34
2018-11-30|39.4375|40.965|38.93|40.8575
2018-12-03|43.15|43.67|41.835|42.51
2018-12-04|42.06|42.11|39.125|39.2775
2018-12-06|37.86|39.623|37.7025|39.5725
2018-12-07|39.615|39.7175|36.404|36.9025
2018-12-10|36.45|38.215|36.4125|37.965
2018-12-11|38.89|38.9725|36.25|37.0475
2018-12-12|37.105|38.195|36.205|37.225
2018-12-13|37.6975|38.345|36.86|37.2225
2018-12-14|36.8025|37.6475|36.375|36.6125
2018-12-17|36.31|37.0375|35.31|35.895
2018-12-18|36.3375|37.5825|36.0625|36.735
2018-12-19|36.395|36.9361|34.1075|34.6275
2018-12-20|34.5425|35.45|33.172|33.775
2018-12-21|34.0425|34.375|32.115|32.3925
2018-12-24|31.6225|32.495|31.125|31.77
2018-12-26|32.235|33.285|31.115|33.275
2018-12-27|32.7475|33.095|31.295|32.7925
2018-12-28|33|34.3475|32.5775|33.4125
2018-12-31|33.85|34.1775|33.065|33.375
2019-01-02|32.66|34.62|32.5125|34.055
2019-01-03|33.4475|33.79|31.9233|31.9975
2019-01-04|32.735|34.4325|32.425|34.0475
2019-01-07|34.625|36.2225|34.1075|35.85
2019-01-08|36.6725|36.695|34.225|34.9575
2019-01-09|35.475|36.1225|34.965|35.645
2019-01-10|35.45|36.395|34.84|36.3075
2019-01-11|36.0825|37.4375|35.8025|37.2075
2019-01-14|36.68|37.865|36.4425|37.61
2019-01-15|37.94|38.3375|37.2825|37.4675
2019-01-16|37.7425|38.075|37.1538|37.21
2019-01-17|36.8775|38.3325|36.6025|37.93
2019-01-18|38.4325|39.495|37.9125|39.2325
2019-01-22|38.9275|39.045|36.8877|37.1925
2019-01-23|37.75|38.645|37.0075|37.3225
2019-01-24|38.175|39.6375|38.1275|39.46
2019-01-25|38.86|40.22|37.825|40.0375
2019-01-28|34.1375|35.41|32.75|34.5025
2019-01-29|34.0375|34.525|32.7525|32.9
2019-01-30|33.6675|34.4925|32.865|34.3475
2019-01-31|34.315|36.2975|34.0958|35.9375
2019-02-01|36.125|36.6975|35.645|36.1825
2019-02-04|36.3425|37.67|36.12|37.295
2019-02-05|37.415|37.8575|37.075|37.4875
2019-02-06|37.8225|38.9|37.7675|38.25
2019-02-07|37.782|37.805|36.4225|36.855
2019-02-08|36.1775|37.15|36.0325|37.0425
2019-02-11|36.5975|37.145|36.125|36.6125
2019-02-12|37|37.95|36.855|37.7925
2019-02-13|38.09|38.9575|37.9525|38.22
2019-02-14|38.21|38.9163|37.775|38.6325
2019-02-15|40.7375|40.9675|39.105|39.335
2019-02-19|39.2275|39.9725|39.035|39.16
2019-02-20|39.455|40.315|39.3425|39.6375
2019-02-21|39.765|40.0125|38.795|38.9425
2019-02-22|39.465|39.9875|39.3275|39.7975
2019-02-25|40.64|41.32|39.585|39.6725
2019-02-26|39.625|40.19|38.9375|39.275
2019-02-27|39.13|39.3975|38.2775|38.8525
2019-02-28|38.75|38.975|38.34|38.565
2019-03-01|39.0675|39.5372|38.48|39.1125
2019-03-04|39.5|39.73|38.625|39.195
2019-03-05|39.0375|39.5143|38.49|39.13
2019-03-06|39.04|39.125|37.985|38.0125
2019-03-07|37.775|37.8725|36.85|37.315
2019-03-08|36.415|37.7675|36.2|37.66
2019-03-11|37.8975|40.515|37.4225|40.285
2019-03-12|40.565|41.0975|39.7975|40.63
2019-03-13|41.0075|42.45|40.9325|42.155
2019-03-14|42.2475|42.3675|41.3125|41.39
2019-03-15|41.825|42.8825|41.79|42.4525
2019-03-18|42.77|43.3125|41.9644|42.2375
2019-03-19|43.19|44.375|43.02|43.9275
2019-03-20|44.22|44.7575|43.25|43.6
2019-03-21|43.8325|46.25|43.7825|45.985
2019-03-22|45.71|46.1999|44.235|44.375
2019-03-25|43.965|44.6125|42.7775|43.445
2019-03-26|44.8723|45.4375|43.6492|44.2175
2019-03-27|44.475|44.9425|43.425|44.125
2019-03-28|44.3875|44.975|43.7775|44.3125
2019-03-29|44.985|45.135|44.4775|44.89
2019-04-01|45.815|45.875|45.0936|45.57
2019-04-02|45.8125|46.1972|45.38|45.75
2019-04-03|46.25|47.75|46.2|47.155
2019-04-04|47|47.4925|46.4325|47.065
2019-04-05|47.5|47.9125|47.1325|47.7375
2019-04-08|47.43|48.2|47.1875|47.9475
2019-04-09|47.61|47.7225|46.89|47.315
2019-04-10|47.3075|48.285|47.2625|48.025
2019-04-11|48.05|48.3675|47.3875|47.885
2019-04-12|48.275|48.315|47.415|47.5025
2019-04-15|47.425|47.475|45.775|46.175
2019-04-16|46.57|47.2425|46.241|47.0525
2019-04-17|47.405|47.615|46.5975|46.8225
2019-04-18|46.89|47.2325|46.295|46.575
2019-04-22|46.3375|47.275|46.02|47.1175
2019-04-23|47.25|47.9825|47.1525|47.6675
2019-04-24|47.7725|48.2025|47.16|47.7925
2019-04-25|47.3875|47.6125|45.925|46.7275
2019-04-26|45.1775|45.2219|43.325|44.5225
2019-04-29|44.6025|45.1125|43.875|44.8325
2019-04-30|44.5075|45.5075|44.315|45.25
2019-05-01|45.7775|46.2025|45.115|45.1175
2019-05-02|45.215|46.2175|44.7788|45.7975
2019-05-03|45.8825|45.9825|45.1325|45.7525
2019-05-06|43.875|45.085|43.5|44.9625
2019-05-07|44.475|44.475|42.7925|43.2775
2019-05-08|43|44.2875|42.88|43.48
2019-05-09|42.785|42.8825|41.35|42.5475
2019-05-10|42.2375|42.8975|41|42.205
2019-05-13|40.875|41.1075|39.4525|39.6125
2019-05-14|40.0125|40.865|39.6226|40.51
2019-05-15|39.95|40.2625|39.3525|39.895
2019-05-16|39.84|40.4763|39.4125|40.0475
2019-05-17|39.625|40.9275|38.735|39.1325
2019-05-20|38.1375|38.6925|37.6875|37.9375
2019-05-21|38.55|38.925|38.16|38.765
2019-05-22|38.375|38.6375|37.94|38.05
2019-05-23|37.4225|37.4225|36.2278|36.83
2019-05-24|37.02|37.375|36.22|36.2875
2019-05-28|36.465|36.795|35.8125|35.8325
2019-05-29|35.3525|35.705|34.735|35.085
2019-05-30|35.0775|35.4375|34.3925|34.7775
2019-05-31|34.285|34.6123|33.8475|33.865
2019-06-03|33.9775|34.3675|33.15|33.445
2019-06-04|34.09|35.8025|33.8669|35.75
2019-06-05|36.4925|36.5475|34.955|35.32
2019-06-06|35.3625|36.1925|35.3375|35.945
2019-06-07|36.005|36.72|35.8125|36.375
2019-06-10|36.94|37.7975|36.94|37.1075
2019-06-11|37.71|38.09|37.29|37.6875
2019-06-12|37.25|37.3125|36.3975|36.55
2019-06-13|36.7725|37.25|36.595|37.065
2019-06-14|36.1275|36.3725|35.709|36.16
2019-06-17|36.1425|36.6302|35.9125|36.2575
2019-06-18|36.875|38.7775|36.765|38.22
2019-06-19|38.575|38.6892|38.0185|38.28
2019-06-20|39.1925|39.3325|38.3795|38.525
2019-06-21|38.375|38.87|37.875|37.94
2019-06-24|38.155|38.4625|37.68|38.165
2019-06-25|38.215|38.97|37.8425|37.87
2019-06-26|39.1525|40.43|39.0225|39.815
2019-06-27|40.6775|41|40.315|40.8075
2019-06-28|41.25|41.3425|40.5875|41.0575
2019-07-01|43.1425|43.4875|41.165|41.5425
2019-07-02|41.375|41.5873|40.425|40.5575
2019-07-03|40.7925|40.85|40.0854|40.6875
2019-07-05|40.1|40.145|39.42|40.0575
2019-07-08|39.4575|39.6475|39|39.3025
2019-07-09|38.8775|39.61|38.75|39.3275
2019-07-10|39.765|40.5922|39.625|40.015
2019-07-11|40.75|41.98|40.375|41.57
2019-07-12|41.85|42.6175|41.85|41.9025
2019-07-15|42.115|42.2764|41.5325|41.8175
2019-07-16|41.6675|42.0425|41.2106|41.77
2019-07-17|41.7875|42.4975|41.4935|42.4275
2019-07-18|42.5313|43.1775|41.9625|42.545
2019-07-19|42.93|42.995|42.05|42.11
2019-07-22|42.325|42.96|42.25|42.83
2019-07-23|43.225|43.935|43.0675|43.915
2019-07-24|44.35|44.7225|43.585|44.665
2019-07-25|44.2475|44.375|43.11|43.345
2019-07-26|43.6175|44.2375|43.6175|43.7675
2019-07-29|43.695|43.8674|42.8175|43.705
2019-07-30|43.2375|43.985|43.0925|43.8625
2019-07-31|43.545|43.5538|41.755|42.18
2019-08-01|42.285|43.195|40.7051|41.23
2019-08-02|40.2975|40.995|39.82|40.2975
2019-08-05|38.45|38.4625|37.225|37.6975
2019-08-06|38.45|38.9075|37.6075|38.0875
2019-08-07|37.475|38.5925|37.3|38.4725
2019-08-08|39.0525|39.5775|38.475|39.565
2019-08-09|39.1525|39.1875|38.0375|38.545
2019-08-12|38.02|38.545|37.6425|37.8625
2019-08-13|37.8475|39.475|37.455|39.0125
2019-08-14|38.1259|38.2375|37.0778|37.5175
2019-08-15|37.7075|37.9075|36.8485|37.1925
2019-08-16|39.8375|40.385|39.22|39.89
2019-08-19|41.03|42.855|40.8675|42.695
2019-08-20|42.64|42.645|41.755|41.9675
2019-08-21|42.6325|43.3625|42.415|42.8075
2019-08-22|42.905|43.3325|42.4761|42.87
2019-08-23|42.1|42.6475|40.41|40.61
2019-08-26|41.4025|41.645|40.9775|41.3625
2019-08-27|41.7475|41.775|40.155|40.45
2019-08-28|40.145|40.835|39.75|40.305
2019-08-29|41.225|42.075|41.19|41.75
2019-08-30|42.215|42.715|41.695|41.8775
2019-09-03|41.145|41.4775|40.813|41.0425
2019-09-04|41.6525|42.265|41.6525|42.19
2019-09-05|43.2163|44.9975|43.2|44.935
2019-09-06|44.7|45.2725|44.28|44.6625
2019-09-09|44.975|45.995|44.96|45.125
2019-09-10|44.795|46.0625|44.6975|45.795
2019-09-11|45.9425|46.5675|45.6501|46.0825
2019-09-12|46.55|47.1|45.9875|46.0675
2019-09-13|45.3975|45.77|45.045|45.485
2019-09-16|44.73|45.4|44.625|45.0525
2019-09-17|45.12|45.3089|44.6525|45.2675
2019-09-18|45.1975|45.355|44.125|44.995
2019-09-19|45.055|45.24|44.1275|44.235
2019-09-20|44.225|44.4625|43.07|43.1725
2019-09-23|43.175|44.1675|43.1375|43.71
2019-09-24|44.025|44.3225|42.775|43.1325
2019-09-25|43.1275|44.755|42.6775|44.5575
2019-09-26|44.46|44.5475|43.8225|44.335
2019-09-27|43.915|44.425|42.33|42.94
2019-09-30|43.2|43.62|42.885|43.5175
2019-10-01|43.75|45.25|43.4525|43.5
2019-10-02|43.28|43.4|42.5325|43.26
2019-10-03|43.305|45.39|43|45.3275
2019-10-04|45.35|45.7875|44.695|45.4925
2019-10-07|46.145|47.085|46.0575|46.0825
2019-10-08|45.16|45.16|44.125|44.3075
2019-10-09|45.08|45.675|44.79|45.1775
2019-10-10|45.155|46.27|45.1025|45.7575
2019-10-11|46.6025|47.335|46.4125|46.4975
2019-10-14|46.41|46.8425|46.0963|46.6325
2019-10-15|47.54|49.8225|47.4|49.0925
2019-10-16|48.75|49.805|48.4375|48.5525
2019-10-17|49|49.4536|48.025|48.5725
2019-10-18|48.5775|48.905|46.875|47.6225
2019-10-21|48.24|49.1375|48.05|49.0025
2019-10-22|49.575|50.6325|48.825|48.9025
2019-10-23|48.0775|48.915|47.7575|48.7725
2019-10-24|49.1875|49.5525|48.845|49.215
2019-10-25|50.025|51.3451|49.9475|51.135
2019-10-28|51.575|52.225|51.2792|51.6975
2019-10-29|51.5575|51.6225|50.535|50.73
2019-10-30|51|51.0575|50.065|50.75
2019-10-31|50.54|50.75|49.4525|50.255
2019-11-01|49.9|50.9725|49.6481|50.6475
2019-11-04|51.4625|52.75|51.2301|52.625
2019-11-05|52.6225|52.885|51.92|52.4025
2019-11-06|52.16|52.4175|51.0275|51.9075
2019-11-07|52.7765|52.925|51.635|52.085
2019-11-08|51.915|52.2625|51.5375|51.945
2019-11-11|51.9375|52.2775|51.07|52.045
2019-11-12|52.43|52.965|52.0775|52.4025
2019-11-13|52.0875|52.365|51.475|52.1425
2019-11-14|52.2325|52.47|51.629|52.4475
2019-11-15|52.425|52.945|50.1594|51.0475
2019-11-18|50.9725|53.3375|50.9425|53.07
2019-11-19|52.758|52.995|51.4125|51.9975
2019-11-20|51.7675|53.6375|51.6411|52.795
2019-11-21|52.75|53.31|52.3275|52.545
2019-11-22|52.7725|53.2408|52.485|52.7225
2019-11-25|54.01|55.3525|53.88|55.3025
2019-11-26|55.125|55.1724|54.185|54.25
2019-11-27|54.6675|55.0125|54.295|54.56
2019-11-29|54.25|54.535|53.945|54.185
2019-12-02|54.115|54.25|52.16|52.3125
2019-12-03|50.4675|51.955|50.0925|51.915
2019-12-04|52.755|52.98|52.0675|52.355
2019-12-05|52.575|52.7325|51.8771|52.185
2019-12-06|52.88|53.3725|52.78|53.0425
2019-12-09|52.8125|53.5925|52.725|53.0425
2019-12-10|53.345|54.015|52.815|53.495
2019-12-11|53.6|54.39|53.575|54.335
2019-12-12|54.045|56.2|53.955|56.0175
2019-12-13|56.0475|57.245|55.455|55.9975
2019-12-16|56.475|57.0161|56.1925|56.2875
2019-12-17|56.475|57.3|56.38|57.0725
2019-12-18|57.4225|57.985|57.3375|57.3775
2019-12-19|57.725|59|57.675|58.865
2019-12-20|59.5325|60.0975|59.3388|59.8425
2019-12-23|60.13|60.4525|59.5975|59.705
2019-12-24|59.55|59.8275|59.205|59.655
2019-12-26|59.69|60.08|59.5|59.7975
2019-12-27|59.95|60.085|58.9525|59.2175
2019-12-30|58.9975|59.05|57.765|58.08
2019-12-31|57.725|58.9188|57.5325|58.825
2020-01-02|59.6875|59.9775|59.18|59.9775
2020-01-03|58.775|59.4575|58.525|59.0175
2020-01-06|58.08|59.3175|57.8275|59.265
2020-01-07|59.55|60.4425|59.0975|59.9825
2020-01-08|59.94|60.51|59.5373|60.095
2020-01-09|60.9625|61.4824|60.2138|60.755
2020-01-10|61.8325|62.1375|60.9375|61.08
2020-01-13|61.915|63.2471|61.6875|62.995
2020-01-14|62.565|62.82|61.6875|61.82
2020-01-15|61.9475|62.1723|61.1325|61.3925
2020-01-16|61.93|62.2925|61.6938|62.2325
2020-01-17|62.425|62.5|61.8425|62.32
2020-01-21|61.9513|62.3225|61.6426|61.985
2020-01-22|62.44|63.3975|62.25|62.5125
2020-01-23|62.93|63.3|62.0375|63.215
2020-01-24|64.375|64.875|62.075|62.62
2020-01-27|59.56|60.5625|58.0575|60.05
2020-01-28|60.7125|62.3175|60.1786|61.9925
2020-01-29|61.8475|62.21|60.985|61.385
2020-01-30|60.4025|61.5875|59.85|61.4525
2020-01-31|60.9925|61.1125|58.6875|59.1075
2020-02-03|58.925|60.2778|58.8625|60.0825
2020-02-04|61.5075|61.975|61.005|61.7825
2020-02-05|62.9975|63.1|61.8525|62.69
2020-02-06|63.035|63.5625|62.22|63.5613
2020-02-07|63.16|63.3825|62.643|62.8975
2020-02-10|63.125|65.75|63.075|65.7425
2020-02-11|66.83|68.125|66.2075|66.9725
2020-02-12|67.5025|68.2|67.1119|68.135
2020-02-13|67.5525|68.37|67.2775|67.695
2020-02-14|71.815|73.7425|71.5|72.4475
2020-02-18|71.4109|74.3275|71.215|74.1425
2020-02-19|75.3725|78.8525|75.3714|78.675
2020-02-20|78.1913|79.08|74.0875|77.175
2020-02-21|76.0475|76.3|72.665|73.5175
2020-02-24|67.5475|70.4681|67|68.32
2020-02-25|69.0759|69.6975|64.49|65.5125
2020-02-26|65.515|68.8625|65.5|66.9125
2020-02-27|63.725|66.75|62.2225|63.15
2020-02-28|60.6138|68.115|60.4475|67.5175
2020-03-02|69.225|69.3975|65.25|69.1075
2020-03-03|69.6666|70.2675|65.615|66.4725
2020-03-04|67.55|71.2225|66.8|71.1275
2020-03-05|69.125|70.8|67.875|68.3225
2020-03-06|66.52|67.0975|64.5|66.51
2020-03-09|59.975|64.85|59.545|61.36
2020-03-10|64.135|65.27|61.4975|65.27
2020-03-11|63.8638|64.15|60.6425|61.6175
2020-03-12|56.365|59.0298|53.95|54.0775
2020-03-13|57.625|60.255|54.9025|60.21
2020-03-16|53.1025|56.525|48.5|49.1
2020-03-17|50.2275|55.215|47.75|54.3175
2020-03-18|50.0238|52.485|45.1702|50.705
2020-03-19|50.49|54.1825|48.3475|53.2425
2020-03-20|54.75|57.58|51.2825|51.4375
2020-03-23|51.4275|54.12|49.63|53.1725
2020-03-24|57.25|63.165|57.0125|62.295
2020-03-25|63.45|65.455|60.915|61.405
2020-03-26|63.485|65.555|62.5|64.31
2020-03-27|62.5|65.7794|62.17|63.1825
2020-03-30|63.84|66.49|63.3975|66.3975
2020-03-31|66.8|68.85|64.4375|65.9
2020-04-01|63.9125|65.3825|60.32|60.7675
2020-04-02|61.06|64|60.5775|63.8675
2020-04-03|63.49|63.9075|59.5975|60.9775
2020-04-06|63.81|67.47|63.2325|67.1
2020-04-07|69.325|69.5625|64.325|64.7575
2020-04-08|65.8525|66.9875|65.15|66.7375
2020-04-09|68|68.23|65.105|65.7375
2020-04-13|65.1375|67.55|64.25|67.4625
2020-04-14|68.75|71.33|68.4723|70.9875
2020-04-15|69.3|71.0418|68.845|70.21
2020-04-16|71.77|74.75|71.6375|73.675
2020-04-17|74.5|74.715|71.735|73.08
2020-04-20|71.81|73.375|71.3175|71.7625
2020-04-21|70.5775|71.1925|66.7775|67.3775
2020-04-22|69.3075|71.9675|68.85|71.5375
2020-04-23|71.96|73.2844|70.75|71.0025
2020-04-24|70.9|72.4175|70.15|72.3975
2020-04-27|73.7475|75.875|73.5|74.27
2020-04-28|75.75|76.05|72.785|72.84
2020-04-29|74.1925|75.145|73.4375|74.615
2020-04-30|74.0732|74.615|72.93|73.07
2020-05-01|71.0875|72.225|70.2108|70.695
2020-05-04|70.22|72.96|70.22|72.8213
2020-05-05|73.8675|75.0675|72.8225|73.435
2020-05-06|74.2325|75.5|73.8525|74.4475
2020-05-07|75.845|76.8525|75.3308|76.2175
2020-05-08|76.9375|78.1875|76.5975|78.125
2020-05-11|78.075|81.125|77.7875|80.655
2020-05-12|81.235|81.725|77.9275|78.025
2020-05-13|79.175|80.785|75.9475|77.8
2020-05-14|78.4163|80.36|76.875|80.305
2020-05-15|78.8975|85.005|78.74|84.9075
2020-05-18|87.605|89.165|86.805|87.5025
2020-05-19|87.9025|90.875|87.6275|88.055
2020-05-20|89.91|90.43|88.8875|89.7
2020-05-21|90.515|90.5241|87.375|87.7525
2020-05-22|88.2525|90.93|87.1325|90.2625
2020-05-26|91.5675|91.8175|86.72|87.1775
2020-05-27|86.25|86.3275|79.9675|85.2525
2020-05-28|84.1225|87.605|83.7925|84.87
2020-05-29|85.545|88.755|84.85|88.755
2020-06-01|88.3325|88.4075|86.895|88.0625
2020-06-02|87.9625|88.3725|86.58|88.2525
2020-06-03|88.2225|88.6625|87|87.695
2020-06-04|87.28|89.4325|86.775|87.665
2020-06-05|87.945|89.97|87.0798|89.2
2020-06-08|88.7725|88.8963|86.8575|88.05
2020-06-09|88|91.0975|87.5125|90.46
2020-06-10|91.6775|95|91.535|93.6675
2020-06-11|91.5|92.6125|87.86|87.9625
2020-06-12|91.625|91.8725|87.0335|89.325
2020-06-15|88.1525|91.8225|87.4375|91.7375
2020-06-16|92.25|92.6675|88.3875|90.685
2020-06-17|91.1375|92.99|90.7025|92.36
2020-06-18|92.27|92.825|91.145|92.18
2020-06-19|92.425|94.45|92.2734|92.6125
2020-06-22|93|95.3125|92.733|95.2675
2020-06-23|95.51|96.425|94.075|94.5
2020-06-24|94.7625|95.5638|91.4451|92.355
2020-06-25|93.5575|95.05|91.8225|94.9
2020-06-26|95|95|91.25|91.55
2020-06-29|91.6975|92.045|89|92
2020-06-30|93.1399|95.2625|92.665|94.9775
2020-07-01|95.2075|95.7567|94.13|95.3
2020-07-02|96.39|97.375|95.7825|96.1225
2020-07-06|97.4175|99.0875|97.125|98.3925
2020-07-07|99.4625|100.7|98.5075|98.7175
2020-07-08|99.9375|102.25|99.655|102.16
2020-07-09|103.8025|105.7|102.335|105.09
2020-07-10|105.8875|106.5525|103.7875|104.7925
2020-07-13|105.95|107.9225|100.25|100.5225
2020-07-14|100.75|104.0275|97.855|103.77
2020-07-15|104.1425|104.33|100.5575|102.2725
2020-07-16|100.15|102.0675|98.955|101.3475
2020-07-17|102.255|102.485|100.8775|102.015
2020-07-20|102.7425|105.3125|101.5675|105.1075
2020-07-21|105.13|105.5993|102.8675|103.285
2020-07-22|103.675|106.025|102.9156|104.3875
2020-07-23|104.5|105.47|100.3125|101.2975
2020-07-24|98.75|103.6475|97.77|101.945
2020-07-27|102.3225|104.4175|102.1775|104.215
2020-07-28|103.7425|103.82|102.0925|102.155
2020-07-29|103.908|105.1625|103.47|104.655
2020-07-30|103.75|106.2305|102.9525|106.14
2020-07-31|105.6325|107.665|104.33|106.1475
2020-08-03|107.325|110.9875|107.1525|110.1025
2020-08-04|110.5|112.2775|109.06|112.2775
2020-08-05|112.44|113.7168|111.6625|112.8675
2020-08-06|113.4975|113.58|111.7875|113.355
2020-08-07|113.125|115.0475|110.375|111.995
2020-08-10|113.3425|114.0825|108.565|111.65
2020-08-11|110.7375|111.3675|107.9575|108.5
2020-08-12|109.9075|114.67|109.5825|114.4025
2020-08-13|115.46|117.2175|113.5575|114.43
2020-08-14|115.3|117.0475|114.405|115.64
2020-08-17|118.5125|124.0975|118.1719|123.37
2020-08-18|124.5|124.96|120.8625|122.6075
2020-08-19|122.965|123.15|120.98|121.385
2020-08-20|119.75|123.75|118.7875|121.41
2020-08-21|122.0175|128.087|121.9516|126.835
2020-08-24|128.8375|129.125|125.075|127.2025
2020-08-25|126.3075|127.6125|125.7375|127.5
2020-08-26|127.9924|128.6849|126.7775|127.73
2020-08-27|127.815|128.5|125.6643|126.2825
2020-08-28|126.7491|131.48|126.425|131.4775
2020-08-31|131.8279|135.75|130.3775|133.745
2020-09-01|134.8|139.9375|134.365|138.21
2020-09-02|147.0375|147.2675|139|143.465
2020-09-03|138.2864|138.845|128.7875|130.155
2020-09-04|127.8375|131.75|117.0475|126.225
2020-09-08|117.345|125.5|117.0425|119.13
2020-09-09|124|128.0925|122.3175|127.15
2020-09-10|129.8925|130.6525|121.67|123.1175
2020-09-11|124.855|126.525|118.9575|121.645
2020-09-14|130.81|133.15|126.3114|128.7225
2020-09-15|132.8|132.9875|128.2775|129.91
2020-09-16|129.5725|130.9275|125.1375|125.145
2020-09-17|121.3224|125.8975|120.3475|124.635
2020-09-18|125.9375|126.325|119.8875|121.8925
2020-09-21|119.25|125.225|119.045|125.1725
2020-09-22|125.75|126.48|121.5555|126.3775
2020-09-23|125.755|127.27|120.7925|121.2375
2020-09-24|120.7225|125.695|120.14|123.48
2020-09-25|124.475|128.835|122.4575|128.7375
2020-09-28|130.4025|130.5175|127.5|130.35
2020-09-29|129.375|134.4275|129.3325|132.2575
2020-09-30|131.575|136.225|131.5025|135.305
2020-10-01|137.58|137.6274|134.6075|136.145
2020-10-02|132.25|135.195|130.51|130.6225
2020-10-05|132.36|136.4425|132.2277|136.425
2020-10-06|138.3|141.42|136.65|137.365
2020-10-07|139.9975|141.1925|138.635|139.64
2020-10-08|140.75|140.845|137.58|138.3875
2020-10-09|137.67|138.2425|136.6075|137.6275
2020-10-12|139.895|143.47|139.125|142.26
2020-10-13|142.965|143.485|140.1863|142.4825
2020-10-14|142.905|143.4275|139.6|140.9525
2020-10-15|138.1068|140.0575|137.6775|139.7
2020-10-16|140.3675|141.215|137.925|138.115
2020-10-19|139.0288|139.835|134.0675|134.9775
2020-10-20|135.835|137.9975|135.07|136.455
2020-10-21|136.25|137.915|134.775|135.2475
2020-10-22|135.225|136.1175|132.3175|133.61
2020-10-23|134.5|135.9325|132.9125|135.9025
2020-10-26|134.27|136.9279|130.385|131.4125
2020-10-27|133.06|134.42|131.915|133.9675
2020-10-28|131.98|132.6|126.09|126.27
2020-10-29|128.385|131.9275|127.5|130.24
2020-10-30|128.5|129.3638|123|125.34
2020-11-02|126.5775|128.3666|123.95|125.8075
2020-11-03|127.085|131.05|126.0275|130.195
2020-11-04|133.8925|138.275|133.3688|137.9425
2020-11-05|141.625|143.39|139.91|141.6
2020-11-06|141.0975|145.8875|138.95|145.62
2020-11-09|145.525|146.915|136.1075|136.3075
2020-11-10|136.065|136.065|126.2825|127.7
2020-11-11|130.5375|134.3488|129.4825|134.18
2020-11-12|134.7892|137.66|133.16|134.5675
2020-11-13|136.2728|136.6875|130.5925|132.97
2020-11-16|131.725|136.495|131.56|135.1525
2020-11-17|135.525|135.9625|133.0387|134.2225
2020-11-18|134.6525|136.0575|131.85|134.2875
2020-11-19|132.1275|134.875|131|134.4025
2020-11-20|134.54|134.945|130.65|130.8775
2020-11-23|131.7113|133.825|130.155|131.4
2020-11-24|131.425|131.62|128.85|129.5775
2020-11-25|130.325|132.6939|130.2|132.3475
2020-11-27|133.75|134.075|131.7055|132.6125
2020-11-30|132.65|134.125|129.7235|134.015
2020-12-01|134.9225|135.2875|132.2825|133.9
2020-12-02|133.505|136.7344|132.3425|135.445
2020-12-03|135.875|136.6|133.29|133.96
2020-12-04|134.485|135.6|133.8869|135.5825
2020-12-07|136.0125|137.3125|135|136.0675
2020-12-08|135.85|135.9875|132.815|133.5
2020-12-09|133.005|134.14|128.6824|129.3075
2020-12-10|128.69|130.6875|128.4938|129.7225
2020-12-11|129.6725|130.2|128.23|130.1325
2020-12-14|130.8788|133.8875|130.775|133.0875
2020-12-15|134.3975|134.64|131.8675|133.605
2020-12-16|134.225|134.3725|132.125|132.425
2020-12-17|133.6675|133.795|131.785|133.4125
2020-12-18|133.79|134.05|130.705|132.72
2020-12-21|130.7475|133.7|129.675|133.3225
2020-12-22|133.1925|133.3725|130.5388|132.7825
2020-12-23|132.56|132.75|130.05|130.0925
2020-12-24|130.3725|131.325|129.3875|129.9375
2020-12-28|130.625|130.625|127.6318|129
2020-12-29|129.25|130.725|128.4225|129.4325
2020-12-30|129.9031|132.1375|128.9675|131.4575
2020-12-31|131.365|131.5113|129.15|130.55
2021-01-04|131.0425|136.525|129.625|131.135
2021-01-05|130.9975|134.435|130.87|134.0475
2021-01-06|132.225|132.45|125.86|126.145
2021-01-07|129.675|133.7775|128.865|133.44
2021-01-08|133.625|134.21|130.42|132.7675
2021-01-11|134.1875|139.61|133.625|136.215
2021-01-12|137.525|137.545|133.45|134.8475
2021-01-13|134.8997|136.25|133.85|135.3175
2021-01-14|135.75|135.9975|131.805|132.0025
2021-01-15|132.28|133.2525|128.485|128.595
2021-01-19|130.1625|130.9398|128.44|130.2525
2021-01-20|131.1175|134.305|130.5675|133.6575
2021-01-21|134.1861|139.9936|132.53|138.675
2021-01-22|137.4009|138.4173|136.2725|137.125
2021-01-25|137.8175|138.285|132.3648|136.5325
2021-01-26|135.8044|136.4475|133.875|134.3525
2021-01-27|132.3|132.3275|127.9375|129.1775
2021-01-28|129.9625|133.3975|129.605|130.51
2021-01-29|130.75|133.3475|129.1151|129.8975
2021-02-01|130.5334|132.7075|129.0275|132.37
2021-02-02|133.9875|135.72|132.855|135.5675
2021-02-03|136.36|139.3175|135.165|135.305
2021-02-04|135.31|136.735|133.3786|136.6425
2021-02-05|137.25|137.3725|135.4575|135.91
2021-02-08|137.2722|144.7375|137.2722|144.3875
2021-02-09|143.4063|145.8325|142.225|142.6325
2021-02-10|144.6325|149.05|143.4138|147.6425
2021-02-11|149.8025|152.7225|149.25|152.5075
2021-02-12|150.5|152.9114|147.75|149.6125
2021-02-16|150.6425|153.725|149.5|153.3025
2021-02-17|151.71|152.2352|147.8|149.06
2021-02-18|147.29|148.7325|145.75|148.29
2021-02-19|150.245|151.77|148.467|149.265
2021-02-22|147.7475|151.3325|143.25|143.5575
2021-02-23|140.7525|142.3875|133.895|141.42
2021-02-24|141.2275|145.0675|137.56|144.99
2021-02-25|140.4542|143.7475|132.1625|133.075
2021-02-26|137.525|138.545|133.61|137.145
2021-03-01|138.75|139.25|135.5325|138.4175
2021-03-02|139|139.205|133.96|134.0625
2021-03-03|134.2625|134.515|127.9875|128.0475
2021-03-04|128.0075|129.75|120.8375|123.7025
2021-03-05|125.5|125.5|116.7925|124.615
2021-03-08|124.5|124.7125|115.665|115.9325
2021-03-09|121.3025|126.1675|120.5925|125.2025
2021-03-10|128.405|129.8|124.575|124.6825
2021-03-11|129.5|130.4625|127.345|129.935
2021-03-12|126.4825|128.8875|125.9|128.56
2021-03-15|128.6475|132.0675|127.6713|131.9125
2021-03-16|133.565|135.125|131.1675|132.9125
2021-03-17|130.3975|134.5325|129.895|133.4125
2021-03-18|131.365|131.84|127.1704|127.225
2021-03-19|127.5|129.215|126.125|128.4575
2021-03-22|129.1275|133.945|129.0675|131.8625
2021-03-23|132.5425|133.445|130.2125|130.7075
2021-03-24|131.5125|131.5913|126.3675|126.43
2021-03-25|124.995|127.1475|122.72|125.3525
2021-03-26|125.545|128.5625|123.735|128.3925
2021-03-29|128.2025|130.625|127|129.4825
2021-03-30|128.4195|129.7525|127.05|128.7175
2021-03-31|130.155|134.705|129.825|133.4825
2021-04-01|135.7225|138.7|135.1125|138.1175
2021-04-05|138.675|140.1396|137.33|139.875
2021-04-06|139.9968|140.5413|137.7362|138.615
2021-04-07|138.8075|142.435|137.115|141.435
2021-04-08|142.5275|144.715|142.4894|143.17
2021-04-09|142.14|144.08|141.75|144
2021-04-12|142.8975|153.525|141.3925|152.09
2021-04-13|152.315|157|151.2575|156.795
2021-04-14|156.25|157.2046|152.275|152.77
2021-04-15|156.625|162.1415|156.315|161.3725
2021-04-16|160.5309|161.6575|158.6525|159.125
2021-04-19|155.3654|158.075|152.33|153.6175
2021-04-20|153.2325|154.97|149.63|151.7125
2021-04-21|151.1875|153.625|151.0225|153.605
2021-04-22|153.75|154.3857|147.835|148.5025
2021-04-23|149.3436|153.3488|149.0025|152.6525
2021-04-26|151.8505|154.79|151.25|154.78
2021-04-27|155.785|156.705|153.545|153.8175
2021-04-28|153.645|155.3225|152.1552|152.7675
2021-04-29|154|154.365|150.715|153.2475
2021-04-30|151.745|153.65|149.97|150.095
2021-05-03|151.25|152.4675|147.875|148.3675
2021-05-04|146.3725|146.375|140.1025|143.5125
2021-05-05|147.09|148.135|143.875|144.585
2021-05-06|144.9525|145.7125|142.1809|145.23
2021-05-07|148.0825|149.7075|146.7171|148.1225
2021-05-10|147.8725|148.06|142.5|142.6575
2021-05-11|138.25|143.5475|137.5|143.0625
2021-05-12|140.095|142.6025|137.0925|137.585
2021-05-13|140.3375|140.8075|134.59|136.6525
2021-05-14|138.9|143.2811|137.485|142.43
2021-05-17|141.57|141.6925|138.535|141.655
2021-05-18|142.67|144.0425|140.04|140.1575
2021-05-19|135.665|140.795|135.4325|140.6575
2021-05-20|143.025|146.8379|142.705|146.125
2021-05-21|151.6375|152.22|148.6939|149.9175
2021-05-24|152.125|157.45|151.76|156.12
2021-05-25|157.66|158.185|154.825|156.4775
2021-05-26|157.3425|157.9375|155.8625|157
2021-05-27|156.9975|157.5|154.6|154.88
2021-05-28|155.01|162.7748|155.01|162.445
2021-06-01|162.7|163.8813|159.0325|162.645
2021-06-02|162.5225|169.1887|162.355|167.7825
2021-06-03|167.0075|172.59|165.83|169.6975
2021-06-04|171.125|176.61|170.955|175.7825
2021-06-07|175.7114|178.125|171.9275|176.19
2021-06-08|175.2725|176.2159|172.51|174.57
2021-06-09|175.1575|175.75|172.5575|173.5825
2021-06-10|173.5|174.92|171.76|174.25
2021-06-11|174.795|179.3923|174.4375|178.2525
2021-06-14|179.06|180.395|176.6275|180.1875
2021-06-15|179.15|180.1625|177.2795|177.885
2021-06-16|177.9075|179.5468|175.8442|178.1025
2021-06-17|177.7457|188.35|177.5625|186.5725
2021-06-18|187.84|193.75|185.84|186.3875
2021-06-21|184.3525|185.365|178.2265|184.2725
2021-06-22|184.715|189.6375|183.8587|188.8675
2021-06-23|190.0775|191.5275|189.0775|190.5725
2021-06-24|192.2775|194.2|190.8825|192.055
2021-06-25|192.805|193.455|188.9438|190.31
2021-06-28|193.6125|200.7875|193.19|199.85
2021-06-29|198.825|200.9875|196.5688|200.2675
2021-06-30|199.9913|201.625|198.6375|200.025
2021-07-01|201.25|204.56|200.19|202.12
2021-07-02|204.4013|205.0525|202.8775|204.87
2021-07-06|207.375|208.42|203.5025|206.985
2021-07-07|208.535|208.75|203.3205|203.7175
2021-07-08|198.565|201.33|197.0075|199.0275
2021-07-09|199.625|200.8013|197.5425|200.5025
2021-07-12|202.4|205.3275|201.8775|205.125
2021-07-13|204.005|204.6125|201.14|202.5
2021-07-14|203.5775|204.1775|197.5275|198.415
2021-07-15|198.1175|198.47|188.585|189.6625
2021-07-16|190.305|191.5711|180.73|181.61
2021-07-19|179.1525|190.42|178.655|187.7975
2021-07-20|187.3|188.38|181.64|186.12
2021-07-21|188.82|195.27|187.42|194.1
2021-07-22|196.42|198.87|192.76|195.94
2021-07-23|196.5635|197|192.5|195.58
2021-07-26|193.11|194.42|189.14|192.94
2021-07-27|192.65|196.22|187.41|192.08
2021-07-28|193.192|196.46|189.95|195.03
2021-07-29|195.19|198.53|193.2803|196.62
2021-07-30|194.18|196.3|192.63|194.99
2021-08-02|197|199.61|193.61|197.5
2021-08-03|197.4|202.22|192.2|198.15
2021-08-04|199.9|203.18|198.28|202.74
2021-08-05|205|207.33|203.42|206.37
2021-08-06|205.24|205.7|202.1|203.66
2021-08-09|204.46|205.0799|201.43|202.95
2021-08-10|203.22|204.3|198.3454|199.36
2021-08-11|200.43|200.49|194.3|196.99
2021-08-12|198.7|200.2899|196.2|199.05
2021-08-13|199.05|202.1381|198.51|201.88
2021-08-16|201.35|202.87|194.53|199.5
2021-08-17|196.85|197.7|192.67|194.58
2021-08-18|195|196.3365|190|190.4
2021-08-19|194.94|204.95|187.62|197.98
2021-08-20|199.91|208.6506|199.33|208.16
2021-08-23|209.71|219.97|209.5|219.58
2021-08-24|217.53|219.59|215.35|217.93
2021-08-25|217.37|224.7|217.22|222.13
2021-08-26|222|223.4|217.9|220.68
2021-08-27|221.84|227.22|221.67|226.36
2021-08-30|228.2997|230.43|225.51|226.88
2021-08-31|226.95|226.95|221.2|223.85
2021-09-01|224.85|226.97|223.565|224.41
2021-09-02|225.18|225.9299|222.945|223.96
2021-09-03|223.25|229.86|222|228.43
2021-09-07|228.33|228.99|225.224|226.62
2021-09-08|225.13|226.1|219.77|223.39
2021-09-09|223.12|225.38|221.31|221.77
2021-09-10|223.4831|226.26|222.7|224.78
2021-09-13|226.84|229.64|218.58|221.52
2021-09-14|222.75|224.1|220.86|222.42
2021-09-15|223.09|223.6699|219.66|223.41
2021-09-16|221.8345|222.77|219.27|222.42
2021-09-17|223|223.21|218.3|219
2021-09-20|211.46|214.33|206.62|211.13
2021-09-21|214.165|214.25|209.5|212.46
2021-09-22|213.655|219.6|211.96|219.41
2021-09-23|221.4|225.345|218.9|224.82
2021-09-24|220.7|221.49|218.61|220.81
2021-09-27|217.1035|217.99|213.25|216.6
2021-09-28|212.135|214.19|206.51|206.99
2021-09-29|209.395|210.17|204.67|205.17
2021-09-30|207.684|210.66|206.88|207.16
2021-10-01|207.5|208.59|202.03|207.42
2021-10-04|205.04|205.4179|195.55|197.32
2021-10-05|199.5|206.48|198.54|204.51
2021-10-06|201.2|207.2|200.8|207
2021-10-07|210.92|213.22|209.72|210.75
2021-10-08|211.01|212.06|207.75|208.31
2021-10-11|205.75|210.63|205.11|206.95
2021-10-12|208.275|210.57|205.28|206.71
2021-10-13|209.18|209.9|207.13|209.39
2021-10-14|212.88|217.55|211.2201|217.46
2021-10-15|218.1|219.31|216.62|218.62
2021-10-18|217.49|222.91|216.44|222.22
2021-10-19|222.76|223.79|220.37|222.9
2021-10-20|223.045|224.33|219.82|221.03
2021-10-21|220.97|227.11|220.83|226.92
2021-10-22|228.23|231.3|225.61|227.26
2021-10-25|229.73|233.5499|227.7|231.66
2021-10-26|239.89|252.59|239.24|247.17
2021-10-27|244.74|250.9|242.8201|244.51
2021-10-28|248.78|249.5|245.23|249.41
2021-10-29|250.005|257.09|250|255.67
2021-11-01|256.49|258.94|252.27|258.27
2021-11-02|258.22|266.78|258|264.01
2021-11-03|266.7|267.84|262.35|265.98
2021-11-04|272.29|313.65|271.18|298.01
2021-11-05|301.87|314|294.1|297.52
2021-11-08|301.49|311|299.07|308.04
2021-11-09|322.82|323.1|299.64|306.57
2021-11-10|293.56|308.5|287.78|294.59
2021-11-11|304.68|305.9|297.7701|303.9
2021-11-12|300.1|306.8|296.3|303.9
2021-11-15|305.52|306.44|292.47|300.25
2021-11-16|297.59|303.9|297.0587|302.03
2021-11-17|304.18|305.09|288|292.61
2021-11-18|323.67|327.6|313.21|316.75
2021-11-19|322.43|330.88|319.05|329.85
2021-11-22|335.17|346.47|319|319.56
2021-11-23|315.35|323.6|308.8|317.46
2021-11-24|314.61|328.55|309.28|326.74
2021-11-26|326|327.1|313.5|315.03
2021-11-29|323.66|334.12|320.36|333.76
2021-11-30|331.69|333.53|318.6401|326.76
2021-12-01|332.1947|332.8934|313.8|314.35
2021-12-02|312.14|324.7799|310.25|321.26
2021-12-03|320|321.29|301.3|306.93
2021-12-06|298.8|302.41|280.38|300.37
2021-12-07|309.57|324.49|306.51|324.27
2021-12-08|319.99|322.9|314.2101|318.26
2021-12-09|317.34|322.05|304.28|304.9
2021-12-10|311.5|313.05|298.61|301.98
2021-12-13|302.49|302.94|281.16|281.61
2021-12-14|276.99|286.78|272.5|283.37
2021-12-15|284|305|278.38|304.59
2021-12-16|311.52|311.6|280.93|283.87
2021-12-17|279.85|289.22|277.6|278.01
2021-12-20|273.05|281.44|271.45|277.19
2021-12-21|283.74|291.2|274.01|290.75
2021-12-22|288.91|295.55|284.49|294
2021-12-23|297.55|300.59|294.3101|296.4
2021-12-27|296.6|310.865|296.4|309.45
2021-12-28|313.12|313.3|300.1181|303.22
2021-12-29|302.725|305.48|293.66|300.01
2021-12-30|298.27|304.57|295.4|295.86
2021-12-31|296.74|300.3|293.3057|294.11
2022-01-03|298.15|307.11|297.85|301.21
2022-01-04|302.77|304.68|283.49|292.9
2022-01-05|289.49|294.16|275.33|276.04
2022-01-06|276.4|284.3799|270.65|281.78
2022-01-07|281.41|284.22|270.57|272.47
2022-01-10|265.81|274.69|256.4384|274
2022-01-11|273.225|280.65|268.39|278.17
2022-01-12|280.665|285.95|276.08|279.99
2022-01-13|283.79|284.8|264.98|265.75
2022-01-14|263|271.969|262.1001|269.42
2022-01-18|262.6|266.38|257.7|259.03
2022-01-19|260.79|265.4317|250.52|250.67
2022-01-20|253.04|255.7904|240.78|241.5
2022-01-21|235.07|248.23|232.63|233.74
2022-01-24|223.3|233.8|208.88|233.72
2022-01-25|225.46|229.43|220|223.24
2022-01-26|232.4|240.57|223|227.72
2022-01-27|235.68|239.95|216.75|219.44
2022-01-28|220.1215|228.58|212.96|228.4
2022-01-31|231.82|245.09|230.52|244.86
2022-02-01|251.04|251.45|238.9001|246.38
2022-02-02|257.94|258.17|245.5301|252.42
2022-02-03|244.58|250.77|237.8|239.48
2022-02-04|239.72|246.35|236.32|243.19
2022-02-07|243.72|251.82|242.02|247.28
2022-02-08|243.59|252.3|239.8|251.08
2022-02-09|256.22|267.25|253.53|267.05
2022-02-10|259.95|269.2499|256|258.24
2022-02-11|259.16|261.52|237.73|239.49
2022-02-14|239.34|248.75|237.55|242.67
2022-02-15|249.49|265.45|247.84|264.95
2022-02-16|262.59|265.82|255.52|265.11
2022-02-17|256.3|257.85|241.65|245.07
2022-02-18|246.675|249.86|231|236.42
2022-02-22|230.35|240.6399|230|233.9
2022-02-23|238.02|241.5499|223.01|223.87
2022-02-24|210.15|238|208.9|237.48
2022-02-25|237.21|242.17|233.81|241.57
2022-02-28|239.92|246.65|237.0701|243.85
2022-03-01|242.91|243.77|231.32|234.77
2022-03-02|237.56|244.09|234.15|242.2
2022-03-03|242.615|243.2599|234.69|237.14
2022-03-04|233.84|236.8|224.82|229.36
2022-03-07|228.17|230.33|213.3|213.52
2022-03-08|213.09|223.7299|206.5|215.14
2022-03-09|223.87|232.2|222.47|230.14
2022-03-10|225.31|227.88|218.82|226.58
2022-03-11|230.22|231.45|220.46|221
2022-03-14|218.69|222.62|211.5901|213.3
2022-03-15|215.18|230.38|213.2201|229.73
2022-03-16|235|245.97|231.72|244.96
2022-03-17|241.2|248.42|239.06|247.66
2022-03-18|247.99|265.6899|246.24|264.53
2022-03-21|265.07|271.5199|259.67|267.34
2022-03-22|267.27|272.38|260.72|265.24
2022-03-23|261.26|266.115|255.7501|256.34
2022-03-24|261.66|283.1999|259.07|281.5
2022-03-25|278.86|283.58|272.71|276.92
2022-03-28|277.555|282.5|272.06|282.19
2022-03-29|286.945|289.46|279.8|286.56
2022-03-30|283.04|284.955|275.03|276.9
2022-03-31|277.82|282.48|272.7|272.86
2022-04-01|273.75|274.96|262.67|267.12
2022-04-04|267.28|275.58|266.13|273.6
2022-04-05|272.54|273.19|258.2|259.31
2022-04-06|249.34|253|240.03|244.07
2022-04-07|244.41|247.22|234.78|242.08
2022-04-08|239.17|239.23|230.6201|231.19
2022-04-11|222.14|223.1994|216.6|219.17
2022-04-12|225.37|227.25|212.8204|215.04
2022-04-13|217.28|225|214.55|222.03
2022-04-14|225.05|227.77|211.63|212.58
2022-04-18|212|220.88|210.79|217.83
2022-04-19|217.2|223.73|213.14|221.98
2022-04-20|225.171|226.7037|212|214.82
2022-04-21|217.0915|223.92|200|201.83
2022-04-22|203.03|204.86|195|195.15
2022-04-25|192.02|199.45|190.96|199.02
2022-04-26|197.18|197.88|186.7|187.88
2022-04-27|185.98|191.67|182.9|184.15
2022-04-28|189.67|200.37|184.8957|197.82
2022-04-29|194.02|201.2848|185.17|185.47
2022-05-02|185.405|195.74|183.91|195.33
2022-05-03|194|198.25|191.33|196.02
2022-05-04|199.23|204|187.51|203.34
2022-05-05|198.67|199.25|185|188.44
2022-05-06|187.36|195.12|179.9|186.75
2022-05-09|180.34|182.55|168.27|169.5
2022-05-10|176.89|181.98|170.25|175.95
2022-05-11|173.47|177.53|165.68|166.3
2022-05-12|162.191|167.88|155.67|161.75
2022-05-13|167.88|179.2843|165.925|177.06
2022-05-16|175.09|177.88|171.06|172.64
2022-05-17|180.74|183.71|176.34|181.77
2022-05-18|177.05|181.18|168.64|169.38
2022-05-19|169.37|176.87|167.3405|171.24
2022-05-20|173.32|174.1|157.55|166.94
2022-05-23|162.74|169.15|161.7901|168.98
2022-05-24|165.1|165.97|157.8|161.54
2022-05-25|160.2|171.1099|160|169.75
2022-05-26|160.36|180.92|160.22|178.51
2022-05-27|181.86|188.81|181|188.11
2022-05-31|189.8|192|183.5|186.72
2022-06-01|187.24|190.5318|181.22|183.2
2022-06-02|182.92|196.19|181.98|195.92
2022-06-03|190.815|193.323|185.2156|187.2
2022-06-06|191.39|193.37|185.642|187.86
2022-06-07|184.72|190|181.88|189.26
2022-06-08|187.99|191.8|185.35|186.48
2022-06-09|184.81|189.33|180.41|180.48
2022-06-10|176|176.97|168.69|169.74
2022-06-13|160|163.12|156.06|156.47
2022-06-14|157.31|160.66|154.12|158.36
2022-06-15|160.95|168.68|159.26|165.27
2022-06-16|158.6|159.4232|154.01|156.01
2022-06-17|156.48|159.95|153.28|158.8
2022-06-21|164.745|170.08|164.07|165.66
2022-06-22|162.26|166.62|161.8|163.6
2022-06-23|165.185|165.85|158.53|162.25
2022-06-24|165|171.4|163.1|171.26
2022-06-27|173.12|173.3|166.255|168.69
2022-06-28|169|172.0199|159.45|159.82
2022-06-29|158.14|158.2|151.7|155.42
2022-06-30|153.61|155.67|148.62|151.59
2022-07-01|148.99|150.6291|143.92|145.23
2022-07-05|141.75|149.71|140.55|149.64
2022-07-06|150.1|153.1899|147.89|151.3
2022-07-07|154.555|159.45|153.89|158.58
2022-07-08|154.3|160.3699|153.89|158.38
2022-07-11|155.26|155.2699|150.3801|151.52
2022-07-12|152.68|154.31|148.77|150.82
2022-07-13|145.9|153.75|144.65|151.64
2022-07-14|151.08|154.7299|147.28|153.72
2022-07-15|156.59|157.82|154.45|157.62
2022-07-18|163.02|168.97|160.02|161.01
2022-07-19|164.86|171.1|161.7201|169.92
2022-07-20|169.47|179.325|168.01|178.07
2022-07-21|178.85|181.44|175.4456|180.5
2022-07-22|178.93|179.67|171.365|173.19
2022-07-25|170.19|171.24|166.49|170.24
2022-07-26|168.89|169.19|164.78|165.33
2022-07-27|170.32|179.36|169.1301|177.9
2022-07-28|179.75|181.4|174.4|179.84
2022-07-29|178.13|182.44|176.92|181.63
2022-08-01|181.82|188.46|179.9|184.41
2022-08-02|181.22|189.3753|180.92|185.26
2022-08-03|181.84|189.68|181.37|188.93
2022-08-04|188.49|192.74|187.6|192.15
2022-08-05|188.1|192.2892|186.66|189.89
2022-08-08|175.02|182.39|172.42|177.93
2022-08-09|172.52|174.4719|167.24|170.86
2022-08-10|176.98|181.18|173.1701|180.97
2022-08-11|181.31|187.07|178.76|179.42
2022-08-12|181.6|187.18|179.53|187.09
2022-08-15|187.01|191.64|186.13|190.32
2022-08-16|189.195|191.42|185.01|188.79
2022-08-17|185.23|186.88|181.45|183.35
2022-08-18|183.01|188.6499|181.83|187.73
2022-08-19|184.06|185.2|177.7|178.49
2022-08-22|174.9|175.58|169.66|170.34
2022-08-23|169.885|174.65|169.7|171.81
2022-08-24|170.12|174.06|168.95|172.22
2022-08-25|168.44|179.47|168.33|179.13
2022-08-26|178.57|179.24|162.37|162.6
2022-08-29|160.2|163.38|157.67|158.01
2022-08-30|159.6|160.39|151.82|154.68
2022-08-31|153.84|155.4|149.5851|150.94
2022-09-01|142.09|143.8|132.7021|139.37
2022-09-02|141|141.71|135.91|136.47
2022-09-06|137.31|137.79|133.51|134.65
2022-09-07|135.63|138.38|133.46|137.14
2022-09-08|134.59|140.08|133.69|139.9
2022-09-09|141.57|144.74|141.26|143.87
2022-09-12|143.69|145.47|141.98|145.05
2022-09-13|138.02|139.22|130.99|131.31
2022-09-14|132.54|132.8999|129.13|131.28
2022-09-15|130.152|132.3299|127.9|129.29
2022-09-16|127.415|132.12|126.17|131.98
2022-09-19|130.12|134.63|130.1|133.82
2022-09-20|132.145|134.8276|130.57|131.76
2022-09-21|132.13|140.31|131.1|132.61
2022-09-22|130.7|131.4897|124.28|125.61
2022-09-23|124.2|126.11|122.57|125.16
2022-09-26|124.91|126.59|122.14|122.28
2022-09-27|125.07|127.36|122.58|124.13
2022-09-28|124.1|128.23|123.5386|127.36
2022-09-29|124.48|125|119.4601|122.2
2022-09-30|120.87|126.33|120.75|121.39
2022-10-03|123.47|126.78|121.05|125.12
2022-10-04|128.79|132.2|128.79|131.67
2022-10-05|129.107|133.21|126.21|132.09
2022-10-06|132.2|136.56|131.03|131.3
2022-10-07|125.05|126.7|120.22|120.76
2022-10-10|120.37|121.2432|114.0812|116.7
2022-10-11|115.61|118.46|112.83|115.86
2022-10-12|115.79|117.35|113.45|115
2022-10-13|109.71|120.7799|108.13|119.6
2022-10-14|120.57|121.11|112.04|112.27
2022-10-17|115.18|119.48|115.17|118.88
2022-10-18|123.44|124.92|116.18|119.67
2022-10-19|118.79|123.5|118.34|120.51
2022-10-20|121.13|127.69|121.05|121.94
2022-10-21|120.982|124.98|118.87|124.66
2022-10-24|125.08|127.1|120.64|125.99
2022-10-25|126.935|133|126.64|132.61
2022-10-26|128.69|133.88|127.08|128.96
2022-10-27|136.3|138.38|131.22|131.76
2022-10-28|131.04|138.5|130.61|138.34
2022-10-31|137.78|138.38|132.97|134.97
2022-11-01|138.11|139.25|135.19|135.43
2022-11-02|138.5|142.1|132.1124|132.19
2022-11-03|130.43|137.81|129.56|134.21
2022-11-04|139.86|142.29|136.97|141.56
2022-11-07|142.28|144.12|139.54|143.01
2022-11-08|148.01|148.9101|142.16|146.02
2022-11-09|141.615|142.11|137.5901|137.76
2022-11-10|148|157.73|145.47|157.5
2022-11-11|158.075|163.89|154.82|163.27
2022-11-14|162.18|165.4|159.22|162.95
2022-11-15|167.215|169.98|163.82|166.66
2022-11-16|161.615|163.62|158.73|159.1
2022-11-17|157.15|162.66|155.35|156.77
2022-11-18|159.66|160.02|151.2001|154.09
2022-11-21|151.47|154.77|150.8|153.17
2022-11-22|153.28|160.5757|151.216|160.38
2022-11-23|160.98|165.27|160.4801|165.19
2022-11-25|163.18|164.87|161.72|162.7
2022-11-28|160.26|163.57|157.25|158.27
2022-11-29|158.27|159.32|155.2|156.39
2022-11-30|156.97|169.3|155.97|169.23
2022-12-01|169.99|172.65|166.35|171.35
2022-12-02|166.59|169.3257|164.45|168.76
2022-12-05|166.79|169.95|164.7201|166.1
2022-12-06|165.3|165.73|158.19|159.87
2022-12-07|157.72|161.86|156.67|161.2
2022-12-08|162.73|171.79|159.59|171.69
2022-12-09|171.6|175.83|169.75|170.01
2022-12-12|170.37|175.38|167.97|175.35
2022-12-13|185.31|187.9|177.11|180.72
2022-12-14|179.87|182.52|174.2|176.74
2022-12-15|171.46|173.2|167|169.52
2022-12-16|168.642|170.41|164.1|165.71
2022-12-19|165.72|166.09|161.45|162.54
2022-12-20|160.64|163.1|158.52|160.85
2022-12-21|161.14|166.27|161.02|165.01
2022-12-22|160.935|161.38|148.82|153.39
2022-12-23|151.96|153.39|148.83|152.06
2022-12-27|150.74|151|140.56|141.21
2022-12-28|139.27|142.62|138.84|140.36
2022-12-29|144.02|146.83|142.27|146.03
2022-12-30|143.34|146.2899|142.33|146.14
2023-01-03|148.51|149.96|140.96|143.15
2023-01-04|145.67|148.53|142.41|147.49
2023-01-05|144.91|145.64|141.4795|142.65
2023-01-06|144.74|150.1|140.34|148.59
2023-01-09|152.84|160.56|151.41|156.28
2023-01-10|155.07|159.6199|154.72|159.09
2023-01-11|158.3951|160.28|155.63|160.01
2023-01-12|161|166.37|154.92|165.11
2023-01-13|162.78|169.22|161.65|168.99
2023-01-17|168.99|177.28|168.99|177.02
2023-01-18|176.67|178.73|172.82|173.77
2023-01-19|170.36|171.97|167.31|167.65
2023-01-20|170.11|178.56|168.25|178.39
2023-01-23|180.64|192.45|178.175|191.93
2023-01-24|188.27|194.95|188.2|192.65
2023-01-25|189.125|193.7|185.8|193.23
2023-01-26|197.01|201.66|192.78|198.02
2023-01-27|194.62|206.28|194.05|203.65
2023-01-30|199.5|201.4|191.5|191.62
2023-01-31|191.695|196.87|189.5|195.37
2023-02-01|196.91|211.92|196.11|209.43
2023-02-02|210|219.49|207|217.09
2023-02-03|210|217.4499|207.89|211
2023-02-06|208.06|215.7|207.86|210.89
2023-02-07|213.82|222.59|211.5|221.73
2023-02-08|223.87|228.78|220.0801|222.05
2023-02-09|226.06|230.2|221.2|223.37
2023-02-10|216.9|220.7764|208.11|212.65
2023-02-13|215.38|220.48|209.62|217.88
2023-02-14|215.78|230.488|213.66|229.71
2023-02-15|225.49|228.55|221.06|227.64
2023-02-16|221.33|225.5|219.268|220.02
2023-02-17|216.31|217.4|209.75|213.88
2023-02-21|210|214.938|206.18|206.55
2023-02-22|207.07|211.04|204.21|207.54
2023-02-23|234.4|238.88|230.25|236.64
2023-02-24|232.25|234.74|229.47|232.86
2023-02-27|236.7|238.7994|234.54|235.01
2023-02-28|233.72|238.25|232.06|232.16
2023-03-01|231.92|232.5557|225.08|226.98
2023-03-02|224.88|233.804|224.32|233.14
2023-03-03|233.2|239|231.3|238.9
2023-03-06|238.91|242.48|234.87|235.54
2023-03-07|236|241.25|232.41|232.88
2023-03-08|234.87|242|234.235|241.81
2023-03-09|241.75|244.54|233.8284|234.36
2023-03-10|234.09|236.27|227.26|229.65
2023-03-13|227.52|232.98|222.97|229.66
2023-03-14|234.96|242.19|234.6|240.63
2023-03-15|237.61|242.86|233.6|242.28
2023-03-16|240.27|255.88|238.94|255.41
2023-03-17|259.82|263.99|256.68|257.25
2023-03-20|256.15|260.24|251.2983|259
2023-03-21|261.8|263.92|253.81|261.99
2023-03-22|264.25|275.89|262.37|264.68
2023-03-23|271.155|274.99|266.9|271.91
2023-03-24|270.31|271.67|263.55|267.79
2023-03-27|268.37|270|263.65|265.31
2023-03-28|264.47|265.13|258.5|264.1
2023-03-29|268.25|270.78|265.97|269.84
2023-03-30|272.29|274.99|271.02|273.83
2023-03-31|271.4|278.3431|271.05|277.77
2023-04-03|275.09|280|273.36|279.65
2023-04-04|279.66|280|273.07|274.53
2023-04-05|268.29|269.98|263.95|268.81
2023-04-06|265.84|270.8|264.27|270.37
2023-04-10|268.23|276.2099|266.69|275.79
2023-04-11|277.235|277.9|271.26|271.69
2023-04-12|273.7|274.6799|264.475|264.95
2023-04-13|267.34|268.869|263.29|264.63
2023-04-14|265.04|268.83|262.2|267.58
2023-04-17|265.655|270.06|264.3318|270.02
2023-04-18|275.335|281.1|273.57|276.67
2023-04-19|273.61|280|272.32|279.31
2023-04-20|276.71|280.3|270|271.04
2023-04-21|269.52|271.83|267.22|271.19
2023-04-24|270.13|273.6599|266.7101|270.42
2023-04-25|270.78|272.47|262.25|262.41
2023-04-26|270.02|273.3|267.051|269.56
2023-04-27|273.63|274.95|266.2501|272.26
2023-04-28|272.25|277.58|270.7148|277.49
2023-05-01|278.4|290.5844|277.8|289.1
2023-05-02|286.8|288.3599|280.83|282.1
2023-05-03|278.4|283.67|274.72|278.02
2023-05-04|276.51|278.59|272.4|275.62
2023-05-05|278.255|287.55|277.31|286.8
2023-05-08|285.22|292.2|283.5|291.51
2023-05-09|288.99|289.73|284.5|285.71
2023-05-10|290.05|291.13|284.6128|288.85
2023-05-11|288.96|289.5|282.46|285.78
2023-05-12|285.29|287.8|280.46|283.4
2023-05-15|285.085|289.69|281.52|289.53
2023-05-16|288.41|298.7|288.32|292.13
2023-05-17|295.84|301.99|294.3001|301.78
2023-05-18|304.1|318.28|303.2|316.78
2023-05-19|315.36|315.8|309.16|312.64
2023-05-22|309.01|315.2|306.8|311.76
2023-05-23|310|312.88|306.31|306.88
2023-05-24|302.1|306.07|298.06|305.38
2023-05-25|385.23|394.8|366.35|379.8
2023-05-26|378.9|391.7|375.5|389.46
2023-05-30|405.95|419.38|399.49|401.11
2023-05-31|394.88|402.95|378.22|378.34
2023-06-01|384.89|400.5|383.4|397.7
2023-06-02|400.97|405|390.5801|393.27
2023-06-05|389.09|395.6503|387.07|391.71
2023-06-06|388.3|391.6|381.48|386.54
2023-06-07|389.15|394.99|373.56|374.75
2023-06-08|377.24|388.64|375.05|385.1
2023-06-09|390.37|397.11|385.67|387.7
2023-06-12|392|395.2999|386.18|394.82
2023-06-13|401.86|411.01|397.4|410.22
2023-06-14|408.24|430|405.52|429.97
2023-06-15|426.02|432.89|421.47|426.53
2023-06-16|434.5|437.21|426.605|426.92
2023-06-20|429.98|439.9|426.74|438.08
2023-06-21|435.01|436.15|420.8|430.45
2023-06-22|422.53|434.255|422.34|430.25
2023-06-23|424.64|428.09|420.15|422.09
2023-06-26|424.61|427.64|401|406.32
2023-06-27|407.99|419.4|404.48|418.76
2023-06-28|406.6|418.45|405.18|411.17
2023-06-29|415.58|416|406|408.22
2023-06-30|416.8|425.5|415.01|423.02
2023-07-03|425.17|428.98|422.02|424.13
2023-07-05|421.35|431.77|420.85|423.17
2023-07-06|418.44|421.79|413.46|421.03
2023-07-07|423.22|432.14|421.8|425.03
2023-07-10|426.57|428.11|416.49|421.8
2023-07-11|424.81|427.58|420.67|424.05
2023-07-12|430.33|439.35|427.7728|439.02
2023-07-13|445.18|461.55|444.92|459.77
2023-07-14|465.8281|480.88|450.6|454.69
2023-07-17|462.89|464.96|452.6241|464.61
2023-07-18|467.01|478.9599|457.34|474.94
2023-07-19|474.64|478.18|467.42|470.77
2023-07-20|465.07|470.87|450.62|455.2
2023-07-21|457.88|458.66|441|443.09
2023-07-24|447.31|451.09|440.4|446.12
2023-07-25|449.41|461.825|449.23|456.79
2023-07-26|460.21|460.53|446.3|454.52
2023-07-27|465.19|473.95|457.5|459
2023-07-28|466.68|470.27|463.81|467.5
2023-07-31|467.54|471.3|465.0601|467.29
2023-08-01|464.595|469|460.27|465.07
2023-08-02|458.31|458.4|433.87|442.69
2023-08-03|438|451.18|438|445.15
2023-08-04|449.85|456.42|443.93|446.8
2023-08-07|451.11|455.4|445.6345|454.165
2023-08-08|448.53|452.42|440.5601|446.64
2023-08-09|442.74|443.12|421.34|425.54
2023-08-10|421.6|435.74|418.35|423.88
2023-08-11|417.51|420.18|406.39|408.55
2023-08-14|404.86|438|403.11|437.53
2023-08-15|445.6|452.68|437.1|439.4
2023-08-16|445.2|446.75|434.06|434.86
2023-08-17|439.7|440.62|430.01|433.435
2023-08-18|426.35|435.7799|416.6|432.99
2023-08-21|444.94|470.65|442.22|469.67
2023-08-22|481.35|481.87|453.331|456.68
2023-08-23|458.66|472|452.08|471.16
2023-08-24|502.16|502.66|471.59|471.63
2023-08-25|470.12|478.05|450.24|460.18
2023-08-28|464.82|469.8|448.88|468.35
2023-08-29|466.66|490.81|463.9101|487.84
2023-08-30|490.44|499.27|484.25|492.64
2023-08-31|493.8|497.44|489.58|493.55
2023-09-01|497.62|498|481.416|485.09
2023-09-05|482.23|488.5081|478.6|485.48
2023-09-06|484.41|485.49|465.8|470.61
2023-09-07|455.25|463.44|451.52|462.41
2023-09-08|459.42|466.06|452.71|455.72
2023-09-11|461.48|461.63|443.12|451.78
2023-09-12|447.38|456.73|445.31|448.7
2023-09-13|446|459.3|445.03|454.85
2023-09-14|459.5|459.8699|451.31|455.81
2023-09-15|453.41|455.99|438.08|439
2023-09-18|427.48|442.42|420|439.66
2023-09-19|438.33|439.66|430.02|435.2
2023-09-20|436|439.03|422.23|422.39
2023-09-21|415.83|421|409.8|410.17
2023-09-22|415.72|421.15|412.31|416.1
2023-09-25|415.91|425.36|411.77|422.22
2023-09-26|420.01|428.2|416.55|419.11
2023-09-27|423.3|428.72|416.2901|424.68
2023-09-28|424.6|434.4631|421.15|430.89
2023-09-29|438.27|441.44|433.0694|434.99
2023-10-02|440.3|451.75|438.61|447.82
2023-10-03|448.08|451.3|432.46|435.17
2023-10-04|437.42|441.43|432.9201|440.41
2023-10-05|440.5|449|438.88|446.88
2023-10-06|441.93|457.89|440.26|457.62
2023-10-09|448.42|456.05|443.68|452.73
2023-10-10|453.1|462.59|450.88|457.98
2023-10-11|461.96|468.59|460.5|468.06
2023-10-12|467.77|476.09|463.3|469.45
2023-10-13|469.6|471.16|452.8|454.61
2023-10-16|450.63|462.25|449.12|460.95
2023-10-17|440|447.54|424.8|439.38
2023-10-18|425.91|432.19|418.25|421.96
2023-10-19|428.11|432.97|418.82|421.01
2023-10-20|418.9|424.7|410.78|413.87
2023-10-23|412.29|432.4799|409.45|429.75
2023-10-24|430.77|436.97|426.91|436.63
2023-10-25|433.98|436.5|415.55|417.79
2023-10-26|418.53|422.5555|398.8019|403.26
2023-10-27|411.3|412.06|400.15|405
2023-10-30|410.87|422.82|404.81|411.61
2023-10-31|404.5|408.79|392.3001|407.8
2023-11-01|408.84|423.81|408.69|423.25
2023-11-02|433.28|438.84|428.94|435.06
2023-11-03|440.2|453.0899|437.23|450.05
2023-11-06|452.845|459.35|448.99|457.51
2023-11-07|457.19|462.18|451.575|459.55
2023-11-08|461|468.67|459.68|465.74
2023-11-09|474.67|482.3|467.5|469.5
2023-11-10|475|484.72|472.8301|483.35
2023-11-13|483.2|491.16|480.9901|486.2
2023-11-14|496.8|498.34|490.4001|496.56
2023-11-15|499.35|499.6|482|488.88
2023-11-16|486.79|495.2469|483.3|494.8
2023-11-17|495.24|497.17|490.07|492.98
2023-11-20|493.12|505.48|491.8101|504.09
2023-11-21|501.26|505.17|492.22|499.44
2023-11-22|498.52|503.3494|476.9|487.16
2023-11-24|484.7001|489.21|477.45|477.76
2023-11-27|478|485.3|476.52|482.42
2023-11-28|482.36|483.229|474.73|478.21
2023-11-29|483.79|487.62|478.6|481.4
2023-11-30|480.24|481.1|464.22|467.7
2023-12-01|465.25|472|461.87|467.65
2023-12-04|460.77|460.77|450.1|455.1
2023-12-05|454.66|466|452.71|465.66
2023-12-06|472.145|473.87|454.12|455.03
2023-12-07|457|466.29|456.04|465.96
2023-12-08|465.95|477.4085|465.5|475.06
2023-12-11|474.91|475.31|458.3|466.27
2023-12-12|460.46|476.66|460.46|476.57
2023-12-13|476.29|485.94|476.08|480.88
2023-12-14|483.9|486.7|474.22|483.5
2023-12-15|481.94|494.04|481.2|488.9
2023-12-18|494|504.3299|491.5|500.77
2023-12-19|494.24|497|488.95|496.04
2023-12-20|496.55|499.99|480.98|481.11
2023-12-21|488.11|490.95|484.19|489.9
2023-12-22|491.95|493.83|484.67|488.3
2023-12-26|489.68|496|489.6|492.79
2023-12-27|495.11|496.8|490.85|494.17
2023-12-28|496.43|498.8399|494.12|495.22
2023-12-29|498.13|499.97|487.51|495.22
2024-01-02|492.44|492.95|475.95|481.68
2024-01-03|474.85|481.841|473.2|475.69
2024-01-04|477.67|485|475.08|479.98
2024-01-05|484.62|495.47|483.0601|490.97
2024-01-08|495.12|522.75|494.79|522.53