2018-08-01|19.866|20.2|19.5333|20.056
2018-08-02|21.896|23.3327|21.544|23.3027
2018-08-03|23.1873|23.6667|22.8353|23.2113
2018-08-06|23.0307|23.6653|22.788|22.7993
2018-08-07|22.9227|25.8307|22.61|25.3047
2018-08-08|24.606|25.5093|24.4747|24.6893
2018-08-09|24.37|24.4673|23.0487|23.4967
2018-08-10|23.6|24|23.0667|23.6993
2018-08-13|24.0753|24.2127|23.268|23.7607
2018-08-14|23.8967|23.9466|23.14|23.176
2018-08-15|22.7937|22.966|22.1427|22.5793
2018-08-16|22.6607|22.8187|22.2547|22.3633
2018-08-17|21.5667|21.7847|20.2353|20.3667
2018-08-20|19.4469|20.5667|19.2133|20.5627
2018-08-21|20.7073|21.6527|20.6|21.46
2018-08-22|21.3913|21.592|20.978|21.4427
2018-08-23|21.276|21.8213|21.2067|21.34
2018-08-24|21.38|21.59|21.2933|21.5213
2018-08-27|21.2|21.4957|20.5873|21.2847
2018-08-28|21.2273|21.2587|20.746|20.7907
2018-08-29|20.6847|20.79|20.246|20.334
2018-08-30|20.1507|20.3067|19.848|20.21
2018-08-31|20.1333|20.3539|19.9067|20.1107
2018-09-04|19.796|19.8793|19.2|19.2633
2018-09-05|19.0033|19.1187|18.4787|18.716
2018-09-06|18.9867|19.4113|18.592|18.73
2018-09-07|17.34|17.89|16.817|17.5493
2018-09-10|18.2173|19.0687|18.0667|19.0333
2018-09-11|18.6313|18.8|18.2367|18.6293
2018-09-12|18.7627|19.5|18.5764|19.3693
2018-09-13|19.2013|19.6667|19.012|19.2973
2018-09-14|19.2507|19.8217|19.1013|19.68
2018-09-17|19.336|20.058|19.2087|19.656
2018-09-18|19.7793|20.176|18.3667|18.9973
2018-09-19|18.7007|20|18.7|19.9347
2018-09-20|20.2373|20.3987|19.5553|19.8887
2018-09-21|19.8467|20.0387|19.6913|19.94
2018-09-24|19.8987|20.2|19.572|19.9787
2018-09-25|20|20.3067|19.7667|20.066
2018-09-26|20.1273|20.926|20.074|20.6387
2018-09-27|20.86|20.9973|20.4607|20.5013
2018-09-28|18.0173|18.5333|17.3703|17.6513
2018-10-01|20.3847|20.7627|20.07|20.7133
2018-10-02|20.93|21.1227|19.9433|20.068
2018-10-03|20.222|20.3067|19.438|19.6533
2018-10-04|19.5967|19.6|18.5113|18.7887
2018-10-05|18.31|18.3253|17.3333|17.4633
2018-10-08|17.6347|17.8507|16.6|16.704
2018-10-09|17.0167|17.7847|16.8867|17.52
2018-10-10|17.6407|17.7007|16.518|17.1253
2018-10-11|17.1687|17.4833|16.602|16.8153
2018-10-12|17.4|17.466|16.8007|17.252
2018-10-15|17.2707|17.552|16.9691|17.306
2018-10-16|17.7133|18.4917|17.4827|18.4393
2018-10-17|18.8267|18.8467|17.7202|18.1187
2018-10-18|17.9527|18.0667|17.5333|17.594
2018-10-19|17.826|17.9773|16.9|17.3333
2018-10-22|17.3787|17.4573|16.8393|17.3967
2018-10-23|17.5913|19.862|17.4733|19.6093
2018-10-24|20.07|20.296|19.0487|19.2333
2018-10-25|21.148|21.4|20.0673|20.9907
2018-10-26|20.55|22.66|20.4433|22.06
2018-10-29|22.498|23.144|21.7667|22.3233
2018-10-30|21.8927|22.5267|21.484|21.9933
2018-10-31|22.1693|22.8|21.94|22.488
2018-11-01|22.5507|23.1893|22.315|22.952
2018-11-02|22.916|23.28|22.7273|23.094
2018-11-05|22.7|22.9303|22.0093|22.76
2018-11-06|22.6047|23.2533|22.406|22.7373
2018-11-07|22.8893|23.412|22.72|23.2107
2018-11-08|23.2333|23.8384|23.2293|23.4267
2018-11-09|23.2667|23.6|23.0153|23.3673
2018-11-12|23.2247|23.3187|22.0227|22.0853
2018-11-13|22.2107|22.98|22.1467|22.582
2018-11-14|22.8467|23.1407|22.4767|22.9333
2018-11-15|22.822|23.2387|22.6027|23.2293
2018-11-16|23.0127|23.7133|23.008|23.6207
2018-11-19|23.756|24.45|23.5253|23.5647
2018-11-20|22.7833|23.32|22.2367|23.166
2018-11-21|23.4667|23.54|22.4933|22.546
2018-11-23|22.2897|22.5|21.7033|21.722
2018-11-26|21.6667|23.0813|21.6667|23.0667
2018-11-27|22.67|23.1307|22.3667|22.928
2018-11-28|23.066|23.2187|22.814|23.1913
2018-11-29|23.1333|23.1667|22.6367|22.7447
2018-11-30|22.7887|23.44|22.551|23.3653
2018-12-03|24|24.4|23.4667|23.8993
2018-12-04|23.7367|24.5787|23.4667|23.98
2018-12-06|23.734|24.492|23.384|24.204
2018-12-07|24.6|25.2993|23.8433|23.8643
2018-12-10|24|24.3987|23.5413|24.3433
2018-12-11|24.6607|24.8113|24.0153|24.4507
2018-12-12|24.628|24.794|24.344|24.44
2018-12-13|24.6767|25.1627|24.45|25.1193
2018-12-14|25|25.1913|24.2887|24.3807
2018-12-17|24.1333|24.38|22.9253|23.228
2018-12-18|23.3693|23.4367|22.246|22.4687
2018-12-19|22.5067|23.134|21.9827|22.198
2018-12-20|21.8036|22.0193|20.7913|21.0253
2018-12-21|21.16|21.5647|20.8293|21.318
2018-12-24|20.9|20.9667|19.6797|19.6927
2018-12-26|20|21.798|19.606|21.7393
2018-12-27|21.3227|21.4781|20.1|21.0753
2018-12-28|21.54|22.416|21.2273|22.258
2018-12-31|22.5193|22.614|21.684|22.1867
2019-01-02|20.4067|21.0087|19.92|20.6747
2019-01-03|20.4667|20.6267|19.8253|20.024
2019-01-04|20.4|21.2|20.182|21.1793
2019-01-07|21.448|22.4493|21.1834|22.3307
2019-01-08|22.7973|22.934|21.8013|22.3567
2019-01-09|22.3667|22.9002|22.098|22.5687
2019-01-10|22.2933|23.026|22.1193|22.998
2019-01-11|22.806|23.2273|22.5847|23.1507
2019-01-14|22.8253|22.8333|22.2667|22.2933
2019-01-15|22.3333|23.2533|22.3|22.962
2019-01-16|22.9853|23.4667|22.9|23.07
2019-01-17|23.0807|23.4333|22.9433|23.154
2019-01-18|21.5333|21.8086|19.982|20.1507
2019-01-22|20.3213|20.5333|19.7|19.928
2019-01-23|19.5|19.6333|18.7793|19.1727
2019-01-24|18.8687|19.5787|18.6189|19.434
2019-01-25|19.626|19.9013|19.3033|19.8027
2019-01-28|19.5273|19.8307|19.1833|19.7587
2019-01-29|19.6847|19.9038|19.4533|19.8307
2019-01-30|20.03|20.6|19.8993|20.5847
2019-01-31|20.0667|20.7709|19.6|20.468
2019-02-01|20.3613|21.0733|20.2333|20.814
2019-02-04|20.8653|21.02|20.1253|20.8593
2019-02-05|20.8327|21.496|20.8166|21.4233
2019-02-06|21.306|21.616|21.0416|21.148
2019-02-07|20.8867|20.98|20.2|20.5007
2019-02-08|20.4553|20.4963|19.9|20.3867
2019-02-11|20.7733|21.24|20.7|20.856
2019-02-12|21.08|21.2127|20.6413|20.7873
2019-02-13|20.8233|20.85|20.3713|20.5447
2019-02-14|20.2253|20.4513|20.0667|20.2513
2019-02-15|20.3|20.5333|20.26|20.5253
2019-02-19|20.4373|20.7696|20.3647|20.376
2019-02-20|20.294|20.42|19.9333|20.1707
2019-02-21|20.1207|20.216|19.3667|19.4153
2019-02-22|19.6327|19.7667|19.4733|19.6473
2019-02-25|19.8607|20.1936|19.8|19.918
2019-02-26|19.4813|20.134|19.2513|19.8573
2019-02-27|20.1187|21.0863|20.0367|20.9827
2019-02-28|21.2613|21.3333|20.7207|21.3253
2019-03-01|20.4627|20.4753|19.46|19.6527
2019-03-04|19.8747|19.9333|18.852|19.024
2019-03-05|18.8|18.9333|18.0067|18.436
2019-03-06|18.432|18.7671|18.2927|18.416
2019-03-07|18.5893|18.98|18.2833|18.4393
2019-03-08|18.4607|19.0393|18.3927|18.9427
2019-03-11|18.9013|19.4187|18.7|19.3947
2019-03-12|19.0993|19.2047|18.7373|18.8907
2019-03-13|18.9267|19.466|18.8467|19.264
2019-03-14|19.4967|19.6927|19.2193|19.3307
2019-03-15|18.9007|18.915|18.2933|18.362
2019-03-18|18.4|18.5367|17.82|17.966
2019-03-19|17.8333|18.22|17.564|17.8313
2019-03-20|17.9793|18.3313|17.7533|18.24
2019-03-21|18.1733|18.43|17.8967|18.268
2019-03-22|18.172|18.1867|17.6|17.6353
2019-03-25|17.314|17.5453|16.964|17.3613
2019-03-26|17.6293|18.0173|17.6287|17.8513
2019-03-27|17.9167|18.358|17.8789|18.322
2019-03-28|18.4773|18.6887|18.34|18.5747
2019-03-29|18.58|18.6773|18.3|18.6573
2019-04-01|18.8413|19.28|18.7521|19.2787
2019-04-02|19.22|19.296|18.9253|19.0587
2019-04-03|19.1547|19.7447|19.1447|19.454
2019-04-04|17.4593|18.08|17.3727|17.852
2019-04-05|17.9907|18.4067|17.7407|18.3307
2019-04-08|18.5127|18.744|18.0293|18.2133
2019-04-09|18.11|18.3333|17.974|18.154
2019-04-10|18.4493|18.5587|18.1928|18.404
2019-04-11|17.8867|18.0333|17.7067|17.8947
2019-04-12|18.0147|18.13|17.7887|17.8467
2019-04-15|17.9087|17.9253|17.242|17.7587
2019-04-16|17.7167|18.3333|17.648|18.224
2019-04-17|18.3167|18.3193|17.9023|18.082
2019-04-18|18.082|18.3227|17.9833|18.2173
2019-04-22|17.9333|17.9787|17.4987|17.5167
2019-04-23|17.3433|17.7067|17.05|17.5933
2019-04-24|17.59|17.688|17.2|17.244
2019-04-25|17|17.2667|16.4047|16.5087
2019-04-26|16.4333|16.4453|15.4087|15.676
2019-04-29|15.724|16.2653|15.478|16.098
2019-04-30|16.1373|16.2807|15.8|15.9127
2019-05-01|15.9233|16|15.4333|15.6007
2019-05-02|16.368|16.4753|15.848|16.2733
2019-05-03|16.2573|17.1073|16.2327|17.002
2019-05-06|16.668|17.2233|16.5667|17.0227
2019-05-07|17.12|17.1473|16.34|16.4707
2019-05-08|16.4627|16.7066|16.28|16.3227
2019-05-09|16.1333|16.2453|15.7962|16.132
2019-05-10|15.9833|16.1327|15.7347|15.968
2019-05-13|15.4673|15.498|14.9667|15.134
2019-05-14|15.2867|15.6333|15.2|15.4873
2019-05-15|15.288|15.496|15.0167|15.4633
2019-05-16|15.2993|15.4|15.1|15.222
2019-05-17|14.7973|14.816|13.928|14.0687
2019-05-20|13.52|13.7333|13.0167|13.6907
2019-05-21|13.184|13.8267|13.0693|13.672
2019-05-22|13.2733|13.596|12.7853|12.8487
2019-05-23|12.956|13.2977|12.4147|13.0327
2019-05-24|13.322|13.332|12.5834|12.7087
2019-05-28|12.7467|13|12.5233|12.58
2019-05-29|12.4733|12.826|12.336|12.6573
2019-05-30|12.5833|12.817|12.468|12.548
2019-05-31|12.34|12.6614|12.2733|12.344
2019-06-03|12.3673|12.4453|11.7995|11.9313
2019-06-04|12.0733|12.932|11.974|12.9067
2019-06-05|13.2453|13.4185|12.7899|13.106
2019-06-06|13.6293|14.0667|13.4533|13.73
2019-06-07|13.6667|14.0563|13.5666|13.6333
2019-06-10|14.0167|14.4627|13.934|14.192
2019-06-11|14.6096|14.7267|14.2333|14.4733
2019-06-12|14.8633|14.892|13.9333|13.9507
2019-06-13|14.0253|14.3267|13.834|14.2607
2019-06-14|14.0833|14.4433|14.0267|14.328
2019-06-17|14.3653|15.1333|14.2847|15.002
2019-06-18|15.248|15.6493|14.8373|14.9827
2019-06-19|15.0073|15.1847|14.7373|15.0953
2019-06-20|14.8667|15.1267|14.4233|14.6413
2019-06-21|14.4147|14.812|14.3667|14.7907
2019-06-24|14.8827|15.0573|14.7347|14.9093
2019-06-25|14.9593|15.0227|14.6327|14.6507
2019-06-26|14.6873|15.1487|14.54|14.618
2019-06-27|14.63|14.86|14.49|14.856
2019-06-28|14.7327|15.0113|14.72|14.8973
2019-07-01|15.3473|15.54|15.0853|15.1447
2019-07-02|15.2593|15.2767|14.8147|14.97
2019-07-03|15.9593|16.1047|15.634|15.66
2019-07-05|15.638|15.6967|15.3867|15.54
2019-07-08|15.416|15.4833|15.244|15.356
2019-07-09|15.2647|15.4|15.152|15.3373
2019-07-10|15.61|15.9293|15.5427|15.928
2019-07-11|15.876|16.1|15.72|15.9067
2019-07-12|15.9833|16.3587|15.9807|16.3387
2019-07-15|16.5333|16.9613|16.324|16.9
2019-07-16|16.62|16.902|16.5288|16.8253
2019-07-17|17.0447|17.2207|16.89|16.9907
2019-07-18|17.0033|17.05|16.7923|16.9027
2019-07-19|17.046|17.3307|16.9747|17.212
2019-07-22|17.25|17.477|16.9461|17.0453
2019-07-23|17.114|17.3653|16.9667|17.3447
2019-07-24|17.278|17.738|17.2107|17.6587
2019-07-25|15.5667|15.6333|15.0367|15.2547
2019-07-26|15.128|15.3507|14.8167|15.2027
2019-07-29|15.1393|15.7293|15.0688|15.718
2019-07-30|15.5267|16.224|15.4787|16.1507
2019-07-31|16.2|16.4453|15.7767|16.1073
2019-08-01|16.1767|16.3007|15.4513|15.59
2019-08-02|15.4233|15.7513|15.282|15.6227
2019-08-05|15.3067|15.4245|15.0517|15.2213
2019-08-06|15.4587|15.5|15.05|15.3833
2019-08-07|15.1|15.5713|15.0533|15.5613
2019-08-08|15.63|15.9867|15.51|15.8867
2019-08-09|15.7369|15.9307|15.5873|15.6673
2019-08-12|15.5327|15.718|15.25|15.2673
2019-08-13|15.254|15.7333|15.17|15.6667
2019-08-14|15.414|15.4333|14.446|14.6413
2019-08-15|14.724|14.7707|14.1033|14.376
2019-08-16|14.444|14.816|14.4013|14.6627
2019-08-19|14.9473|15.1887|14.78|15.122
2019-08-20|15.1747|15.2727|14.9693|15.0573
2019-08-21|14.8007|14.8813|14.5067|14.722
2019-08-22|14.8533|15.0267|14.548|14.81
2019-08-23|14.6647|14.7447|14.0667|14.0933
2019-08-26|14.24|14.3347|14.1027|14.3333
2019-08-27|14.3827|14.5867|14.1353|14.272
2019-08-28|14.246|14.4833|14.154|14.3727
2019-08-29|14.6|14.8933|14.5333|14.7807
2019-08-30|15.2767|15.496|14.9475|15.0407
2019-09-03|14.9387|15.2633|14.8773|15.0007
2019-09-04|15.126|15.2307|14.6137|14.712
2019-09-05|14.8333|15.32|14.7233|15.3053
2019-09-06|15.1467|15.3093|15.0113|15.1633
2019-09-09|15.3333|15.584|15.282|15.4527
2019-09-10|15.3867|15.7027|15.2627|15.7027
2019-09-11|15.8253|16.5449|15.7333|16.4733
2019-09-12|16.5133|16.9|16.2933|16.3913
2019-09-13|16.464|16.5633|16.3243|16.3467
2019-09-16|16.4|16.4953|16.078|16.1873
2019-09-17|16.1647|16.3733|16.0247|16.3193
2019-09-18|16.3333|16.5446|16.158|16.2327
2019-09-19|16.4|16.5293|16.3227|16.44
2019-09-20|16.4327|16.4631|15.8773|16.0413
2019-09-23|16|16.3453|15.948|16.082
2019-09-24|16.1013|16.1327|14.8407|14.8807
2019-09-25|14.9707|15.2653|14.5573|15.2467
2019-09-26|15.3773|16.2207|15.16|16.1707
2019-09-27|16.1467|16.5807|15.9153|16.142
2019-09-30|16.2|16.2653|15.7407|16.058
2019-10-01|16.1|16.3967|15.942|16.3127
2019-10-02|16.2193|16.31|15.962|16.2087
2019-10-03|15.4573|15.632|14.952|15.5353
2019-10-04|15.4407|15.652|15.2047|15.4287
2019-10-07|15.32|15.904|15.2367|15.848
2019-10-08|15.7247|16.2627|15.6333|16.0033
2019-10-09|16.088|16.4863|16.0433|16.302
2019-10-10|16.352|16.6187|16.1053|16.316
2019-10-11|16.4767|16.7387|16.454|16.526
2019-10-14|16.5267|17.2367|16.4753|17.1307
2019-10-15|17.18|17.3333|16.9413|17.1927
2019-10-16|17.1593|17.4733|17.128|17.3167
2019-10-17|17.5|17.652|17.3447|17.4647
2019-10-18|17.38|17.52|17.0067|17.13
2019-10-21|17.222|17.3|16.6787|16.9
2019-10-22|16.9547|17.222|16.7233|17.0387
2019-10-23|16.9667|17.076|16.7567|16.9787
2019-10-24|19.8913|20.3287|19.28|19.9787
2019-10-25|19.848|22|19.7407|21.8753
2019-10-28|21.836|22.7227|21.5067|21.8473
2019-10-29|21.3327|21.62|20.9833|21.0813
2019-10-30|20.8667|21.2527|20.6647|21.0007
2019-10-31|20.8733|21.2667|20.8667|20.9947
2019-11-01|21.088|21.0987|20.6533|20.8873
2019-11-04|20.9867|21.4627|20.6173|21.1647
2019-11-05|21.308|21.5673|21.0745|21.148
2019-11-06|21.2|21.7813|20.9667|21.772
2019-11-07|21.9427|22.7667|21.868|22.3693
2019-11-08|22.3|22.4973|22.1667|22.476
2019-11-11|22.93|23.2793|22.8|23.006
2019-11-12|23.1267|23.358|22.936|23.3287
2019-11-13|23.6667|23.7553|23.012|23.074
2019-11-14|23.074|23.5893|22.8607|23.29
2019-11-15|23.376|23.52|23.224|23.478
2019-11-18|23.5278|23.5433|23.0733|23.3327
2019-11-19|23.45|23.9993|23.1867|23.968
2019-11-20|24|24.08|23.3047|23.4813
2019-11-21|23.634|24.056|23.6003|23.6553
2019-11-22|22.6773|22.7333|22|22.2027
2019-11-25|22.9547|22.9713|22.2973|22.4227
2019-11-26|22.3513|22.3667|21.8067|21.928
2019-11-27|22.0747|22.262|21.9047|22.086
2019-11-29|22.074|22.084|21.8333|21.996
2019-12-02|21.96|22.4255|21.9125|22.3247
2019-12-03|22.1747|22.5273|22.1457|22.4133
2019-12-04|22.5167|22.524|22.19|22.202
2019-12-05|22.1887|22.2948|21.8167|22.0247
2019-12-06|22.3333|22.5907|22.318|22.3927
2019-12-09|22.4393|22.9633|22.3387|22.6353
2019-12-10|22.664|23.382|22.6207|23.256
2019-12-11|23.4584|23.8127|23.406|23.5133
2019-12-12|23.6613|24.1827|23.5487|23.9787
2019-12-13|24.07|24.3473|23.6427|23.8927
2019-12-16|24.17|25.574|24.1667|25.4333
2019-12-17|25.266|25.7|25.06|25.266
2019-12-18|25.3753|26.348|25.372|26.21
2019-12-19|26.488|27.1233|26.4333|26.936
2019-12-20|27.3527|27.5333|26.679|27.0393
2019-12-23|27.452|28.134|27.3333|27.948
2019-12-24|27.8907|28.3647|27.5125|28.35
2019-12-26|28.5273|28.8987|28.4233|28.7293
2019-12-27|29|29.0207|28.4073|28.692
2019-12-30|28.586|28.6|27.2839|27.6467
2019-12-31|27|28.086|26.8053|27.8887
2020-01-02|28.3|28.713|28.114|28.684
2020-01-03|29.3667|30.2667|29.128|29.534
2020-01-06|29.3647|30.104|29.3333|30.1027
2020-01-07|30.76|31.442|30.2237|31.2707
2020-01-08|31.58|33.2327|31.2153|32.8093
2020-01-09|33.14|33.2533|31.5247|32.0893
2020-01-10|32.1193|32.3293|31.58|31.8767
2020-01-13|32.9|35.042|32.8|34.9907
2020-01-14|36.2837|36.494|34.9933|35.8613
2020-01-15|35.3173|35.856|34.4524|34.5667
2020-01-16|32.9167|34.2973|32.8113|34.2327
2020-01-17|33.8407|34.378|33.544|34.0333
2020-01-21|35.35|36.572|35.2273|36.48
2020-01-22|38.126|39.6333|37.2733|37.9707
2020-01-23|37.6167|38.8|37.0402|38.1467
2020-01-24|38.042|38.2573|36.9507|37.6547
2020-01-27|36.1327|37.6293|35.952|37.2013
2020-01-28|37.8993|38.454|37.2053|37.7933
2020-01-29|38.3793|39.32|37.8287|38.7327
2020-01-30|42.1613|43.392|41.2|42.7207
2020-01-31|42.6667|43.5333|42.168|43.3713
2020-02-03|44.9127|52.4093|44.9013|52
2020-02-04|58.864|64.5993|55.592|59.1373
2020-02-05|54.884|56.3987|46.9407|48.98
2020-02-06|46.6613|53.0553|45.8|49.9307
2020-02-07|48.7033|51.3167|48.6667|49.8713
2020-02-10|53.3333|54.666|50.16|51.4187
2020-02-11|51.2527|52.2337|50.5333|51.6253
2020-02-12|51.858|52.65|50.8913|51.1527
2020-02-13|49.456|54.5333|49|53.6
2020-02-14|52.4813|54.198|52.3667|53.3353
2020-02-18|56.1067|57.3333|55.4907|57.2267
2020-02-19|61.5667|62.9853|60.068|61.1613
2020-02-20|60.7967|60.8|57.3293|59.9607
2020-02-21|60.4653|60.8707|58.6967|60.0667
2020-02-24|55.9333|57.5667|54.8133|55.586
2020-02-25|56.6|57.1067|52.4667|53.3273
2020-02-26|52.1667|54.2207|51.7407|51.92
2020-02-27|48.6667|49.318|44.6|45.2667
2020-02-28|41.98|46.0347|40.768|44.5327
2020-03-02|47.4173|49.5793|45.778|49.5747
2020-03-03|53.6667|53.7987|47.7407|49.7007
2020-03-04|50.9307|51.1013|48.3156|49.9667
2020-03-05|48.2513|49.7167|47.8713|48.3027
2020-03-06|46.0002|47.1333|45.618|46.8987
2020-03-09|40.3593|44.1999|40.3333|40.5333
2020-03-10|43.962|44.5333|40.5333|43.022
2020-03-11|42.68|43.572|40.8667|42.282
2020-03-12|38.726|39.6333|36.4167|37.37
2020-03-13|39.6667|40.5047|33.4667|36.4413
2020-03-16|31.3|32.9913|29.478|29.6713
2020-03-17|29.334|31.4567|26.4|28.68
2020-03-18|25.9333|26.9907|23.3673|24.0813
2020-03-19|24.9798|30.1333|23.8973|28.5093
2020-03-20|29.2133|31.8|28.386|28.502
2020-03-23|28.9067|29.4667|27.3667|28.9527
2020-03-24|31.82|34.246|31.6|33.6667
2020-03-25|36.35|37.1333|34.074|35.95
2020-03-26|36.4927|37.3333|34.15|35.2107
2020-03-27|33.6667|35.0533|32.9353|34.2907
2020-03-30|34.0173|34.4431|32.7487|33.4753
2020-03-31|33.4167|36.1973|33.1333|34.9333
2020-04-01|33.6|34.2637|31.6733|32.104
2020-04-02|32.0687|32.9507|29.76|30.298
2020-04-03|33.9667|34.366|31.226|32.0007
2020-04-06|34.08|34.7333|33.1973|34.416
2020-04-07|36.3333|37.6667|35.4893|36.3633
2020-04-08|36.9467|37.1472|35.5553|36.5893
2020-04-09|37.4727|38.3455|37.1407|38.2
2020-04-13|39.344|43.4667|38.702|43.3967
2020-04-14|46.598|49.4587|46.162|47.326
2020-04-15|49.4667|50.2087|47.3333|48.6553
2020-04-16|47.796|50.63|47.1143|49.6807
2020-04-17|51.4853|51.6633|49.844|50.2593
2020-04-20|48.8467|51.038|47.4807|49.7573
2020-04-21|48.6747|50.222|44.9193|45.7813
2020-04-22|46.932|48.9333|45.914|48.8073
2020-04-23|48.5067|48.9333|46.8753|47.042
2020-04-24|47.3873|48.7153|46.5453|48.3433
2020-04-27|49.174|53.2993|49|53.25
2020-04-28|53.0427|53.6667|50.446|51.2747
2020-04-29|52.678|53.5467|52.2107|53.3673
2020-04-30|57.0127|57.988|50.9|52.1253
2020-05-01|50.3333|51.518|45.536|46.7547
2020-05-04|46.7333|50.8|46.5333|50.746
2020-05-05|52.6527|53.2613|50.812|51.214
2020-05-06|51.7667|52.6533|50.7407|52.172
2020-05-07|51.814|53.0933|51.49|52.0027
2020-05-08|52.918|54.9333|52.4673|54.628
2020-05-11|52.7007|54.9333|52.3333|54.086
2020-05-12|55.1333|56.2193|53.8667|53.9607
2020-05-13|54.722|55.0667|50.8867|52.7307
2020-05-14|52|53.5573|50.9333|53.5553
2020-05-15|52.69|53.6699|52.4368|53.278
2020-05-18|55.1853|55.648|53.592|54.242
2020-05-19|54.3447|54.8047|53.7387|53.8673
2020-05-20|54.7|55.0667|54.12|54.3707
2020-05-21|54.4|55.5|53.0667|55.1733
2020-05-22|54.8116|55.452|54.1333|54.4587
2020-05-26|55.6333|55.64|54.3803|54.5913
2020-05-27|54.724|55.1807|52.3333|54.682
2020-05-28|54.234|54.9833|53.446|53.7207
2020-05-29|53.9167|55.6667|53.614|55.6667
2020-06-01|57.2|59.9333|56.94|59.8733
2020-06-02|59.6467|60.5773|58.0667|58.7707
2020-06-03|59.208|59.8627|58.6733|58.864
2020-06-04|59.3253|59.7167|57.2293|57.6253
2020-06-05|58.5227|59.1013|57.7467|59.044
2020-06-08|61.2667|63.3333|60.6107|63.328
2020-06-09|62.6673|63.6293|61.5954|62.7113
2020-06-10|66.1253|68.4987|65.5|68.3367
2020-06-11|66.0133|67.9307|64.8|64.856
2020-06-12|65.3333|65.8653|60.84|62.352
2020-06-15|61.186|66.5893|60.5667|66.06
2020-06-16|67.4567|67.5253|64.1593|65.4753
2020-06-17|65.8473|67|65.5047|66.1193
2020-06-18|66.8667|67.9467|66.2981|66.9307
2020-06-19|67.5187|67.7313|66.0893|66.7267
2020-06-22|66.6633|67.2587|66.0013|66.288
2020-06-23|66.592|67.4667|66.2673|66.7853
2020-06-24|66.274|66.7256|63.5428|64.0567
2020-06-25|63.618|65.732|62.4767|65.732
2020-06-26|66.3187|66.3333|63.658|63.9827
2020-06-29|64.6007|67.3333|63.2347|67.29
2020-06-30|67.1|72.5127|66.9153|71.9873
2020-07-01|72.2|75.6887|72.0333|74.642
2020-07-02|81.432|81.8667|79.04|80.5773
2020-07-06|85.1127|91.8527|84.4029|91.4387
2020-07-07|93.6673|95.3|89.114|92.6573
2020-07-08|93.6667|94.484|87.4227|91.0587
2020-07-09|93.1327|93.904|90.0853|92.952
2020-07-10|93.0667|103.261|91.734|102.9767
2020-07-13|110.6|119.666|98.074|99.804
2020-07-14|103.7333|106|95.4|101.12
2020-07-15|102.8667|103.3333|97.1333|103.0673
2020-07-16|98.4773|102.114|97.7333|100.0427
2020-07-17|100.8967|102.5007|99.3333|100.056
2020-07-20|101.2673|110|99.2|109.5333
2020-07-21|109.3287|111.6667|103.8667|104.5573
2020-07-22|106.6|108.428|104.1333|106.1553
2020-07-23|111.93|112.6|98.718|100.8713
2020-07-24|94.4007|97.6667|91.1027|94.4667
2020-07-27|95.6667|103.196|94.2|102.64
2020-07-28|100.2667|104.3133|98.2947|98.4327
2020-07-29|100.0667|102.3207|99.1333|99.9407
2020-07-30|99.2|100.8827|98.0667|99.166
2020-07-31|101|101.1367|94.732|95.384
2020-08-03|96.6133|100.654|96.2923|99
2020-08-04|99.6673|101.8273|97.4667|99.1333
2020-08-05|99.5327|99.9892|97.8873|99.0013
2020-08-06|99.3887|101.154|98.484|99.3053
2020-08-07|99.9691|99.9833|94.334|96.8473
2020-08-10|96.5333|97.1667|92.3893|94.5713
2020-08-11|93.0667|94.6667|91|91.626
2020-08-12|98|105.6667|95.6667|103.6507
2020-08-13|107.4|110.0787|104.484|108.0667
2020-08-14|110.9993|111.2533|108.4427|110.0473
2020-08-17|111.8|123.0573|111.522|122.376
2020-08-18|126.5993|128.26|123.0073|125.806
2020-08-19|124.3333|127.4|122.7473|125.2353
2020-08-20|124.0453|134.7993|123.804|133.4553
2020-08-21|136.3173|139.6993|135.0033|136.6653
2020-08-24|141.7517|141.9333|128.5013|134.28
2020-08-25|131.6593|135.1967|131.2|134.8893
2020-08-26|137.3333|144.4|136.9086|143.5447
2020-08-27|145.364|153.04|142.8333|149.25
2020-08-28|153.008|154.566|145.768|147.56
2020-08-31|148.2033|166.7133|146.7033|166.1067
2020-09-01|167.38|167.4967|156.8367|158.35
2020-09-02|159.6633|159.68|135.0402|149.1233
2020-09-03|135.7433|143.9333|134|135.6667
2020-09-04|134.27|142.6667|124.0067|139.44
2020-09-08|118.6667|122.9133|109.96|110.07
2020-09-09|118.8667|123|113.8367|122.0933
2020-09-10|128.7367|132.9967|120.1867|123.78
2020-09-11|127.3133|127.5|120.1667|124.24
2020-09-14|126.9833|140|124.4333|139.8733
2020-09-15|145.52|153.98|143.5667|149.92
2020-09-16|146.6233|152.5967|145.1033|147.2533
2020-09-17|138.5333|145.93|136|141.1433
2020-09-18|149.3133|150.3333|142.9333|147.3833
2020-09-21|151.0433|151.8933|135.69|149.7967
2020-09-22|143.2|145.92|139.2|141.41
2020-09-23|135.0533|137.3833|125.2934|126.7867
2020-09-24|121.2667|133.1667|117.1|129.2633
2020-09-25|131.1567|136.2441|130.4333|135.78
2020-09-28|141.54|142.6933|138.5167|140.4
2020-09-29|138.6667|142.8333|137.2|139.69
2020-09-30|140.44|144.6433|140.1567|143.0033
2020-10-01|146.92|149.6267|144.8067|149.3867
2020-10-02|140.4633|146.3767|138.3333|138.3633
2020-10-05|141.1167|144.5467|139.7767|141.8933
2020-10-06|141.2633|142.9266|135.35|137.9933
2020-10-07|139.9567|143.3|137.9483|141.7667
2020-10-08|146.1467|146.3333|141.7667|141.9733
2020-10-09|143.3767|144.8633|142.1534|144.6667
2020-10-12|147.3333|149.58|146.1933|147.4333
2020-10-13|147.7833|149.63|145.5333|148.8833
2020-10-14|149.9267|155.3|149.1167|153.7667
2020-10-15|150.1033|152.19|147.5|149.6267
2020-10-16|151.48|151.9833|146.2833|146.5567
2020-10-19|148.7467|149|142.9567|143.61
2020-10-20|143.9167|143.9167|139.6834|140.6467
2020-10-21|140.9|144.3167|140.4167|140.88
2020-10-22|147.3067|148.41|141.5033|141.93
2020-10-23|140.6133|140.962|135.7934|140.21
2020-10-26|137.21|141.92|136.6667|140.0933
2020-10-27|141.2533|143.5|140.0333|141.56
2020-10-28|138.8267|139.5333|135.3333|135.34
2020-10-29|136.6533|139.3533|135.4867|136.9433
2020-10-30|135.6318|135.8638|126.37|129.3467
2020-11-02|131.3333|135.66|130.7667|133.5033
2020-11-03|136.5767|142.59|135.5633|141.3
2020-11-04|143.54|145.1333|139.0333|140.3267
2020-11-05|142.7667|146.6667|141.3334|146.03
2020-11-06|145.3667|145.5233|141.4267|143.3167
2020-11-09|146.5|150.8333|140.3333|140.42
2020-11-10|140.03|140.03|132.01|136.7867
2020-11-11|138.8167|139.565|136.86|139.0433
2020-11-12|138.35|141|136.5067|137.2533
2020-11-13|136.95|137.5106|133.8867|136.1667
2020-11-16|136.31|137.4833|134.6956|136.03
2020-11-17|153.39|154|144.3367|147.2033
2020-11-18|149.45|165.3333|147.8334|162.2133
2020-11-19|164|169.5371|162.5233|166.4233
2020-11-20|165.9967|167.5|163.02|163.2033
2020-11-23|167.8333|175.3333|167.2633|173.95
2020-11-24|180.1333|186.6633|175.4|185.1267
2020-11-25|183.3533|191.3333|181.79|191.3333
2020-11-27|193.72|199.5933|192.8167|195.2533
2020-11-30|200.7367|202.6|184.8367|189.2
2020-12-01|199.1967|199.2833|190.6833|194.92
2020-12-02|185.48|190.5133|180.4033|189.6067
2020-12-03|196.6733|199.6567|194.1433|197.7933
2020-12-04|197.0033|199.68|195.1667|199.68
2020-12-07|201.6399|216.2619|201.0167|213.92
2020-12-08|208.5017|217.0933|206.1667|216.6267
2020-12-09|217.8967|218.1067|196|201.4933
2020-12-10|191.4567|209.25|188.78|209.0233
2020-12-11|205.0033|208|198.9333|203.33
2020-12-14|206.3333|214.25|203.4|213.2767
2020-12-15|214.4267|215.6333|207.9333|211.0833
2020-12-16|209.41|210.8333|201.6667|207.59
2020-12-17|209.3967|219.6067|206.5|218.6333
2020-12-18|222.9667|231.6667|209.5133|231.6667
2020-12-21|222.08|222.8333|215.3567|216.62
2020-12-22|216|216.6267|204.7433|213.4467
2020-12-23|210.7333|217.1666|207.5234|215.3267
2020-12-24|214.33|222.03|213.6667|220.59
2020-12-28|224.8367|227.1333|220.2667|221.23
2020-12-29|220.3333|223.3|218.3333|221.9967
2020-12-30|224|232.2|222.7868|231.5933
2020-12-31|233.33|239.5733|230.3733|235.2233
2021-01-04|239.82|248.1633|239.0632|243.2567
2021-01-05|241.22|246.9467|239.7333|245.0367
2021-01-06|252.83|258|249.7|251.9933
2021-01-07|259.21|272.33|258.4|272.0133
2021-01-08|285.3333|294.83|279.4633|293.34
2021-01-11|283.1333|284.81|267.8741|270.3967
2021-01-12|277|289.3333|275.78|283.1467
2021-01-13|284.2533|286.8233|277.3333|284.8033
2021-01-14|281.13|287.6667|279.5833|281.6667
2021-01-15|284|286.6333|273.0333|275.3867
2021-01-19|279.2667|283.3333|277.6667|281.5167
2021-01-20|286.2467|286.5|279.0933|283.4833
2021-01-21|285|285.24|280.4734|281.6633
2021-01-22|278.1033|282.6667|276.2067|282.2133
2021-01-25|285|300.1333|279.6067|293.6
2021-01-26|297.1267|298.6333|290.5333|294.3633
2021-01-27|290.1167|297.1667|286.22|288.0533
2021-01-28|273.3333|282.6667|267|278.4767
2021-01-29|276.6668|280.8033|260.0333|264.51
2021-02-01|271.43|280.6667|265.1867|279.9367
2021-02-02|281.56|293.5|280.7335|290.93
2021-02-03|292.34|292.6933|284.3549|284.8967
2021-02-04|285|285.5|277.8067|283.33
2021-02-05|281.6667|288.2567|279.6567|284.0767
2021-02-08|289.89|292.59|284.9167|287.8067
2021-02-09|285.04|286.6|280.5833|283.1533
2021-02-10|281.2117|281.6067|266.6733|268.2733
2021-02-11|270.8133|276.6266|267.2417|270.5533
2021-02-12|267.0867|272.4433|261.7769|272.04
2021-02-16|272.6667|273.6667|264.1467|265.4067
2021-02-17|259.6967|266.6133|254.0033|266.05
2021-02-18|260.3|264.8967|258.7567|262.46
2021-02-19|265|265.5966|259.1233|260.4333
2021-02-22|254.2133|256.1667|236.7333|238.1667
2021-02-23|220.71|237.87|206.3333|232.9467
2021-02-24|237.2833|248.3333|231.39|247.34
2021-02-25|242.05|245.7355|223.5267|227.4067
2021-02-26|233.3333|235.5667|219.8367|225.1667
2021-03-01|230.0367|290.6667|228.35|239.4767
2021-03-02|239.4267|240.37|228.3333|228.8133
2021-03-03|229.33|233.5667|217.235|217.7333
2021-03-04|218.6|291.3133|200|207.1467
2021-03-05|208.6867|209.2806|179.83|199.3167
2021-03-08|200.1833|206.7083|186.2633|187.6667
2021-03-09|202.7267|226.03|198.4033|224.5267
2021-03-10|233.4333|239.2833|218.3533|222.6867
2021-03-11|233.1333|234.1667|225.7267|233.2
2021-03-12|223.3333|231.6267|222.0465|231.2433
2021-03-15|231.3633|237.7267|228.0133|235.98
2021-03-16|234.45|235.9733|223.6667|225.6267
2021-03-17|218.9567|234.5767|217.0033|233.9367
2021-03-18|228.0967|229.7433|217.3333|217.72
2021-03-19|215.5333|219.0767|208.2067|218.29
2021-03-22|228.1967|233.2067|222.9167|223.3333
2021-03-23|225.2567|225.9333|219.17|220.72
2021-03-24|222.6367|222.6733|210.0367|210.09
2021-03-25|204.3333|215.1667|203.1667|213.4633
2021-03-26|213.9567|214.6067|199.9633|206.2367
2021-03-29|205.2133|205.4933|198.6733|203.7633
2021-03-30|200.5833|212.5533|197.0033|211.8733
2021-03-31|215.54|224|213.7033|222.6433
2021-04-01|229.4567|230.8068|219.8067|220.5833
2021-04-05|235.9033|236.0533|228.2333|230.35
2021-04-06|230.1|232.1833|227.1233|230.54
2021-04-07|229|230.46|222.6133|223.6567
2021-04-08|225.7933|229.85|223.8817|227.9333
2021-04-09|225.9233|226.99|223.1433|225.6733
2021-04-12|228.5667|234.9333|227.3633|233.9933
2021-04-13|237.5667|254.3333|236.8867|254.1067
2021-04-14|256.9|260.2633|242.6767|244.0767
2021-04-15|247.7|247.8967|240.4367|246.2833
2021-04-16|242.8833|249.8033|241.5333|246.5933
2021-04-19|239.8667|241.8|230.6|238.21
2021-04-20|239.14|245.75|236.895|239.6633
2021-04-21|234.9233|248.28|232.6667|248.04
2021-04-22|247.1667|251.2567|239.3467|239.8967
2021-04-23|239.9333|245.7867|238.4867|243.1333
2021-04-26|247|249.7667|244.2018|246.0667
2021-04-27|239.32|241.3333|234.45|234.9133
2021-04-28|232.1367|236.1667|231.2|231.4667
2021-04-29|233.17|234.0833|222.8334|225.6667
2021-04-30|222.53|238.49|222.0467|236.48
2021-05-03|234.6|235.3333|226.8333|228.3
2021-05-04|226.3133|227.8155|219.2337|224.5333
2021-05-05|227.02|228.4318|222.4467|223.6467
2021-05-06|226.92|227.0067|216.6667|221.18
2021-05-07|221.9333|230|220.0733|224.1233
2021-05-10|221.6333|221.6833|209.2034|209.68
2021-05-11|199.7467|209.0333|198.5333|205.7333
2021-05-12|200.83|206.8033|195.5883|196.63
2021-05-13|200.515|202.1533|186.55|190.5633
2021-05-14|194.47|197.6233|190.1533|196.58
2021-05-17|191.851|196.5767|187.0667|192.2767
2021-05-18|189.3333|198.75|187.7933|192.6233
2021-05-19|184.1833|188.7367|182.3267|187.82
2021-05-20|191.6667|196.2833|190.3567|195.5933
2021-05-21|198.7033|198.8933|193.3333|193.6267
2021-05-24|193.8667|204.8267|191.2167|202.1467
2021-05-25|202.4367|204.6633|198.57|201.5633
2021-05-26|202.52|208.7233|200.5|206.3767
2021-05-27|206.7467|210.3767|205.4033|210.2833
2021-05-28|209.5|211.8633|207.46|208.4067
2021-06-01|209.2667|211.2667|206.85|207.9667
2021-06-02|206.71|207.7867|199.7133|201.7067
2021-06-03|200.6|201.5167|190.4067|190.9467
2021-06-04|193.2367|200.2033|192.4|199.6833
2021-06-07|197.275|203.3333|194.2933|201.71
2021-06-08|207.67|207.6967|198.5|201.1967
2021-06-09|200.7233|203.93|199.21|199.5933
2021-06-10|201.2933|205.53|200.1667|203.3733
2021-06-11|203.41|204.1867|200.5067|203.2967
2021-06-14|204.0767|208.4967|203.06|205.8967
2021-06-15|205.5633|205.5967|199.41|199.7867
2021-06-16|199.1783|202.8333|197.8333|201.6233
2021-06-17|200.6293|207.1567|200.4467|205.5333
2021-06-18|204.4567|209.45|203.9333|207.77
2021-06-21|208.16|210.4633|202.96|206.9433
2021-06-22|206.0833|209.5231|205.1667|207.9033
2021-06-23|210.6667|219.068|210.0133|218.8567
2021-06-24|224.9967|232.54|222.5367|226.6067
2021-06-25|229.86|231.27|222.9|223.9567
2021-06-28|223.88|231.5666|223.44|229.5733
2021-06-29|228.2167|229.17|225.2967|226.92
2021-06-30|226.59|230.9367|226.0467|226.5667
2021-07-01|227.9733|229.33|224.2667|225.9733
2021-07-02|226.3267|233.3333|224.42|226.3
2021-07-06|227.2372|228|217.1334|219.86
2021-07-07|221.4233|221.9|212.7733|214.8833
2021-07-08|209.4567|218.1433|206.82|217.6033
2021-07-09|217.7283|219.6367|214.8967|218.9833
2021-07-12|220.7333|229.08|220.7203|228.5667
2021-07-13|228.7733|231.0933|222.0986|222.8467
2021-07-14|223.5833|226.2033|217.6133|217.7933
2021-07-15|219.4633|222.0467|212.6267|216.8667
2021-07-16|218.2267|218.9|214.0667|214.74
2021-07-19|209.9633|215.7333|207.0967|215.4067
2021-07-20|217.33|220.7972|213.5003|220.1667
2021-07-21|219.87|221.62|216.7634|218.43
2021-07-22|218.8143|220.7233|214.8667|216.42
2021-07-23|215.4533|216.2667|212.4334|214.46
2021-07-26|216.99|222.7333|215.7033|219.2067
2021-07-27|221.1333|222.1667|209.08|214.9267
2021-07-28|215.665|218.3233|213.1334|215.66
2021-07-29|216.5967|227.8967|216.2667|225.7833
2021-07-30|223.9193|232.51|223|229.0667
2021-08-02|233.3333|242.3133|232.8|236.5567
2021-08-03|239.6667|240.8833|233.67|236.58
2021-08-04|237|241.6333|236.31|236.9733
2021-08-05|238.6667|240.3166|237.1367|238.21
2021-08-06|237.3|238.7767|232.5433|233.0333
2021-08-09|236.7233|239.6767|235.0433|237.92
2021-08-10|237.9967|238.8633|233.96|236.6633
2021-08-11|237.57|238.3933|234.7367|235.94
2021-08-12|235.4467|240.9333|233.1333|240.75
2021-08-13|241.2367|243.3|238.1133|239.0567
2021-08-16|235.0233|236.5|225.4667|228.7233
2021-08-17|224.22|224.86|216.28|221.9033
2021-08-18|223.2493|231.9233|223.1167|229.6633
2021-08-19|226.07|228.85|222.53|224.49
2021-08-20|227.6167|230.71|224.5667|226.7533
2021-08-23|228.4807|237.3766|226.9168|235.4333
2021-08-24|236.8933|238.4067|234.2133|236.1633
2021-08-25|235.6767|238.99|234.6667|237.0667
2021-08-26|236.1033|238.4667|232.54|233.72
2021-08-27|235|238.3333|234.0334|237.3067
2021-08-30|238.2383|243.6667|237.5767|243.6367
2021-08-31|244.3333|246.7967|242.1467|245.24
2021-09-01|244.6933|247.33|243.7567|244.6967
2021-09-02|244.8333|246.99|243.5133|244.13
2021-09-03|244.0831|244.6667|241.4|244.5233
2021-09-07|246.6667|253.4|246.42|250.9733
2021-09-08|253.86|254.8167|246.9244|251.29
2021-09-09|251.1367|254.0333|250.5434|251.62
2021-09-10|253.2|254.2033|244.84|245.4233
2021-09-13|246.7381|248.26|236.2833|247.6667
2021-09-14|247.5233|251.49|245.4667|248.1633
2021-09-15|248.3333|252.2867|246.12|251.9433
2021-09-16|250.9433|252.97|249.2033|252.33
2021-09-17|252.3833|253.68|250|253.1633
2021-09-20|244.8526|247.3333|239.5416|243.39
2021-09-21|244.93|248.2466|243.48|246.46
2021-09-22|247.8421|251.2233|246.3733|250.6467
2021-09-23|251.6667|252.7333|249.3067|251.2133
2021-09-24|248.63|258.2667|248.1867|258.13
2021-09-27|257.7067|266.3333|256.4367|263.7867
2021-09-28|262.4|265.2133|255.3934|259.1867
2021-09-29|259.9333|264.5|256.8933|260.4367
2021-09-30|260.3333|263.0435|258.3333|258.4933
2021-10-01|259.4667|260.26|254.53|258.4067
2021-10-04|265.5|268.99|258.7067|260.51
2021-10-05|261.5987|265.77|258.0667|260.1967
2021-10-06|258.7333|262.22|257.74|260.9167
2021-10-07|261.82|268.3333|261.1267|264.5367
2021-10-08|265.4033|265.46|260.3033|261.83
2021-10-11|262.55|267.08|261.8333|263.98
2021-10-12|266.9767|270.7733|265.5233|268.5733
2021-10-13|270.1567|271.8033|268.5933|270.36
2021-10-14|271.83|273.4167|271.1167|272.7733
2021-10-15|274.5795|281.07|274.1167|281.01
2021-10-18|283.93|291.7533|283.8233|290.0367
2021-10-19|292.51|292.65|287.5033|288.09
2021-10-20|288.45|289.83|285.7933|288.6
2021-10-21|285.3333|300|285.1682|298
2021-10-22|298.5|303.3333|296.9867|303.2267
2021-10-25|316.8433|348.34|314.7333|341.62
2021-10-26|341.5633|364.98|333.8133|339.4767
2021-10-27|346.5533|356.96|343.5933|345.9533
2021-10-28|356.1017|360.3333|351.4|359.0133
2021-10-29|360.62|371.7367|357.735|371.3333
2021-11-01|381.6667|403.25|372.8867|402.8633
2021-11-02|386.4517|402.8633|382|390.6667
2021-11-03|392.4433|405.13|384.2067|404.62
2021-11-04|411.47|414.4967|405.6667|409.97
2021-11-05|409.3333|413.29|402.6667|407.3633
2021-11-08|383.2617|399|377.6667|387.6467
2021-11-09|391.2|391.5|337.1733|341.1667
2021-11-10|336.8033|359.3667|329.1033|355.9833
2021-11-11|367.59|368.3233|351.56|354.5033
2021-11-12|349.1667|351.5|339.7333|344.4733
2021-11-15|339.21|343.9933|326.2|337.7967
2021-11-16|334.4367|352.4|334.06|351.5767
2021-11-17|354.5033|373.2133|351.8333|363.0033
2021-11-18|368.85|370.6667|358.34|365.46
2021-11-19|366.29|379.5733|364.2333|379.02
2021-11-22|387.4433|400.65|377.4767|385.6233
2021-11-23|389.17|393.5|354.2333|369.6767
2021-11-24|360.13|377.59|354|372
2021-11-26|366.49|369.5942|360.3333|360.64
2021-11-29|366.9967|380.89|366.73|378.9967
2021-11-30|381.4567|389.3333|372.6667|381.5867
2021-12-01|386.8983|390.9466|363.5867|365
2021-12-02|366.3533|371|352.2167|361.5333
2021-12-03|361.5967|363.5251|333.4033|338.3233
2021-12-06|333.8367|340.5467|316.8333|336.3367
2021-12-07|348.0667|352.558|342.27|350.5833
2021-12-08|350.9033|357.46|344.3334|356.32
2021-12-09|353.5467|354.1633|334.12|334.6
2021-12-10|336.25|340.3266|327.51|339.01
2021-12-13|333.6967|335|317.14|322.1367
2021-12-14|315|322.1367|310|319.5033
2021-12-15|317.7367|326.25|309.4167|325.33
2021-12-16|331.5|331.66|307.2833|308.9733
2021-12-17|304.9233|320.22|303.0134|310.8567
2021-12-20|303.5667|307.2295|297.7967|299.98
2021-12-21|305.6233|313.1667|295.3733|312.8433
2021-12-22|321.8867|338.5533|319.0167|336.29
2021-12-23|335.6|357.6589|332.52|355.6667
2021-12-27|357.89|372.3333|356.9051|364.6467
2021-12-28|369.83|373|359.4733|362.8233
2021-12-29|366.2133|368|354.7133|362.0633
2021-12-30|353.7767|365.1833|351.05|356.78
2021-12-31|357.8148|360.6666|351.53|352.26
2022-01-03|382.5833|400.3567|378.68|399.9267
2022-01-04|396.5167|402.6667|374.35|383.1967
2022-01-05|382.2167|390.1133|360.3367|362.7067
2022-01-06|359|362.6667|340.1667|354.9
2022-01-07|360.1233|360.31|336.6667|342.32
2022-01-10|333.3333|353.0333|326.6667|352.7067
2022-01-11|351.2233|358.6167|346.2733|354.8
2022-01-12|359.6167|371.6133|357.53|368.74
2022-01-13|369.6883|371.8667|342.1797|343.8533
2022-01-14|339.96|350.6667|337.7929|349.87
2022-01-18|342.2017|356.93|338.6867|343.5033
2022-01-19|347.235|351.5566|331.6667|331.8833
2022-01-20|336.5767|347.22|331.3333|332.09
2022-01-21|332.1133|334.85|313.5|314.6333
2022-01-24|301.5867|311.171|283.8233|310
2022-01-25|304.7333|317.0867|301.07|306.1333
2022-01-26|317.4767|329.23|302|312.47
2022-01-27|311.12|311.7967|276.3333|276.3667
2022-01-28|277.1867|285.8333|264.0033|282.1167
2022-01-31|290.9033|312.6633|287.35|312.24
2022-02-01|311.7367|314.5667|301.6667|310.4167
2022-02-02|309.3933|310.5|296.47|301.8867
2022-02-03|294|312.3333|293.5067|297.0467
2022-02-04|299.0733|312.1667|293.7233|307.7733
2022-02-07|307.93|315.9233|300.903|302.4467
2022-02-08|301.8433|308.7633|298.2667|307.3333
2022-02-09|311.6667|315.4233|306.6667|310.6667
2022-02-10|302.79|314.6033|298.9|301.5167
2022-02-11|303.21|305.32|283.5667|286.6667
2022-02-14|287.19|299.6266|284.3833|291.92
2022-02-15|300|307.6667|297.7925|307.4767
2022-02-16|304.6833|308.81|300.4033|307.7967
2022-02-17|304.42|306.1666|291.3667|292.1167
2022-02-18|295.3333|295.6233|279.2033|285.66
2022-02-22|278.0433|285.5779|267.0334|273.8433
2022-02-23|276.81|278.4332|253.52|254.68
2022-02-24|233.4633|267.4933|233.3333|266.9233
2022-02-25|269.7433|273.1667|260.8002|269.9567
2022-02-28|271.67|292.2867|271.5692|290.1433
2022-03-01|289.8933|296.6267|284.5933|288.1233
2022-03-02|290.71|295.4933|281.424|293.2967
2022-03-03|292.9233|295.4797|277.5334|279.7633
2022-03-04|283.0333|285.2167|275.0536|279.43
2022-03-07|285.4333|288.7133|268.19|268.1933
2022-03-08|265.1767|283.33|260.7233|274.8
2022-03-09|279.8267|286.8533|277.3367|286.3233
2022-03-10|283.8167|284.8167|270.12|279.4333
2022-03-11|280.0657|281.2673|264.59|265.1167
2022-03-14|260.2033|266.9|252.0133|255.4567
2022-03-15|258.4233|268.5233|252.19|267.2967
2022-03-16|269.6667|280.6667|267.42|280.0767
2022-03-17|276.9967|291.6667|275.2393|290.5333
2022-03-18|291.4967|302.6167|289.13|301.7967
2022-03-21|304.9933|314.2833|302.3633|307.0533
2022-03-22|310|332.62|307.25|331.3267
2022-03-23|326.6467|346.9|325.4667|333.0367
2022-03-24|336.5767|341.4967|329.6|337.9733
2022-03-25|336|340.6|332.44|336.88
2022-03-28|355.0333|365.96|351.2|363.9467
2022-03-29|369.33|371.59|357.7033|366.5233
2022-03-30|363.7233|371.3167|361.3333|364.6633
2022-03-31|364.8567|367.7133|358.8803|359.2
2022-04-01|360.3833|364.9167|355.5467|361.53
2022-04-04|363.1267|383.3033|357.51|381.8167
2022-04-05|378.7667|384.29|362.4333|363.7533
2022-04-06|357.8233|359.6667|342.5667|348.5867
2022-04-07|350.7967|358.8633|340.5134|352.42
2022-04-08|347.7367|349.48|340.8117|341.83
2022-04-11|326.8|336.156|324.88|325.31
2022-04-12|332.5467|340.3974|325.5334|328.9833
2022-04-13|327.025|342.08|324.3657|340.79
2022-04-14|333.0967|337.57|327.3967|328.3333
2022-04-18|329.6767|338.3067|324.47|334.7633
2022-04-19|335.02|344.98|331.775|342.7167
2022-04-20|343.3333|344.6667|325.0834|325.7333
2022-04-21|358.2433|364.0733|332.1383|336.26
2022-04-22|338.3033|344.95|331.3334|335.0167
2022-04-25|326.3233|336.2067|325.1|332.6733
2022-04-26|331.81|333.3333|291.6667|292.14
2022-04-27|299.5267|306|292.4533|293.8367
2022-04-28|299.9933|300|273.9|292.5033
2022-04-29|300.75|311.4666|290|290.2533
2022-05-02|286.9233|302.12|282.6767|300.98
2022-05-03|301.06|308.0267|296.1967|303.0833
2022-05-04|301.3133|318.5|295.0933|317.54
2022-05-05|313.07|315.2|285.9|291.0933
2022-05-06|295.6667|296|281.035|288.55
2022-05-09|278.8167|281.8767|260.3833|262.37
2022-05-10|273.1033|275.12|258.0833|266.68
2022-05-11|265|269.9233|242.4|244.6667
2022-05-12|233.6667|253.22|226.6667|242.6667
2022-05-13|257.8267|262.45|250.5217|256.53
2022-05-16|255.72|256.5867|239.6962|241.4567
2022-05-17|249.12|254.8267|242.95|253.87
2022-05-18|248.1733|253.5|233.6033|236.6033
2022-05-19|235.6667|244.6667|231.37|236.4733
2022-05-20|237.9967|240.5273|211|221.3
2022-05-23|218.34|226.6517|212.6867|224.9667
2022-05-24|217.8433|217.9733|206.8567|209.3867
2022-05-25|207.95|223.1067|207.67|219.6
2022-05-26|220.4733|239.5566|217.8867|235.91
2022-05-27|241.0833|253.2667|240.177|253.21
2022-05-31|257.9467|259.6|244.7433|252.7533
2022-06-01|251.72|257.3267|243.64|246.79
2022-06-02|244.1567|264.21|242.0667|258.3333
2022-06-03|243.225|247.7966|233.4178|234.5167
2022-06-06|244.3533|244.8667|234.35|238.28
2022-06-07|234|239.9967|230.0933|238.8867
2022-06-08|240.0867|249.9633|239.1767|241.8667
2022-06-09|249.34|255.5466|239.3267|239.7067
2022-06-10|235.1567|239.5|227.9133|232.23
2022-06-13|223.1667|226.6333|214.6833|215.7367
2022-06-14|218.2867|226.33|211.7367|220.89
2022-06-15|220.9167|235.6633|218.15|233
2022-06-16|222.7367|225.1667|208.6933|213.1
2022-06-17|213.4333|220.9694|213.1967|216.76
2022-06-21|224.6033|243.5774|224.3333|237.0367
2022-06-22|234.5033|246.8333|233.8267|236.0867
2022-06-23|237.905|239.3167|228.6367|235.07
2022-06-24|237.4683|246.0667|236.0867|245.7067
2022-06-27|249.3667|252.07|242.5655|244.92
2022-06-28|244.4833|249.97|232.3433|232.6633
2022-06-29|230.5|231.1733|222.2733|228.49
2022-06-30|224.51|229.4567|218.8633|224.4733
2022-07-01|227|230.23|222.12|227.2633
2022-07-05|223|233.1467|216.1667|233.0667
2022-07-06|230.78|234.5633|227.1867|231.7333
2022-07-07|233.92|245.3617|232.21|244.5433
2022-07-08|242.3333|254.98|241.1614|250.7633
2022-07-11|252.1033|253.0633|233.6267|234.3433
2022-07-12|236.8467|239.7733|228.3683|233.07
2022-07-13|225.5|242.06|225.0333|237.04
2022-07-14|234.8967|238.6533|229.3333|238.3133
2022-07-15|240|243.6233|236.89|240.0667
2022-07-18|244.9367|250.5167|239.6033|240.5467
2022-07-19|245|247.14|236.9767|245.53
2022-07-20|246.7833|250.6633|243.483|247.5
2022-07-21|255.1067|273.2667|254.8667|271.7067
2022-07-22|276.22|280.7867|270.7133|272.2433
2022-07-25|272.2167|274.1467|267.4|268.4333
2022-07-26|266.5133|267.31|256.2633|258.86
2022-07-27|263.81|275.9256|261.79|274.82
2022-07-28|280.0667|283.3|272.8|280.9
2022-07-29|280.7|298.32|279.1|297.15
2022-08-01|301.275|311.8782|295|297.2767
2022-08-02|294.0033|307.8333|292.6667|300.5867
2022-08-03|305|309.55|301.15|307.3967
2022-08-04|311|313.6067|305|308.6333
2022-08-05|302.67|304.6066|285.5447|288.17
2022-08-08|295|305.2|289.0854|290.4233
2022-08-09|290.2933|292.3967|279.3533|283.3333
2022-08-10|297.0667|297.51|283.37|294.3567
2022-08-11|296.5133|298.2367|285.8333|286.63
2022-08-12|289.415|300.16|285.0333|300.03
2022-08-15|301.7867|313.1333|301.23|309.32
2022-08-16|311.6667|314.6667|302.8833|306.5633
2022-08-17|303.3967|309.6567|300.0333|303.9967
2022-08-18|306|306.5|301.8533|302.87
2022-08-19|299|300.36|292.5|296.6667
2022-08-22|291.9133|292.4|286.2967|289.9133
2022-08-23|291.4533|298.8266|287.9233|296.4533
2022-08-24|297.5633|303.6467|296.5|297.0967
2022-08-25|302.36|302.96|291.6|296.07
2022-08-26|297.43|302|287.47|288.09
2022-08-29|282.83|287.74|280.7|284.82
2022-08-30|287.865|288.48|272.65|277.7
2022-08-31|280.62|281.25|271.81|275.61
2022-09-01|272.575|277.58|266.15|277.16
2022-09-02|281.065|282.35|269.08|270.21
2022-09-06|272.675|275.99|265.74|274.42
2022-09-07|273.1|283.84|272.27|283.7
2022-09-08|281.3|289.5|279.76|289.26
2022-09-09|291.67|299.85|291.245|299.68
2022-09-12|300.72|305.49|300.4|304.42
2022-09-13|292.9|297.3999|290.4|292.13
2022-09-14|292.24|306|291.64|302.61
2022-09-15|301.825|309.12|300.7247|303.75
2022-09-16|299.605|303.71|295.6005|303.35
2022-09-19|300.09|309.84|297.8|309.07
2022-09-20|306.91|313.33|305.58|308.73
2022-09-21|308.29|313.8|300.63|300.8
2022-09-22|299.86|301.29|285.82|288.59
2022-09-23|283.09|284.5|272.82|275.33
2022-09-26|271.83|284.09|270.31|276.01
2022-09-27|283.84|288.67|277.51|282.94
2022-09-28|283.08|289|277.57|287.81
2022-09-29|282.76|283.65|265.78|268.21
2022-09-30|266.145|275.57|262.47|265.25
2022-10-03|254.5|255.16|241.01|242.4
2022-10-04|250.52|257.5|242.01|249.44
2022-10-05|245.01|246.6697|233.27|240.81
2022-10-06|239.44|244.58|235.35|238.13
2022-10-07|233.935|234.5715|222.02|223.07
2022-10-10|223.93|226.99|218.3582|222.96
2022-10-11|220.945|225.75|215|216.5
2022-10-12|215.33|219.2999|211.51|217.24
2022-10-13|208.3|222.99|206.22|221.72
2022-10-14|224.01|226.26|204.16|204.99
2022-10-17|210.04|221.86|209.45|219.35
2022-10-18|229.5|229.82|217.25|220.19
2022-10-19|219.8|222.93|217.78|222.04
2022-10-20|208.28|215.55|202|207.28
2022-10-21|206.415|214.66|203.8|214.44
2022-10-24|205.82|213.5|198.5863|211.25
2022-10-25|210.1|224.3498|210|222.415
2022-10-26|219.4|230.6|218.2|224.64
2022-10-27|229.77|233.81|222.85|225.09
2022-10-28|225.4|228.86|216.35|228.52
2022-10-31|226.19|229.85|221.94|227.54
2022-11-01|234.05|237.3951|227.28|227.82
2022-11-02|226.04|227.8699|214.82|214.98
2022-11-03|211.36|221.2|210.14|215.31
2022-11-04|222.6|223.8|203.08|207.47
2022-11-07|208.65|208.9|196.66|197.08
2022-11-08|194.02|195.2|186.75|191.3
2022-11-09|190.775|195.89|177.12|177.59
2022-11-10|189.9|191|180.03|190.72
2022-11-11|186|196.52|182.59|195.97
2022-11-14|192.77|195.73|186.34|190.95
2022-11-15|195.88|200.8237|192.06|194.42
2022-11-16|191.51|192.57|185.66|186.92
2022-11-17|183.96|186.16|180.9|183.17
2022-11-18|185.05|185.19|176.55|180.19
2022-11-21|175.85|176.77|167.54|167.87
2022-11-22|168.63|170.92|166.185|169.91
2022-11-23|173.57|183.62|172.5|183.2
2022-11-25|185.06|185.2|180.63|182.86
2022-11-28|179.96|188.5|179|182.92
2022-11-29|184.99|186.38|178.75|180.83
2022-11-30|182.43|194.76|180.6301|194.7
2022-12-01|197.08|198.92|191.8|194.7
2022-12-02|191.78|196.25|191.11|194.86
2022-12-05|189.44|191.27|180.55|182.45
2022-12-06|181.215|183.65|175.33|179.82
2022-12-07|175.03|179.38|172.218|174.04
2022-12-08|172.2|175.2|169.06|173.44
2022-12-09|173.84|182.5|173.36|179.05
2022-12-12|176.1|177.37|167.52|167.82
2022-12-13|174.87|175.05|156.91|160.95
2022-12-14|159.25|161.62|155.31|156.8
2022-12-15|153.44|160.9299|153.28|157.67
2022-12-16|159.635|160.99|150.04|150.23
2022-12-19|154|155.25|145.82|149.87
2022-12-20|146.05|148.47|137.66|137.8
2022-12-21|139.335|141.26|135.89|137.57
2022-12-22|136|136.63|122.26|125.35
2022-12-23|126.37|128.6173|121.02|123.15
2022-12-27|117.495|119.67|108.76|109.1
2022-12-28|110.35|116.27|108.24|112.71
2022-12-29|120.385|123.57|117.495|121.82
2022-12-30|119.95|124.48|119.75|123.18
2023-01-03|118.47|118.8|104.64|108.1
2023-01-04|109.11|114.59|107.52|113.64
2023-01-05|110.51|111.75|107.1601|110.34
2023-01-06|103|114.39|101.81|113.06
2023-01-09|118.96|123.52|117.11|119.77
2023-01-10|121.07|122.76|114.92|118.85
2023-01-11|122.09|125.95|120.51|123.22
2023-01-12|122.56|124.1311|117|123.56
2023-01-13|116.55|122.63|115.6|122.4
2023-01-17|125.695|131.7|125.02|131.49
2023-01-18|136.555|136.68|127.01|128.78
2023-01-19|127.26|129.99|124.3082|127.17
2023-01-20|128.68|133.51|127.3466|133.42
2023-01-23|135.87|145.3793|134.27|143.75
2023-01-24|143|146.5|141.1|143.89
2023-01-25|141.905|146.41|138.07|144.43
2023-01-26|159.965|161.42|154.76|160.27
2023-01-27|162.43|180.68|161.17|177.9
2023-01-30|178.05|179.77|166.5|166.66
2023-01-31|164.57|174.3|162.78|173.22
2023-02-01|173.89|183.805|169.93|181.41
2023-02-02|187.325|196.7501|182.61|188.27
2023-02-03|183.95|199|183.69|189.98
2023-02-06|193.01|198.17|189.92|194.76
2023-02-07|196.43|197.5|189.55|196.81
2023-02-08|196.1|203|194.31|201.29
2023-02-09|207.775|214|204.77|207.32
2023-02-10|202.225|206.2|192.89|196.89
2023-02-13|194.415|196.3|187.61|194.64
2023-02-14|191.94|209.82|189.44|209.25
2023-02-15|211.755|214.66|206.11|214.24
2023-02-16|210.78|217.65|201.84|202.04
2023-02-17|199.985|208.44|197.5|208.31
2023-02-21|204.99|209.71|197.22|197.37
2023-02-22|197.93|201.99|191.78|200.86
2023-02-23|203.91|205.14|196.33|202.07
2023-02-24|196.325|197.6695|192.8|196.88
2023-02-27|202.03|209.42|201.26|207.63
2023-02-28|210.59|211.23|203.75|205.71
2023-03-01|206.21|207.2|198.52|202.77
2023-03-02|186.74|193.7499|186.01|190.9
2023-03-03|194.795|200.48|192.88|197.79
2023-03-06|198.54|198.6|192.3|193.81
2023-03-07|191.38|194.2|186.1|187.71
2023-03-08|185.04|186.5|180|182
2023-03-09|180.25|185.18|172.5124|172.92
2023-03-10|175.13|178.29|168.44|173.44
2023-03-13|167.455|177.35|163.91|174.48
2023-03-14|177.31|183.8|177.1401|183.26
2023-03-15|180.8|182.34|176.03|180.45
2023-03-16|180.365|185.81|178.84|184.13
2023-03-17|184.515|186.2199|177.33|180.13
2023-03-20|178.08|186.44|176.35|183.25
2023-03-21|188.28|198|188.04|197.58
2023-03-22|199.3|200.66|190.95|191.15
2023-03-23|195.26|199.31|188.65|192.22
2023-03-24|191.65|192.36|187.15|190.41
2023-03-27|194.415|197.39|189.94|191.81
2023-03-28|192|192.35|185.43|189.19
2023-03-29|193.13|195.29|189.44|193.88
2023-03-30|195.58|197.33|194.42|195.28
2023-03-31|197.53|207.79|197.2|207.46
2023-04-03|199.91|202.6897|192.2|194.77
2023-04-04|197.32|198.7446|190.32|192.58
2023-04-05|190.515|190.68|183.76|185.52
2023-04-06|183.08|186.39|179.74|185.06
2023-04-10|179.94|185.1|176.11|184.51
2023-04-11|186.69|189.19|185.6475|186.79
2023-04-12|190.74|191.5846|180.31|180.54
2023-04-13|182.955|186.5|180.94|185.9
2023-04-14|183.95|186.28|182.01|185
2023-04-17|186.32|189.69|182.69|187.04
2023-04-18|187.15|187.69|183.5775|184.31
2023-04-19|179.1|183.5|177.65|180.59
2023-04-20|166.165|169.7|160.56|162.99
2023-04-21|164.8|166|161.3208|165.08
2023-04-24|164.65|165.65|158.61|162.55
2023-04-25|159.82|163.47|158.75|160.67
2023-04-26|160.29|160.67|153.14|153.75
2023-04-27|152.64|160.48|152.37|160.19
2023-04-28|160.9|165|157.32|164.31
2023-05-01|163.17|163.28|158.83|161.83
2023-05-02|161.88|165.49|158.93|160.31
2023-05-03|160.01|165|159.91|160.61
2023-05-04|162.71|162.95|159.65|161.2
2023-05-05|163.97|170.7899|163.51|170.06
2023-05-08|173.72|173.8|169.19|171.79
2023-05-09|168.95|169.82|166.56|169.15
2023-05-10|172.55|174.43|166.68|168.54
2023-05-11|168.7|173.57|166.79|172.08
2023-05-12|176.07|177.38|167.23|167.98
2023-05-15|167.655|169.76|164.5499|166.35
2023-05-16|165.65|169.5184|164.35|166.52
2023-05-17|168.41|174.5|167.185|173.86
2023-05-18|174.22|177.06|172.45|176.89
2023-05-19|177.17|181.95|176.31|180.14
2023-05-22|180.7|189.32|180.11|188.87
2023-05-23|186.2|192.96|185.26|185.77
2023-05-24|182.23|184.22|178.22|182.9
2023-05-25|186.54|186.78|180.58|184.47
2023-05-26|184.62|198.6|184.53|193.17
2023-05-30|200.1|204.48|197.53|201.16
2023-05-31|199.78|203.95|195.12|203.93
2023-06-01|202.59|209.8|199.37|207.52
2023-06-02|210.15|217.25|209.752|213.97
2023-06-05|217.8|221.29|214.52|217.61
2023-06-06|216.14|221.91|212.53|221.31
2023-06-07|228|230.8296|223.2|224.57
2023-06-08|224.22|235.23|223.01|234.86
2023-06-09|249.07|252.42|242.02|244.4
2023-06-12|247.94|250.97|244.59|249.83
2023-06-13|253.51|259.68|251.34|258.71
2023-06-14|260.17|261.57|250.5|256.79
2023-06-15|248.4|258.95|247.29|255.9
2023-06-16|258.92|263.6|257.2091|260.54
2023-06-20|261.5|274.75|261.12|274.45
2023-06-21|275.13|276.99|257.78|259.46
2023-06-22|250.77|265|248.25|264.61
2023-06-23|259.29|262.45|252.8|256.6
2023-06-26|250.065|258.37|240.7|241.05
2023-06-27|243.24|250.3899|240.85|250.21
2023-06-28|249.7|259.88|248.89|256.24
2023-06-29|258.03|260.74|253.61|257.5
2023-06-30|260.6|264.45|259.89|261.77
2023-07-03|276.49|284.25|275.11|279.82
2023-07-05|278.82|283.85|277.6|282.48
2023-07-06|278.09|279.97|272.88|276.54
2023-07-07|278.43|280.78|273.77|274.43
2023-07-10|276.47|277.52|265.1|269.61
2023-07-11|268.65|270.9|266.37|269.79
2023-07-12|276.325|276.52|271.46|271.99
2023-07-13|274.59|279.45|270.6|277.9
2023-07-14|277.01|285.3|276.31|281.38
2023-07-17|286.625|292.23|283.57|290.38
2023-07-18|290.15|295.26|286.01|293.34
2023-07-19|296.04|299.29|289.5201|291.26
2023-07-20|279.56|280.93|261.2|262.9
2023-07-21|268|268|255.8|260.02
2023-07-24|255.85|269.85|254.12|269.06
2023-07-25|272.38|272.9|265|265.28
2023-07-26|263.25|268.04|261.75|264.35
2023-07-27|268.31|269.13|255.3|255.71
2023-07-28|259.86|267.25|258.2312|266.44
2023-07-31|267.48|269.08|263.78|267.43
2023-08-01|266.26|266.47|260.25|261.07
2023-08-02|255.57|259.52|250.49|254.11
2023-08-03|252.04|260.49|252|259.32
2023-08-04|260.97|264.77|253.11|253.86
2023-08-07|251.45|253.6511|242.76|251.45
2023-08-08|247.45|250.92|245.01|249.7
2023-08-09|250.87|251.1|241.9|242.19
2023-08-10|245.4|251.8|243|245.34
2023-08-11|241.77|243.79|238.02|242.65
2023-08-14|235.7|240.66|233.75|239.76
2023-08-15|238.73|240.5|232.61|232.96
2023-08-16|228.02|233.97|225.38|225.6
2023-08-17|226.06|226.74|218.83|219.22
2023-08-18|214.12|217.58|212.36|215.49
2023-08-21|221.5512|232.1343|220.58|231.28
2023-08-22|240.25|240.82|229.55|233.19
2023-08-23|229.34|238.98|229.29|236.86
2023-08-24|238.66|238.92|228.1801|230.04
2023-08-25|231.31|239|230.35|238.59
2023-08-28|242.58|244.38|235.35|238.82
2023-08-29|238.58|257.48|237.77|257.18
2023-08-30|254.2|260.51|250.59|256.9
2023-08-31|255.98|261.18|255.05|258.08
2023-09-01|257.26|259.0794|242.01|245.01
2023-09-05|245|258|244.86|256.49
2023-09-06|255.135|255.39|245.06|251.92
2023-09-07|245.07|252.81|243.265|251.49
2023-09-08|251.22|256.52|246.67|248.5
2023-09-11|264.27|274.85|260.61|273.58
2023-09-12|270.76|278.39|266.6|267.48
2023-09-13|270.07|274.98|268.1|271.3
2023-09-14|271.32|276.7094|270.42|276.04
2023-09-15|277.55|278.98|271|274.39
2023-09-18|271.16|271.44|263.7601|265.28
2023-09-19|264.35|267.85|261.2|266.5
2023-09-20|267.04|273.93|262.4606|262.59
2023-09-21|257.85|260.86|254.21|255.7
2023-09-22|257.4|257.7888|244.48|244.88
2023-09-25|243.38|247.1|238.31|246.99
2023-09-26|242.98|249.55|241.6601|244.12
2023-09-27|244.262|245.33|234.58|240.5
2023-09-28|240.02|247.55|238.65|246.38
2023-09-29|250|254.77|246.35|250.22
2023-10-02|244.81|254.2799|242.62|251.6
2023-10-03|248.61|250.02|244.45|246.53
2023-10-04|248.14|261.86|247.6|261.16
2023-10-05|260|263.6|256.25|260.05
2023-10-06|253.98|261.65|250.65|260.53
2023-10-09|255.31|261.36|252.05|259.67
2023-10-10|257.75|268.94|257.65|263.62
2023-10-11|266.2|268.6|260.9|262.99
2023-10-12|262.92|265.41|256.6307|258.87
2023-10-13|258.9|259.6|250.22|251.12
2023-10-16|250.05|255.3999|248.48|253.92
2023-10-17|250.1|257.183|247.08|254.85
2023-10-18|252.7|254.63|242.08|242.68
2023-10-19|225.95|230.61|216.78|220.11
2023-10-20|217.01|218.8606|210.42|211.99
2023-10-23|210|216.98|202.51|212.08
2023-10-24|216.5|222.05|214.11|216.52
2023-10-25|215.88|220.1|212.2|212.42
2023-10-26|211.32|214.8|204.88|205.76
2023-10-27|210.6|212.41|205.77|207.3
2023-10-30|209.28|211.35|191.25|197.36
2023-10-31|196.12|202.8|194.07|200.84
2023-11-01|204.04|205.99|197.85|205.66
2023-11-02|212.97|219.2|211.45|218.51
2023-11-03|221.15|226.3701|218.4|219.96
2023-11-06|223.98|226.32|215|219.27
2023-11-07|219.98|223.12|215.72|222.18
2023-11-08|223.15|224.15|217.64|222.11
2023-11-09|219.75|220.8|206.68|209.98
2023-11-10|210.03|215.38|205.69|214.65
2023-11-13|215.6|225.4|211.6101|223.71
2023-11-14|235.03|238.135|230.72|237.41
2023-11-15|239.29|246.7|236.45|242.84
2023-11-16|239.49|240.88|230.96|233.59
2023-11-17|232|237.39|226.54|234.3
2023-11-20|234.04|237.1|231.02|235.6
2023-11-21|235.04|243.62|233.34|241.2
2023-11-22|242.04|244.01|231.4|234.21
2023-11-24|233.75|238.75|232.33|235.45
2023-11-27|236.89|238.33|232.1|236.08
2023-11-28|236.68|247|234.01|246.72
2023-11-29|249.21|252.75|242.76|244.14
2023-11-30|245.14|245.22|236.91|240.08
2023-12-01|233.14|240.19|231.9|238.83
2023-12-04|235.75|239.3733|233.2902|235.58
2023-12-05|233.87|246.66|233.7|238.72
2023-12-06|242.92|246.57|239.1709|239.37
2023-12-07|241.55|244.08|236.98|242.64
2023-12-08|240.27|245.27|239.2701|243.84
2023-12-11|242.74|243.441|237.45|239.74
2023-12-12|238.55|238.99|233.87|237.01
2023-12-13|234.19|240.3|228.2|239.29
2023-12-14|241.22|253.88|240.79|251.05
2023-12-15|251.21|254.13|248.3|253.5
2023-12-18|253.78|258.74|251.36|252.08
2023-12-19|253.48|258.3399|253.01|257.22
2023-12-20|256.41|259.84|247|247.14
2023-12-21|251.9|254.7999|248.55|254.5
2023-12-22|256.76|258.22|251.37|252.54
2023-12-26|254.49|257.97|252.91|256.61
2023-12-27|258.35|263.34|257.52|261.44
2023-12-28|263.66|265.13|252.71|253.18
2023-12-29|255.1|255.19|247.43|248.48
2024-01-02|250.08|251.25|244.41|248.42
2024-01-03|244.98|245.68|236.32|238.45
2024-01-04|239.25|242.7|237.73|237.93
2024-01-05|236.86|240.1196|234.9001|237.49
2024-01-08|236.14|241.25|235.3|240.45