2018-08-01|49.7825|50.44|49.3275|50.375
2018-08-02|50.145|52.095|50.0875|51.8475
2018-08-03|51.7575|52.185|51.3701|51.9975
2018-08-06|52|52.3125|51.7675|52.2675
2018-08-07|52.33|52.375|51.69|51.7775
2018-08-08|51.5125|51.9525|51.13|51.8125
2018-08-09|51.82|52.445|51.8|52.22
2018-08-10|51.84|52.275|51.6675|51.8825
2018-08-13|51.925|52.738|51.925|52.2175
2018-08-14|52.5388|52.64|52.065|52.4375
2018-08-15|52.305|52.685|52.0825|52.56
2018-08-16|52.9375|53.453|52.8675|53.33
2018-08-17|53.36|54.4875|53.29|54.395
2018-08-20|54.525|54.795|53.7775|53.865
2018-08-21|54.2|54.2975|53.5063|53.76
2018-08-22|53.525|54.09|53.46|53.7625
2018-08-23|53.6625|54.2625|53.65|53.8725
2018-08-24|54.15|54.225|53.7775|54.04
2018-08-27|54.2875|54.685|54.0825|54.485
2018-08-28|54.7525|55.135|54.73|54.925
2018-08-29|55.0375|55.8725|54.8525|55.745
2018-08-30|55.8125|57.065|55.6|56.2575
2018-08-31|56.6275|57.2175|56.5525|56.9075
2018-09-04|57.1025|57.295|56.6575|57.09
2018-09-05|57.2475|57.4175|56.275|56.7175
2018-09-06|56.5575|56.8375|55.325|55.775
2018-09-07|55.4625|56.3425|55.1775|55.325
2018-09-10|55.2375|55.4625|54.1175|54.5825
2018-09-11|54.5025|56.0748|54.14|55.9625
2018-09-12|56.235|56.25|54.96|55.2675
2018-09-13|55.88|57.0875|55.6425|56.6025
2018-09-14|56.4375|56.71|55.6305|55.96
2018-09-17|55.5375|55.7375|54.3175|54.47
2018-09-18|54.4475|55.4625|54.28|54.56
2018-09-19|54.625|54.905|53.825|54.5925
2018-09-20|55.06|55.57|54.7875|55.0075
2018-09-21|55.195|55.34|54.3225|54.415
2018-09-24|54.205|55.315|54.1575|55.1975
2018-09-25|54.9375|55.705|54.925|55.5475
2018-09-26|55.25|55.9375|54.94|55.105
2018-09-27|55.955|56.61|55.885|56.2375
2018-09-28|56.1975|56.46|56.005|56.435
2018-10-01|56.9875|57.355|56.5875|56.815
2018-10-02|56.8125|57.5|56.6575|57.32
2018-10-03|57.5125|58.3675|57.445|58.0175
2018-10-04|57.695|58.0875|56.6825|56.9975
2018-10-05|56.99|57.1025|55.145|56.0725
2018-10-08|55.5525|56.2|55.05|55.9425
2018-10-09|55.91|56.8175|55.5616|56.7175
2018-10-10|56.365|56.5875|54.0125|54.09
2018-10-11|53.63|54.875|53.08|53.6125
2018-10-12|55.105|55.72|54.21|55.5275
2018-10-15|55.29|55.4575|54.3175|54.34
2018-10-16|54.7325|55.7475|54.1907|55.5375
2018-10-17|55.575|55.66|54.835|55.2975
2018-10-18|54.465|54.935|53.25|54.005
2018-10-19|54.515|55.315|54.3575|54.8275
2018-10-22|54.9475|55.84|54.735|55.1625
2018-10-23|53.9575|55.8125|53.675|55.6825
2018-10-24|55.65|56.0575|53.635|53.7725
2018-10-25|54.4275|55.345|54.1875|54.95
2018-10-26|53.975|55.0475|53.1675|54.075
2018-10-29|54.7975|54.9225|51.5225|53.06
2018-10-30|52.7875|53.795|52.3175|53.325
2018-10-31|54.22|55.1125|54.155|54.715
2018-11-01|54.7625|55.59|54.2025|55.555
2018-11-02|52.3875|53.4125|51.3575|51.87
2018-11-05|51.075|51.0975|49.5425|50.3975
2018-11-06|50.48|51.18|50.4225|50.9425
2018-11-07|51.4925|52.515|51.0325|52.4875
2018-11-08|52.495|52.53|51.6875|52.1225
2018-11-09|51.3875|51.5025|50.5625|51.1175
2018-11-12|49.75|49.9625|48.4475|48.5425
2018-11-13|47.9075|49.295|47.8625|48.0575
2018-11-14|48.475|48.62|46.4825|46.7
2018-11-15|47.0975|47.9925|46.725|47.8525
2018-11-16|47.625|48.7424|47.365|48.3825
2018-11-19|47.5|47.675|46.2475|46.465
2018-11-20|44.5925|45.3675|43.8775|44.245
2018-11-21|44.9325|45.0675|44.1375|44.195
2018-11-23|43.735|44.1488|43.025|43.0725
2018-11-26|43.56|43.7375|42.565|43.655
2018-11-27|42.8775|43.6925|42.72|43.56
2018-11-28|44.1825|45.3225|43.7325|45.235
2018-11-29|45.665|45.7|44.425|44.8875
2018-11-30|45.0725|45.0825|44.2575|44.645
2018-12-03|46.115|46.235|45.3025|46.205
2018-12-04|45.2375|45.5975|44.0675|44.1725
2018-12-06|42.94|43.695|42.605|43.68
2018-12-07|43.3725|43.6225|42.075|42.1225
2018-12-10|41.25|42.5225|40.8325|42.4
2018-12-11|42.915|42.9475|41.75|42.1575
2018-12-12|42.6|42.98|42.255|42.275
2018-12-13|42.6225|43.1425|42.3875|42.7375
2018-12-14|42.25|42.27|41.32|41.37
2018-12-17|41.3625|42.0875|40.6825|40.985
2018-12-18|41.345|41.8825|41.0975|41.5175
2018-12-19|41.5|41.8625|39.7725|40.2225
2018-12-20|40.1|40.5275|38.825|39.2075
2018-12-21|39.215|39.54|37.4075|37.6825
2018-12-24|37.0375|37.8875|36.6475|36.7075
2018-12-26|37.075|39.3075|36.68|39.2925
2018-12-27|38.96|39.1925|37.5175|39.0375
2018-12-28|39.375|39.63|38.6375|39.0575
2018-12-31|39.6325|39.84|39.12|39.435
2019-01-02|38.7225|39.7125|38.5575|39.48
2019-01-03|35.995|36.43|35.5|35.5475
2019-01-04|36.1325|37.1375|35.95|37.065
2019-01-07|37.175|37.2075|36.475|36.9825
2019-01-08|37.39|37.955|37.13|37.6875
2019-01-09|37.8225|38.6325|37.4075|38.3275
2019-01-10|38.125|38.4925|37.715|38.45
2019-01-11|38.22|38.425|37.8775|38.0725
2019-01-14|37.7125|37.8175|37.305|37.5
2019-01-15|37.5675|38.3475|37.5125|38.2675
2019-01-16|38.27|38.97|38.25|38.735
2019-01-17|38.55|39.415|38.315|38.965
2019-01-18|39.375|39.47|38.9952|39.205
2019-01-22|39.1025|39.1825|38.155|38.325
2019-01-23|38.5375|38.785|37.925|38.48
2019-01-24|38.5275|38.62|37.935|38.175
2019-01-25|38.87|39.5325|38.58|39.44
2019-01-28|38.9475|39.0825|38.415|39.075
2019-01-29|39.0625|39.5325|38.5275|38.67
2019-01-30|40.8125|41.5375|40.0575|41.3125
2019-01-31|41.5275|42.25|41.14|41.61
2019-02-01|41.74|42.245|41.4825|41.63
2019-02-04|41.8525|42.9138|41.82|42.8125
2019-02-05|43.215|43.77|43.0875|43.545
2019-02-06|43.6625|43.8925|43.2133|43.56
2019-02-07|43.1|43.485|42.585|42.735
2019-02-08|42.2475|42.665|42.105|42.6025
2019-02-11|42.7625|42.8025|42.3125|42.3575
2019-02-12|42.525|42.75|42.425|42.7225
2019-02-13|42.8475|43.12|42.48|42.545
2019-02-14|42.4275|42.8154|42.345|42.7
2019-02-15|42.8125|42.925|42.4375|42.605
2019-02-19|42.4275|42.86|42.3725|42.7325
2019-02-20|42.7975|43.33|42.7475|43.0075
2019-02-21|42.95|43.0925|42.575|42.765
2019-02-22|42.895|43.25|42.845|43.2425
2019-02-25|43.54|43.9675|43.4875|43.5575
2019-02-26|43.4275|43.825|43.2933|43.5825
2019-02-27|43.3025|43.75|43.1825|43.7175
2019-02-28|43.58|43.7275|43.23|43.2875
2019-03-01|43.57|43.7875|43.2225|43.7425
2019-03-04|43.9225|44.4375|43.4925|43.9625
2019-03-05|43.985|44|43.635|43.8825
2019-03-06|43.6675|43.8725|43.485|43.63
2019-03-07|43.4675|43.61|43.005|43.125
2019-03-08|42.58|43.2675|42.375|43.2275
2019-03-11|43.8725|44.78|43.8375|44.725
2019-03-12|45|45.6675|44.8425|45.2275
2019-03-13|45.5625|45.825|45.23|45.4275
2019-03-14|45.975|46.025|45.64|45.9325
2019-03-15|46.2125|46.8325|45.935|46.53
2019-03-18|46.45|47.0975|46.4475|47.005
2019-03-19|47.0875|47.2475|46.48|46.6325
2019-03-20|46.5575|47.3725|46.1825|47.04
2019-03-21|47.505|49.0825|47.4525|48.7725
2019-03-22|48.835|49.4225|47.695|47.7625
2019-03-25|47.8775|47.995|46.65|47.185
2019-03-26|47.916|48.22|46.145|46.6975
2019-03-27|47.1875|47.44|46.6375|47.1175
2019-03-28|47.2375|47.3898|46.8825|47.18
2019-03-29|47.4575|47.52|47.135|47.4875
2019-04-01|47.91|47.92|47.095|47.81
2019-04-02|47.7725|48.615|47.7625|48.505
2019-04-03|48.3125|49.125|48.2875|48.8375
2019-04-04|48.6975|49.0925|48.285|48.9225
2019-04-05|49.1125|49.275|48.9825|49.25
2019-04-08|49.105|50.0575|49.085|50.025
2019-04-09|50.08|50.7125|49.8075|49.875
2019-04-10|49.67|50.185|49.545|50.155
2019-04-11|50.2125|50.25|49.6108|49.7375
2019-04-12|49.8|50.035|49.0525|49.7175
2019-04-15|49.645|49.9625|49.5025|49.8075
2019-04-16|49.865|50.3425|49.64|49.8125
2019-04-17|49.885|50.845|49.6525|50.7825
2019-04-18|50.78|51.0375|50.63|50.965
2019-04-22|50.7075|51.235|50.585|51.1325
2019-04-23|51.1075|51.9375|50.975|51.87
2019-04-24|51.84|52.12|51.7625|51.79
2019-04-25|51.7075|51.94|51.28|51.32
2019-04-26|51.225|51.25|50.53|51.075
2019-04-29|51.1|51.4925|50.965|51.1525
2019-04-30|50.765|50.85|49.7775|50.1675
2019-05-01|52.47|53.8275|52.3075|52.63
2019-05-02|52.46|53.1625|52.0325|52.2875
2019-05-03|52.7225|52.96|52.5575|52.9375
2019-05-06|51.0725|52.21|50.875|52.12
2019-05-07|51.47|51.8544|50.2063|50.715
2019-05-08|50.475|51.335|50.4375|50.725
2019-05-09|50.1|50.42|49.165|50.18
2019-05-10|49.3548|49.7125|48.1925|49.295
2019-05-13|46.9275|47.37|45.7125|46.43
2019-05-14|46.6025|47.425|46.3525|47.165
2019-05-15|46.5675|47.9375|46.505|47.73
2019-05-16|47.4775|48.1172|47.21|47.52
2019-05-17|46.7325|47.725|46.69|47.25
2019-05-20|45.88|46.0873|45.071|45.7725
2019-05-21|46.305|47|46.175|46.65
2019-05-22|46.165|46.4275|45.6375|45.695
2019-05-23|44.95|45.135|44.4525|44.915
2019-05-24|45.05|45.535|44.655|44.7425
2019-05-28|44.73|45.1475|44.4775|44.5575
2019-05-29|44.105|44.8375|44|44.345
2019-05-30|44.4875|44.8075|44.1675|44.575
2019-05-31|44.0575|44.4975|43.7475|43.7675
2019-06-03|43.9|44.48|42.5675|43.325
2019-06-04|43.86|44.9575|43.63|44.91
2019-06-05|46.07|46.2475|45.285|45.635
2019-06-06|45.77|46.3675|45.5372|46.305
2019-06-07|46.6275|47.98|46.4425|47.5375
2019-06-10|47.9525|48.8425|47.905|48.145
2019-06-11|48.715|49|48.4|48.7025
2019-06-12|48.4875|48.9925|48.3463|48.5475
2019-06-13|48.675|49.1975|48.4|48.5375
2019-06-14|47.8862|48.3966|47.575|48.185
2019-06-17|48.225|48.74|48.0425|48.4725
2019-06-18|49.0125|50.0725|48.8025|49.6125
2019-06-19|49.92|49.97|49.3275|49.4675
2019-06-20|50.0925|50.1525|49.5075|49.865
2019-06-21|49.7|50.2125|49.5375|49.695
2019-06-24|49.635|50.04|49.5425|49.645
2019-06-25|49.6075|49.815|48.8225|48.8925
2019-06-26|49.4425|50.2475|49.3375|49.95
2019-06-27|50.0725|50.3925|49.8925|49.935
2019-06-28|49.67|49.8738|49.2625|49.48
2019-07-01|50.7925|51.1225|50.1625|50.3875
2019-07-02|50.3525|50.7831|50.34|50.6825
2019-07-03|50.82|51.11|50.6725|51.1025
2019-07-05|50.8375|51.27|50.725|51.0575
2019-07-08|50.2025|50.35|49.6025|50.005
2019-07-09|49.8|50.3775|49.7025|50.31
2019-07-10|50.4625|50.9325|50.39|50.8075
2019-07-11|50.8275|51.0975|50.4275|50.4375
2019-07-12|50.6125|51|50.55|50.825
2019-07-15|51.0225|51.4675|51|51.3025
2019-07-16|51.1475|51.5275|50.875|51.125
2019-07-17|51.0125|51.2729|50.8175|50.8375
2019-07-18|51|51.47|50.925|51.415
2019-07-19|51.4475|51.625|50.59|50.6475
2019-07-22|50.9125|51.8075|50.9025|51.805
2019-07-23|52.115|52.2275|51.8225|52.21
2019-07-24|51.9175|52.2875|51.7925|52.1675
2019-07-25|52.2225|52.31|51.6825|51.755
2019-07-26|51.87|52.4325|51.785|51.935
2019-07-29|52.115|52.66|52.11|52.42
2019-07-30|52.19|52.54|51.8275|52.195
2019-07-31|54.105|55.3425|52.825|53.26
2019-08-01|53.475|54.5075|51.6859|52.1075
2019-08-02|51.3825|51.6075|50.4075|51.005
2019-08-05|49.4975|49.6623|48.145|48.335
2019-08-06|49.0775|49.5168|48.51|49.25
2019-08-07|48.8525|49.89|48.455|49.76
2019-08-08|50.05|50.8825|49.8475|50.8575
2019-08-09|50.325|50.69|49.8225|50.2475
2019-08-12|49.905|50.5129|49.7875|50.12
2019-08-13|50.255|53.035|50.2075|52.2425
2019-08-14|50.79|51.61|50.6467|50.6875
2019-08-15|50.865|51.285|49.9175|50.435
2019-08-16|51.07|51.79|50.96|51.625
2019-08-19|52.655|53.1827|52.5063|52.5875
2019-08-20|52.72|53.3375|52.58|52.59
2019-08-21|53.2475|53.4125|52.9008|53.16
2019-08-22|53.2975|53.6088|52.6875|53.115
2019-08-23|52.3575|53.0128|50.25|50.66
2019-08-26|51.465|51.7975|51.2643|51.6225
2019-08-27|51.965|52.1375|50.8825|51.04
2019-08-28|51.025|51.43|50.83|51.3825
2019-08-29|52.125|52.33|51.6638|52.2525
2019-08-30|52.54|52.6125|51.8|52.185
2019-09-03|51.6075|51.745|51.055|51.425
2019-09-04|52.0975|52.37|51.83|52.2975
2019-09-05|53|53.4925|52.8775|53.32
2019-09-06|53.5125|53.605|53.1275|53.315
2019-09-09|53.71|54.11|52.7675|53.5425
2019-09-10|53.465|54.195|52.9275|54.175
2019-09-11|54.5175|55.9275|54.4325|55.8975
2019-09-12|56.2|56.605|55.715|55.7713
2019-09-13|55|55.1975|54.255|54.6875
2019-09-16|54.4325|55.0325|54.39|54.975
2019-09-17|54.99|55.205|54.78|55.175
2019-09-18|55.265|55.7125|54.86|55.6925
2019-09-19|55.5025|55.94|55.0925|55.24
2019-09-20|55.345|55.64|54.3683|54.4325
2019-09-23|54.7375|54.96|54.4125|54.68
2019-09-24|55.2575|55.6225|54.2975|54.42
2019-09-25|54.6375|55.375|54.2851|55.2575
2019-09-26|55|55.235|54.7075|54.9725
2019-09-27|55.135|55.24|54.3204|54.705
2019-09-30|55.225|56.145|55.1975|55.9925
2019-10-01|56.2675|57.055|56.05|56.1475
2019-10-02|55.765|55.895|54.4825|54.74
2019-10-03|54.6075|55.24|53.783|55.205
2019-10-04|56.41|56.8725|55.9725|56.7525
2019-10-07|56.5675|57.4825|56.46|56.765
2019-10-08|56.455|57.015|56.0825|56.1
2019-10-09|56.7575|56.9475|56.41|56.7575
2019-10-10|56.9825|57.61|56.825|57.5225
2019-10-11|58.2375|59.41|58.0769|59.0525
2019-10-14|58.725|59.5336|58.6675|58.9675
2019-10-15|59.0975|59.4125|58.72|58.83
2019-10-16|58.3425|58.81|58.3|58.5925
2019-10-17|58.7725|59.0375|58.38|58.82
2019-10-18|58.6475|59.395|58.5725|59.1025
2019-10-21|59.38|60.2475|59.33|60.1275
2019-10-22|60.29|60.55|59.9055|59.99
2019-10-23|60.525|60.81|60.305|60.795
2019-10-24|61.1275|61.2|60.4513|60.895
2019-10-25|60.79|61.6825|60.72|61.645
2019-10-28|61.855|62.3125|61.68|62.2625
2019-10-29|62.2425|62.4375|60.6425|60.8225
2019-10-30|61.19|61.325|60.3025|60.815
2019-10-31|61.81|62.2925|59.315|62.19
2019-11-01|62.385|63.9825|62.29|63.955
2019-11-04|64.3325|64.4613|63.845|64.375
2019-11-05|64.2625|64.5475|64.08|64.2825
2019-11-06|64.1925|64.3725|63.8413|64.31
2019-11-07|64.685|65.0875|64.5275|64.8575
2019-11-08|64.6725|65.11|64.2125|65.035
2019-11-11|64.575|65.6175|64.57|65.55
2019-11-12|65.3875|65.6975|65.23|65.49
2019-11-13|65.2825|66.195|65.2675|66.1175
2019-11-14|65.9375|66.22|65.525|65.66
2019-11-15|65.92|66.445|65.7525|66.44
2019-11-18|66.45|66.8575|66.0575|66.775
2019-11-19|66.975|67|66.3482|66.5725
2019-11-20|66.385|66.5208|65.1|65.7975
2019-11-21|65.9225|66.0013|65.295|65.5025
2019-11-22|65.6475|65.795|65.21|65.445
2019-11-25|65.6775|66.61|65.63|66.5925
2019-11-26|66.735|66.79|65.625|66.0725
2019-11-27|66.395|66.995|66.3275|66.96
2019-11-29|66.65|67|66.475|66.8125
2019-12-02|66.8175|67.0625|65.8625|66.04
2019-12-03|64.5775|64.8825|64.0725|64.8625
2019-12-04|65.2675|65.8275|65.17|65.435
2019-12-05|65.9475|66.4725|65.6825|66.395
2019-12-06|66.87|67.75|66.825|67.6775
2019-12-09|67.5|67.7|66.2275|66.73
2019-12-10|67.15|67.5175|66.465|67.12
2019-12-11|67.2025|67.775|67.125|67.6925
2019-12-12|66.945|68.14|66.8303|67.865
2019-12-13|67.865|68.825|67.7325|68.7875
2019-12-16|69.25|70.1975|69.245|69.965
2019-12-17|69.8925|70.4425|69.7|70.1025
2019-12-18|69.95|70.475|69.78|69.935
2019-12-19|69.875|70.295|69.7375|70.005
2019-12-20|70.5575|70.6625|69.64|69.86
2019-12-23|70.1325|71.0625|70.0934|71
2019-12-24|71.1725|71.2225|70.7299|71.0675
2019-12-26|71.205|72.495|71.175|72.4775
2019-12-27|72.78|73.4925|72.03|72.45
2019-12-30|72.365|73.1725|71.305|72.88
2019-12-31|72.4825|73.42|72.38|73.4125
2020-01-02|74.06|75.15|73.7975|75.0875
2020-01-03|74.2875|75.145|74.125|74.3575
2020-01-06|73.4475|74.99|73.1875|74.95
2020-01-07|74.96|75.225|74.37|74.5975
2020-01-08|74.29|76.11|74.289|75.7975
2020-01-09|76.8088|77.6075|76.55|77.4075
2020-01-10|77.65|78.1675|77.0625|77.5825
2020-01-13|77.91|79.2675|77.7875|79.24
2020-01-14|79.175|79.3925|78.0425|78.17
2020-01-15|77.9625|78.875|77.3875|77.835
2020-01-16|78.3975|78.925|78.0225|78.81
2020-01-17|79.0675|79.685|78.75|79.6825
2020-01-21|79.2975|79.755|79|79.1425
2020-01-22|79.645|79.9975|79.3275|79.425
2020-01-23|79.48|79.89|78.9125|79.8075
2020-01-24|80.0625|80.8325|79.3797|79.5775
2020-01-27|77.515|77.9425|76.22|77.2375
2020-01-28|78.15|79.6|78.0475|79.4225
2020-01-29|81.1125|81.9625|80.345|81.085
2020-01-30|80.1359|81.0225|79.6875|80.9675
2020-01-31|80.2325|80.67|77.0725|77.3775
2020-02-03|76.075|78.3725|75.555|77.165
2020-02-04|78.8275|79.91|78.4086|79.7125
2020-02-05|80.88|81.19|79.7375|80.3625
2020-02-06|80.6425|81.305|80.0662|81.3025
2020-02-07|80.5925|80.85|79.5|80.0075
2020-02-10|78.545|80.3875|78.4625|80.3875
2020-02-11|80.9|80.975|79.6775|79.9025
2020-02-12|80.3675|81.805|80.3675|81.8
2020-02-13|81.0475|81.555|80.8375|81.2175
2020-02-14|81.185|81.495|80.7125|81.2375
2020-02-18|78.84|79.9375|78.6525|79.75
2020-02-19|80|81.1425|80|80.905
2020-02-20|80.6575|81.1625|79.5525|80.075
2020-02-21|79.655|80.1125|77.625|78.2625
2020-02-24|74.315|76.045|72.3075|74.545
2020-02-25|75.2375|75.6325|71.5325|72.02
2020-02-26|71.6325|74.47|71.625|73.1625
2020-02-27|70.275|71.5|68.24|68.38
2020-02-28|64.315|69.6025|64.0925|68.34
2020-03-02|70.57|75.36|69.43|74.7025
2020-03-03|75.9175|76|71.45|72.33
2020-03-04|74.11|75.85|73.2825|75.685
2020-03-05|73.88|74.8875|72.8525|73.23
2020-03-06|70.5|72.705|70.3075|72.2575
2020-03-09|65.9375|69.5225|65.75|66.5425
2020-03-10|69.285|71.61|67.3425|71.335
2020-03-11|69.3475|70.305|67.965|68.8575
2020-03-12|63.985|67.5|62|62.0575
2020-03-13|66.2225|69.98|63.2375|69.4925
2020-03-16|60.4875|64.77|60|60.5525
2020-03-17|61.8775|64.4025|59.6|63.215
2020-03-18|59.9425|62.5|59.28|61.6675
2020-03-19|61.8463|63.21|60.6525|61.195
2020-03-20|61.795|62.9575|57|57.31
2020-03-23|57.02|57.1249|53.1525|56.0925
2020-03-24|59.09|61.9225|58.575|61.72
2020-03-25|62.6875|64.5625|61.075|61.38
2020-03-26|61.63|64.67|61.59|64.61
2020-03-27|63.1875|63.9675|61.7625|61.935
2020-03-30|62.685|63.88|62.35|63.7025
2020-03-31|63.9|65.6225|63|63.5725
2020-04-01|61.625|62.18|59.7825|60.2275
2020-04-02|60.085|61.2875|59.225|61.2325
2020-04-03|60.7|61.425|59.7435|60.3525
2020-04-06|62.725|65.7775|62.345|65.6175
2020-04-07|67.7|67.925|64.75|64.8575
2020-04-08|65.685|66.8425|65.3075|66.5175
2020-04-09|67.175|67.5175|66.175|66.9975
2020-04-13|67.0775|68.425|66.4575|68.3125
2020-04-14|70|72.0625|69.5125|71.7625
2020-04-15|70.6|71.5825|70.1575|71.1075
2020-04-16|71.845|72.0494|70.5875|71.6725
2020-04-17|71.1725|71.7363|69.215|70.7
2020-04-20|69.4875|70.42|69.2125|69.2325
2020-04-21|69.07|69.3125|66.3575|67.0925
2020-04-22|68.4025|69.475|68.05|69.025
2020-04-23|68.9675|70.4375|68.7175|68.7575
2020-04-24|69.3|70.7525|69.25|70.7425
2020-04-27|70.45|71.135|69.9875|70.7925
2020-04-28|71.27|71.4575|69.55|69.645
2020-04-29|71.1825|72.4175|70.9725|71.9325
2020-04-30|72.49|73.6325|72.0875|73.45
2020-05-01|71.5625|74.75|71.4625|72.2675
2020-05-04|72.2925|73.4225|71.5793|73.29
2020-05-05|73.765|75.25|73.615|74.39
2020-05-06|75.115|75.81|74.7175|75.1575
2020-05-07|75.805|76.2925|75.4925|75.935
2020-05-08|76.41|77.5875|76.0725|77.5325
2020-05-11|77.025|79.2625|76.81|78.7525
2020-05-12|79.4575|79.922|77.7275|77.8525
2020-05-13|78.0375|78.9875|75.8025|76.9125
2020-05-14|76.1275|77.4475|75.3825|77.385
2020-05-15|75.0875|76.975|75.0525|76.9275
2020-05-18|78.2925|79.125|77.581|78.74
2020-05-19|78.7575|79.63|78.2525|78.285
2020-05-20|79.17|79.88|79.05|79.8075
2020-05-21|79.665|80.2225|78.9675|79.2125
2020-05-22|78.9425|79.8075|78.8375|79.7225
2020-05-26|80.875|81.06|79.125|79.1825
2020-05-27|79.035|79.6775|78.2725|79.5275
2020-05-28|79.1925|80.86|78.9075|79.5625
2020-05-29|79.8125|80.2875|79.1175|79.485
2020-06-01|79.4375|80.5875|79.3025|80.4625
2020-06-02|80.1863|80.86|79.7325|80.835
2020-06-03|81.165|81.55|80.575|81.28
2020-06-04|81.0975|81.405|80.195|80.58
2020-06-05|80.8375|82.9375|80.8075|82.875
2020-06-08|82.5625|83.4|81.83|83.365
2020-06-09|83.035|86.4025|83.0025|85.9975
2020-06-10|86.975|88.6925|86.5225|88.21
2020-06-11|87.3275|87.765|83.87|83.975
2020-06-12|86.18|86.95|83.5558|84.7
2020-06-15|83.3125|86.42|83.145|85.7475
2020-06-16|87.865|88.3|86.18|88.02
2020-06-17|88.7875|88.85|87.7725|87.8975
2020-06-18|87.8525|88.3625|87.305|87.9325
2020-06-19|88.6588|89.14|86.2875|87.43
2020-06-22|87.835|89.865|87.7875|89.7175
2020-06-23|91|93.095|90.5675|91.6325
2020-06-24|91.25|92.1975|89.63|90.015
2020-06-25|90.175|91.25|89.3925|91.21
2020-06-26|91.1025|91.33|88.255|88.4075
2020-06-29|88.3125|90.5434|87.82|90.445
2020-06-30|90.02|91.495|90|91.2
2020-07-01|91.28|91.84|90.9775|91.0275
2020-07-02|91.9625|92.6175|90.91|91.0275
2020-07-06|92.5|93.945|92.4675|93.4625
2020-07-07|93.8525|94.655|93.0575|93.1725
2020-07-08|94.18|95.375|94.09|95.3425
2020-07-09|96.2625|96.3175|94.6725|95.6825
2020-07-10|95.335|95.98|94.7052|95.92
2020-07-13|97.265|99.955|95.2575|95.4775
2020-07-14|94.84|97.255|93.8775|97.0575
2020-07-15|98.99|99.2475|96.49|97.725
2020-07-16|96.5625|97.405|95.905|96.5225
2020-07-17|96.9875|97.1475|95.84|96.3275
2020-07-20|96.4163|98.5|96.0625|98.3575
2020-07-21|99.1725|99.25|96.7425|97
2020-07-22|96.6925|97.975|96.6025|97.2725
2020-07-23|96.9984|97.0775|92.0098|92.845
2020-07-24|90.9875|92.97|89.145|92.615
2020-07-27|93.71|94.905|93.48|94.81
2020-07-28|94.3675|94.5497|93.2475|93.2525
2020-07-29|93.75|95.23|93.7125|95.04
2020-07-30|94.1875|96.2975|93.7675|96.19
2020-07-31|102.8838|106.415|100.825|106.26
2020-08-03|108.2|111.6364|107.8925|108.9375
2020-08-04|109.1325|110.79|108.3875|109.665
2020-08-05|109.3775|110.3925|108.8975|110.0625
2020-08-06|110.405|114.4125|109.7975|113.9025
2020-08-07|113.205|113.675|110.2925|111.1125
2020-08-10|112.6|113.775|110|112.7275
2020-08-11|111.9688|112.4825|109.1067|109.375
2020-08-12|110.4975|113.275|110.2975|113.01
2020-08-13|114.43|116.0425|113.9275|115.01
2020-08-14|114.8288|115|113.045|114.9075
2020-08-17|116.0625|116.0875|113.9625|114.6075
2020-08-18|114.3525|116|114.0075|115.5625
2020-08-19|115.9833|117.1625|115.61|115.7075
2020-08-20|115.75|118.392|115.7334|118.275
2020-08-21|119.2625|124.868|119.25|124.37
2020-08-24|128.6975|128.785|123.9363|125.8575
2020-08-25|124.6975|125.1793|123.0525|124.825
2020-08-26|126.1791|126.9925|125.0825|126.5225
2020-08-27|127.1425|127.485|123.8325|125.01
2020-08-28|126.0125|126.4425|124.5775|124.8075
2020-08-31|127.58|131|126|129.04
2020-09-01|132.76|134.8|130.53|134.18
2020-09-02|137.59|137.98|127|131.4
2020-09-03|126.91|128.84|120.5|120.88
2020-09-04|120.07|123.7|110.89|120.96
2020-09-08|113.95|118.99|112.68|112.82
2020-09-09|117.26|119.14|115.26|117.32
2020-09-10|120.36|120.5|112.5|113.49
2020-09-11|114.57|115.23|110|112
2020-09-14|114.72|115.93|112.8|115.355
2020-09-15|118.33|118.829|113.61|115.54
2020-09-16|115.23|116|112.04|112.13
2020-09-17|109.72|112.2|108.71|110.34
2020-09-18|110.4|110.88|106.09|106.84
2020-09-21|104.54|110.19|103.1|110.08
2020-09-22|112.68|112.86|109.16|111.81
2020-09-23|111.62|112.11|106.77|107.12
2020-09-24|105.17|110.25|105|108.22
2020-09-25|108.43|112.44|107.67|112.28
2020-09-28|115.01|115.32|112.78|114.96
2020-09-29|114.55|115.31|113.57|114.09
2020-09-30|113.79|117.26|113.62|115.81
2020-10-01|117.64|117.72|115.83|116.79
2020-10-02|112.89|115.37|112.22|113.02
2020-10-05|113.91|116.65|113.55|116.5
2020-10-06|115.7|116.12|112.25|113.16
2020-10-07|114.62|115.55|114.13|115.08
2020-10-08|116.25|116.4|114.5901|114.97
2020-10-09|115.28|117|114.92|116.97
2020-10-12|120.06|125.18|119.2845|124.4
2020-10-13|125.27|125.39|119.65|121.1
2020-10-14|121|123.03|119.62|121.19
2020-10-15|118.72|121.2|118.15|120.71
2020-10-16|121.28|121.548|118.81|119.02
2020-10-19|119.96|120.419|115.66|115.98
2020-10-20|116.2|118.98|115.63|117.51
2020-10-21|116.67|118.705|116.45|116.87
2020-10-22|117.45|118.04|114.59|115.75
2020-10-23|116.39|116.55|114.28|115.04
2020-10-26|114.01|116.55|112.88|115.05
2020-10-27|115.49|117.28|114.5399|116.6
2020-10-28|115.05|115.43|111.1|111.2
2020-10-29|112.37|116.93|112.2|115.32
2020-10-30|111.06|111.99|107.72|108.86
2020-11-02|109.11|110.68|107.32|108.77
2020-11-03|109.66|111.49|108.73|110.44
2020-11-04|114.14|115.59|112.35|114.95
2020-11-05|117.95|119.62|116.8686|119.03
2020-11-06|118.32|119.2|116.13|118.69
2020-11-09|120.5|121.99|116.05|116.32
2020-11-10|115.55|117.59|114.13|115.97
2020-11-11|117.19|119.63|116.44|119.49
2020-11-12|119.62|120.53|118.57|119.21
2020-11-13|119.44|119.6717|117.87|119.26
2020-11-16|118.92|120.99|118.146|120.3
2020-11-17|119.55|120.6741|118.96|119.39
2020-11-18|118.61|119.82|118|118.03
2020-11-19|117.59|119.06|116.81|118.64
2020-11-20|118.64|118.77|117.29|117.34
2020-11-23|117.18|117.6202|113.75|113.85
2020-11-24|113.91|115.85|112.59|115.17
2020-11-25|115.55|116.75|115.17|116.03
2020-11-27|116.57|117.49|116.22|116.59
2020-11-30|116.97|120.97|116.81|119.05
2020-12-01|121.01|123.4693|120.01|122.72
2020-12-02|122.02|123.37|120.89|123.08
2020-12-03|123.52|123.78|122.21|122.94
2020-12-04|122.6|122.8608|121.52|122.25
2020-12-07|122.31|124.57|122.25|123.75
2020-12-08|124.37|124.98|123.09|124.38
2020-12-09|124.53|125.95|121|121.78
2020-12-10|120.5|123.87|120.15|123.24
2020-12-11|122.43|122.76|120.55|122.41
2020-12-14|122.6|123.35|121.54|121.78
2020-12-15|124.34|127.9|124.13|127.88
2020-12-16|127.41|128.37|126.56|127.81
2020-12-17|128.9|129.58|128.045|128.7
2020-12-18|128.96|129.1|126.12|126.655
2020-12-21|125.02|128.31|123.449|128.23
2020-12-22|131.61|134.405|129.65|131.88
2020-12-23|132.16|132.43|130.78|130.96
2020-12-24|131.32|133.46|131.1|131.97
2020-12-28|133.99|137.34|133.51|136.69
2020-12-29|138.05|138.789|134.3409|134.87
2020-12-30|135.58|135.99|133.4|133.72
2020-12-31|134.08|134.74|131.72|132.69
2021-01-04|133.52|133.6116|126.76|129.41
2021-01-05|128.89|131.74|128.43|131.01
2021-01-06|127.72|131.0499|126.382|126.6
2021-01-07|128.36|131.63|127.86|130.92
2021-01-08|132.43|132.63|130.23|132.05
2021-01-11|129.19|130.17|128.5|128.98
2021-01-12|128.5|129.69|126.86|128.8
2021-01-13|128.76|131.45|128.49|130.89
2021-01-14|130.8|131|128.76|128.91
2021-01-15|128.78|130.2242|127|127.14
2021-01-19|127.78|128.71|126.938|127.83
2021-01-20|128.66|132.49|128.55|132.03
2021-01-21|133.8|139.67|133.59|136.87
2021-01-22|136.28|139.85|135.02|139.07
2021-01-25|143.07|145.09|136.54|142.92
2021-01-26|143.6|144.3|141.37|143.16
2021-01-27|143.43|144.3|140.41|142.06
2021-01-28|139.52|141.99|136.7|137.09
2021-01-29|135.83|136.74|130.21|131.96
2021-02-01|133.75|135.38|130.93|134.14
2021-02-02|135.73|136.31|134.61|134.99
2021-02-03|135.76|135.77|133.61|133.94
2021-02-04|136.3|137.4|134.59|137.39
2021-02-05|137.35|137.42|135.86|136.76
2021-02-08|136.03|136.96|134.92|136.91
2021-02-09|136.62|137.877|135.85|136.01
2021-02-10|136.48|136.99|134.4|135.39
2021-02-11|135.9|136.39|133.77|135.13
2021-02-12|134.35|135.53|133.6921|135.37
2021-02-16|135.49|136.01|132.79|133.19
2021-02-17|131.25|132.22|129.47|130.84
2021-02-18|129.2|129.995|127.41|129.71
2021-02-19|130.24|130.71|128.8|129.87
2021-02-22|128.01|129.72|125.6|126
2021-02-23|123.76|126.71|118.39|125.86
2021-02-24|124.94|125.56|122.23|125.35
2021-02-25|124.68|126.4585|120.54|120.99
2021-02-26|122.59|124.85|121.2|121.26
2021-03-01|123.75|127.93|122.79|127.79
2021-03-02|128.41|128.72|125.01|125.12
2021-03-03|124.81|125.71|121.84|122.06
2021-03-04|121.75|123.6|118.62|120.13
2021-03-05|120.98|121.935|117.57|121.42
2021-03-08|120.93|121|116.21|116.36
2021-03-09|119.03|122.06|118.79|121.085
2021-03-10|121.69|122.17|119.45|119.98
2021-03-11|122.54|123.21|121.26|121.96
2021-03-12|120.4|121.17|119.16|121.03
2021-03-15|121.41|124|120.42|123.99
2021-03-16|125.7|127.22|124.715|125.57
2021-03-17|124.05|125.8599|122.336|124.76
2021-03-18|122.88|123.18|120.32|120.53
2021-03-19|119.9|121.43|119.675|119.99
2021-03-22|120.33|123.87|120.26|123.39
2021-03-23|123.33|124.24|122.14|122.54
2021-03-24|122.82|122.9|120.065|120.09
2021-03-25|119.54|121.66|119|120.59
2021-03-26|120.35|121.48|118.92|121.21
2021-03-29|121.65|122.58|120.7299|121.39
2021-03-30|120.11|120.4031|118.86|119.9
2021-03-31|121.65|123.52|121.15|122.15
2021-04-01|123.66|124.18|122.49|123
2021-04-05|123.87|126.1601|123.07|125.9
2021-04-06|126.5|127.13|125.65|126.21
2021-04-07|125.83|127.92|125.14|127.9
2021-04-08|128.95|130.39|128.52|130.36
2021-04-09|129.8|133.04|129.47|132.995
2021-04-12|132.52|132.85|130.63|131.24
2021-04-13|132.44|134.66|131.93|134.43
2021-04-14|134.94|135|131.655|132.03
2021-04-15|133.82|135|133.64|134.5
2021-04-16|134.3|134.67|133.28|134.16
2021-04-19|133.51|135.47|133.34|134.84
2021-04-20|135.02|135.53|131.81|133.11
2021-04-21|132.36|133.75|131.3001|133.5
2021-04-22|133.04|134.15|131.41|131.94
2021-04-23|132.16|135.12|132.16|134.32
2021-04-26|134.83|135.06|133.56|134.72
2021-04-27|135.01|135.41|134.11|134.39
2021-04-28|134.31|135.02|133.08|133.58
2021-04-29|136.47|137.07|132.45|133.48
2021-04-30|131.78|133.56|131.065|131.46
2021-05-03|132.04|134.07|131.83|132.54
2021-05-04|131.19|131.4899|126.7|127.85
2021-05-05|129.2|130.45|127.97|128.1
2021-05-06|127.89|129.75|127.13|129.74
2021-05-07|130.85|131.2582|129.475|130.21
2021-05-10|129.41|129.54|126.81|126.85
2021-05-11|123.5|126.27|122.77|125.91
2021-05-12|123.4|124.64|122.25|122.77
2021-05-13|124.58|126.15|124.26|124.97
2021-05-14|126.25|127.89|125.85|127.45
2021-05-17|126.82|126.93|125.17|126.27
2021-05-18|126.56|126.99|124.78|124.85
2021-05-19|123.16|124.915|122.86|124.69
2021-05-20|125.23|127.72|125.1|127.31
2021-05-21|127.82|128|125.21|125.43
2021-05-24|126.01|127.94|125.94|127.1
2021-05-25|127.82|128.32|126.32|126.9
2021-05-26|126.955|127.39|126.42|126.85
2021-05-27|126.44|127.64|125.08|125.28
2021-05-28|125.57|125.8|124.55|124.61
2021-06-01|125.08|125.35|123.94|124.28
2021-06-02|124.28|125.24|124.05|125.06
2021-06-03|124.68|124.85|123.13|123.54
2021-06-04|124.07|126.16|123.85|125.89
2021-06-07|126.17|126.32|124.8321|125.9
2021-06-08|126.6|128.46|126.2101|126.74
2021-06-09|127.21|127.75|126.52|127.13
2021-06-10|127.02|128.19|125.94|126.11
2021-06-11|126.53|127.44|126.1|127.35
2021-06-14|127.82|130.54|127.07|130.48
2021-06-15|129.94|130.6|129.39|129.64
2021-06-16|130.37|130.89|128.461|130.15
2021-06-17|129.8|132.55|129.65|131.79
2021-06-18|130.71|131.51|130.24|130.46
2021-06-21|130.3|132.41|129.21|132.3
2021-06-22|132.13|134.08|131.62|133.98
2021-06-23|133.77|134.32|133.23|133.7
2021-06-24|134.45|134.64|132.93|133.41
2021-06-25|133.46|133.89|132.81|133.11
2021-06-28|133.41|135.245|133.35|134.78
2021-06-29|134.8|136.49|134.35|136.33
2021-06-30|136.17|137.41|135.87|136.96
2021-07-01|136.6|137.33|135.76|137.27
2021-07-02|137.9|140|137.745|139.96
2021-07-06|140.07|143.15|140.07|142.02
2021-07-07|143.535|144.89|142.66|144.57
2021-07-08|141.58|144.06|140.665|143.24
2021-07-09|142.75|145.65|142.6522|145.11
2021-07-12|146.21|146.32|144|144.5
2021-07-13|144.03|147.46|143.63|145.64
2021-07-14|148.1|149.57|147.68|149.15
2021-07-15|149.24|150|147.09|148.48
2021-07-16|148.46|149.76|145.88|146.39
2021-07-19|143.75|144.07|141.67|142.45
2021-07-20|143.46|147.0997|142.96|146.15
2021-07-21|145.53|146.13|144.63|145.4
2021-07-22|145.935|148.195|145.81|146.8
2021-07-23|147.55|148.7177|146.92|148.56
2021-07-26|148.27|149.83|147.7|148.99
2021-07-27|149.12|149.21|145.55|146.77
2021-07-28|144.81|146.97|142.54|144.98
2021-07-29|144.685|146.55|144.58|145.64
2021-07-30|144.38|146.33|144.11|145.86
2021-08-02|146.36|146.95|145.25|145.52
2021-08-03|145.81|148.045|145.18|147.36
2021-08-04|147.27|147.79|146.28|146.95
2021-08-05|146.98|147.84|146.17|147.06
2021-08-06|146.35|147.11|145.63|146.14
2021-08-09|146.2|146.7|145.52|146.09
2021-08-10|146.44|147.71|145.3|145.6
2021-08-11|146.05|146.72|145.53|145.86
2021-08-12|146.19|149.05|145.84|148.89
2021-08-13|148.97|149.4444|148.27|149.1
2021-08-16|148.535|151.19|146.47|151.12
2021-08-17|150.23|151.68|149.09|150.19
2021-08-18|149.8|150.72|146.15|146.36
2021-08-19|145.03|148|144.5|146.7
2021-08-20|147.44|148.5|146.78|148.19
2021-08-23|148.31|150.19|147.89|149.71
2021-08-24|149.45|150.86|149.15|149.62
2021-08-25|149.81|150.32|147.8|148.36
2021-08-26|148.35|149.12|147.51|147.54
2021-08-27|147.48|148.75|146.83|148.6
2021-08-30|149|153.49|148.61|153.12
2021-08-31|152.66|152.8|151.29|151.83
2021-09-01|152.83|154.98|152.34|152.51
2021-09-02|153.87|154.72|152.4|153.65
2021-09-03|153.76|154.63|153.09|154.3
2021-09-07|154.97|157.26|154.39|156.69
2021-09-08|156.98|157.04|153.975|155.11
2021-09-09|155.49|156.11|153.95|154.07
2021-09-10|155|155.48|148.7|148.97
2021-09-13|150.63|151.42|148.75|149.55
2021-09-14|150.35|151.07|146.91|148.12
2021-09-15|148.56|149.44|146.37|149.03
2021-09-16|148.44|148.97|147.221|148.79
2021-09-17|148.82|148.82|145.76|146.06
2021-09-20|143.8|144.84|141.27|142.94
2021-09-21|143.93|144.6|142.78|143.43
2021-09-22|144.45|146.43|143.7001|145.85
2021-09-23|146.65|147.08|145.64|146.83
2021-09-24|145.66|147.4701|145.56|146.92
2021-09-27|145.47|145.96|143.82|145.37
2021-09-28|143.25|144.75|141.69|141.91
2021-09-29|142.47|144.45|142.03|142.83
2021-09-30|143.66|144.378|141.28|141.5
2021-10-01|141.9|142.92|139.1101|142.65
2021-10-04|141.76|142.21|138.27|139.14
2021-10-05|139.49|142.24|139.36|141.11
2021-10-06|139.47|142.15|138.37|142
2021-10-07|143.06|144.215|142.72|143.29
2021-10-08|144.03|144.1781|142.56|142.9
2021-10-11|142.27|144.81|141.81|142.81
2021-10-12|143.23|143.25|141.0401|141.51
2021-10-13|141.235|141.4|139.2|140.91
2021-10-14|142.11|143.88|141.51|143.76
2021-10-15|143.77|144.895|143.51|144.84
2021-10-18|143.445|146.84|143.16|146.55
2021-10-19|147.01|149.17|146.55|148.76
2021-10-20|148.7|149.7539|148.12|149.26
2021-10-21|148.81|149.64|147.87|149.48
2021-10-22|149.69|150.18|148.64|148.69
2021-10-25|148.68|149.37|147.6211|148.64
2021-10-26|149.33|150.84|149.0101|149.32
2021-10-27|149.36|149.73|148.49|148.85
2021-10-28|149.82|153.165|149.72|152.57
2021-10-29|147.215|149.94|146.4128|149.8
2021-11-01|148.985|149.7|147.8|148.96
2021-11-02|148.66|151.57|148.65|150.02
2021-11-03|150.39|151.97|149.82|151.49
2021-11-04|151.58|152.43|150.64|150.96
2021-11-05|151.89|152.2|150.06|151.28
2021-11-08|151.41|151.57|150.16|150.44
2021-11-09|150.2|151.428|150.0601|150.81
2021-11-10|150.02|150.13|147.85|147.92
2021-11-11|148.96|149.43|147.681|147.87
2021-11-12|148.43|150.4|147.48|149.99
2021-11-15|150.37|151.88|149.43|150
2021-11-16|149.94|151.488|149.34|151
2021-11-17|150.995|155|150.99|153.49
2021-11-18|153.71|158.67|153.05|157.87
2021-11-19|157.65|161.02|156.5328|160.55
2021-11-22|161.68|165.7|161|161.02
2021-11-23|161.12|161.8|159.0601|161.41
2021-11-24|160.75|162.14|159.64|161.94
2021-11-26|159.565|160.45|156.36|156.81
2021-11-29|159.37|161.19|158.7901|160.24
2021-11-30|159.985|165.52|159.92|165.3
2021-12-01|167.48|170.3|164.53|164.77
2021-12-02|158.735|164.2|157.8|163.76
2021-12-03|164.02|164.96|159.72|161.84
2021-12-06|164.29|167.8799|164.28|165.32
2021-12-07|169.08|171.58|168.34|171.18
2021-12-08|172.125|175.96|170.7|175.08
2021-12-09|174.91|176.75|173.92|174.56
2021-12-10|175.205|179.63|174.69|179.45
2021-12-13|181.115|182.13|175.53|175.74
2021-12-14|175.25|177.74|172.21|174.33
2021-12-15|175.11|179.5|172.3108|179.3
2021-12-16|179.28|181.14|170.75|172.26
2021-12-17|169.93|173.47|169.69|171.14
2021-12-20|168.28|170.58|167.46|169.75
2021-12-21|171.555|173.2|169.12|172.99
2021-12-22|173.04|175.86|172.15|175.64
2021-12-23|175.85|176.8499|175.27|176.28
2021-12-27|177.085|180.42|177.07|180.33
2021-12-28|180.16|181.33|178.53|179.29
2021-12-29|179.33|180.63|178.14|179.38
2021-12-30|179.47|180.57|178.09|178.2
2021-12-31|178.085|179.23|177.26|177.57
2022-01-03|177.83|182.88|177.71|182.01
2022-01-04|182.63|182.94|179.12|179.7
2022-01-05|179.61|180.17|174.64|174.92
2022-01-06|172.7|175.3|171.64|172
2022-01-07|172.89|174.14|171.03|172.17
2022-01-10|169.08|172.5|168.17|172.19
2022-01-11|172.32|175.18|170.82|175.08
2022-01-12|176.12|177.18|174.82|175.53
2022-01-13|175.78|176.62|171.79|172.19
2022-01-14|171.34|173.78|171.09|173.07
2022-01-18|171.51|172.54|169.405|169.8
2022-01-19|170|171.08|165.94|166.23
2022-01-20|166.98|169.68|164.18|164.51
2022-01-21|164.415|166.33|162.3|162.41
2022-01-24|160.02|162.3|154.7|161.62
2022-01-25|158.98|162.76|157.02|159.78
2022-01-26|163.5|164.3894|157.82|159.69
2022-01-27|162.45|163.84|158.28|159.22
2022-01-28|165.71|170.35|162.8|170.33
2022-01-31|170.16|175|169.51|174.78
2022-02-01|174.01|174.84|172.31|174.61
2022-02-02|174.745|175.88|173.33|175.84
2022-02-03|174.48|176.2399|172.12|172.9
2022-02-04|171.68|174.1|170.68|172.39
2022-02-07|172.86|173.9458|170.95|171.66
2022-02-08|171.73|175.35|171.43|174.83
2022-02-09|176.05|176.65|174.9|176.28
2022-02-10|174.14|175.48|171.55|172.12
2022-02-11|172.33|173.08|168.04|168.64
2022-02-14|167.37|169.58|166.56|168.88
2022-02-15|170.97|172.95|170.25|172.79
2022-02-16|171.85|173.34|170.05|172.55
2022-02-17|171.03|171.91|168.47|168.88
2022-02-18|169.82|170.5413|166.19|167.3
2022-02-22|164.98|166.69|162.15|164.32
2022-02-23|165.54|166.15|159.75|160.07
2022-02-24|152.58|162.85|152|162.74
2022-02-25|163.84|165.12|160.8738|164.85
2022-02-28|163.06|165.42|162.43|165.12
2022-03-01|164.695|166.6|161.97|163.2
2022-03-02|164.39|167.36|162.95|166.56
2022-03-03|168.47|168.91|165.55|166.23
2022-03-04|164.49|165.55|162.1|163.17
2022-03-07|163.36|165.02|159.04|159.3
2022-03-08|158.82|162.88|155.8|157.44
2022-03-09|161.475|163.41|159.41|162.95
2022-03-10|160.2|160.39|155.98|158.52
2022-03-11|158.93|159.28|154.5|154.73
2022-03-14|151.45|154.12|150.1|150.62
2022-03-15|150.9|155.57|150.38|155.09
2022-03-16|157.05|160|154.46|159.59
2022-03-17|158.61|161|157.63|160.62
2022-03-18|160.51|164.48|159.76|163.98
2022-03-21|163.51|166.35|163.015|165.38
2022-03-22|165.51|169.42|164.91|168.82
2022-03-23|167.99|172.64|167.65|170.21
2022-03-24|171.06|174.14|170.21|174.07
2022-03-25|173.88|175.28|172.75|174.72
2022-03-28|172.17|175.73|172|175.6
2022-03-29|176.69|179.01|176.34|178.96
2022-03-30|178.55|179.61|176.7|177.77
2022-03-31|177.84|178.03|174.4|174.61
2022-04-01|174.03|174.88|171.94|174.31
2022-04-04|174.57|178.49|174.44|178.44
2022-04-05|177.5|178.3|174.415|175.06
2022-04-06|172.36|173.63|170.13|171.83
2022-04-07|171.16|173.36|169.85|172.14
2022-04-08|171.78|171.78|169.2|170.09
2022-04-11|168.71|169.03|165.5|165.75
2022-04-12|168.02|169.87|166.64|167.66
2022-04-13|167.39|171.04|166.77|170.4
2022-04-14|170.62|171.27|165.04|165.29
2022-04-18|163.92|166.5984|163.57|165.07
2022-04-19|165.02|167.82|163.91|167.4
2022-04-20|168.76|168.88|166.1|167.23
2022-04-21|168.91|171.53|165.91|166.42
2022-04-22|166.46|167.8699|161.5|161.79
2022-04-25|161.12|163.17|158.46|162.88
2022-04-26|162.25|162.34|156.72|156.8
2022-04-27|155.91|159.79|155.38|156.57
2022-04-28|159.25|164.515|158.93|163.64
2022-04-29|161.84|166.2|157.25|157.65
2022-05-02|156.71|158.23|153.27|157.96
2022-05-03|158.15|160.71|156.32|159.48
2022-05-04|159.67|166.48|159.26|166.02
2022-05-05|163.85|164.08|154.95|156.77
2022-05-06|156.01|159.44|154.18|157.28
2022-05-09|154.925|155.83|151.49|152.06
2022-05-10|155.52|156.74|152.93|154.51
2022-05-11|153.5|155.45|145.81|146.5
2022-05-12|142.77|146.2|138.8|142.56
2022-05-13|144.59|148.105|143.11|147.11
2022-05-16|145.55|147.5199|144.18|145.54
2022-05-17|148.86|149.77|146.68|149.24
2022-05-18|146.85|147.3601|139.9|140.82
2022-05-19|139.88|141.66|136.6|137.35
2022-05-20|139.09|140.7|132.61|137.59
2022-05-23|137.79|143.26|137.65|143.11
2022-05-24|140.805|141.97|137.33|140.36
2022-05-25|138.43|141.785|138.34|140.52
2022-05-26|137.39|144.34|137.14|143.78
2022-05-27|145.39|149.68|145.26|149.64
2022-05-31|149.07|150.66|146.84|148.84
2022-06-01|149.9|151.74|147.68|148.71
2022-06-02|147.83|151.27|146.86|151.21
2022-06-03|146.9|147.97|144.46|145.38
2022-06-06|147.03|148.5689|144.9|146.14
2022-06-07|144.345|149|144.1|148.71
2022-06-08|148.58|149.8697|147.46|147.96
2022-06-09|147.08|147.95|142.53|142.64
2022-06-10|140.28|140.76|137.06|137.13
2022-06-13|132.87|135.2|131.44|131.88
2022-06-14|133.13|133.89|131.48|132.76
2022-06-15|134.29|137.34|132.16|135.43
2022-06-16|132.08|132.39|129.04|130.06
2022-06-17|130.065|133.079|129.81|131.56
2022-06-21|133.42|137.06|133.32|135.87
2022-06-22|134.79|137.76|133.91|135.35
2022-06-23|136.82|138.59|135.63|138.27
2022-06-24|139.9|141.91|139.77|141.66
2022-06-27|142.695|143.49|140.965|141.66
2022-06-28|142.13|143.422|137.325|137.44
2022-06-29|137.46|140.67|136.67|139.23
2022-06-30|137.25|138.37|133.7737|136.72
2022-07-01|136.04|139.04|135.66|138.93
2022-07-05|137.77|141.61|136.93|141.56
2022-07-06|141.355|144.12|141.08|142.92
2022-07-07|143.29|146.55|143.28|146.35
2022-07-08|145.265|147.55|145|147.04
2022-07-11|145.67|146.64|143.78|144.87
2022-07-12|145.76|148.45|145.05|145.86
2022-07-13|142.99|146.45|142.1201|145.49
2022-07-14|144.08|148.95|143.25|148.47
2022-07-15|149.78|150.86|148.2|150.17
2022-07-18|150.74|151.57|146.7|147.07
2022-07-19|147.92|151.23|146.91|151
2022-07-20|151.12|153.72|150.37|153.04
2022-07-21|154.5|155.57|151.94|155.35
2022-07-22|155.39|156.28|153.41|154.09
2022-07-25|154.01|155.04|152.28|152.95
2022-07-26|152.265|153.085|150.8|151.6
2022-07-27|152.58|157.33|152.16|156.79
2022-07-28|156.98|157.64|154.41|157.35
2022-07-29|161.24|163.63|159.5|162.51
2022-08-01|161.01|163.59|160.89|161.51
2022-08-02|160.1|162.41|159.63|160.01
2022-08-03|160.84|166.59|160.75|166.13
2022-08-04|166.005|167.19|164.43|165.81
2022-08-05|163.21|165.85|163|165.35
2022-08-08|166.37|167.81|164.2|164.87
2022-08-09|164.02|165.82|163.25|164.92
2022-08-10|167.68|169.34|166.9|169.24
2022-08-11|170.06|170.99|168.19|168.49
2022-08-12|169.82|172.17|169.4|172.1
2022-08-15|171.52|173.39|171.345|173.19
2022-08-16|172.78|173.71|171.6618|173.03
2022-08-17|172.77|176.15|172.57|174.55
2022-08-18|173.75|174.9|173.12|174.15
2022-08-19|173.03|173.74|171.3101|171.52
2022-08-22|169.69|169.86|167.135|167.57
2022-08-23|167.08|168.71|166.65|167.23
2022-08-24|167.32|168.11|166.245|167.53
2022-08-25|168.78|170.14|168.35|170.03
2022-08-26|170.57|171.05|163.56|163.62
2022-08-29|161.145|162.9|159.82|161.38
2022-08-30|162.13|162.56|157.72|158.91
2022-08-31|160.305|160.58|157.14|157.22
2022-09-01|156.64|158.42|154.67|157.96
2022-09-02|159.75|160.362|154.965|155.81
2022-09-06|156.47|157.09|153.69|154.53
2022-09-07|154.825|156.67|153.61|155.96
2022-09-08|154.64|156.36|152.68|154.46
2022-09-09|155.47|157.82|154.75|157.37
2022-09-12|159.59|164.26|159.3|163.43
2022-09-13|159.9|160.54|153.37|153.84
2022-09-14|154.785|157.1|153.6106|155.31
2022-09-15|154.65|155.24|151.38|152.37
2022-09-16|151.21|151.35|148.37|150.7
2022-09-19|149.31|154.56|149.1|154.48
2022-09-20|153.4|158.08|153.08|156.9
2022-09-21|157.34|158.74|153.6|153.72
2022-09-22|152.38|154.47|150.91|152.74
2022-09-23|151.19|151.47|148.56|150.43
2022-09-26|149.66|153.7701|149.64|150.77
2022-09-27|152.74|154.72|149.945|151.76
2022-09-28|147.64|150.6414|144.84|149.84
2022-09-29|146.1|146.72|140.68|142.48
2022-09-30|141.28|143.1|138|138.2
2022-10-03|138.21|143.07|137.685|142.45
2022-10-04|145.03|146.22|144.26|146.1
2022-10-05|144.075|147.38|143.01|146.4
2022-10-06|145.81|147.54|145.22|145.43
2022-10-07|142.54|143.1|139.445|140.09
2022-10-10|140.42|141.89|138.5729|140.42
2022-10-11|139.9|141.35|138.22|138.98
2022-10-12|139.13|140.36|138.16|138.34
2022-10-13|134.99|143.59|134.37|142.99
2022-10-14|144.31|144.52|138.19|138.38
2022-10-17|141.065|142.9|140.27|142.41
2022-10-18|145.49|146.7|140.61|143.75
2022-10-19|141.69|144.9492|141.5|143.86
2022-10-20|143.02|145.89|142.65|143.39
2022-10-21|142.87|147.8479|142.649|147.27
2022-10-24|147.185|150.23|146|149.45
2022-10-25|150.09|152.49|149.36|152.34
2022-10-26|150.96|151.99|148.04|149.35
2022-10-27|148.07|149.046|144.13|144.8
2022-10-28|148.2|157.5|147.82|155.74
2022-10-31|153.155|154.24|151.92|153.34
2022-11-01|155.08|155.45|149.13|150.65
2022-11-02|148.945|152.17|145|145.03
2022-11-03|142.06|142.8|138.75|138.88
2022-11-04|142.09|142.67|134.38|138.38
2022-11-07|137.11|139.145|135.671|138.92
2022-11-08|140.41|141.43|137.49|139.5
2022-11-09|138.5|138.55|134.5933|134.87
2022-11-10|141.24|146.87|139.5|146.87
2022-11-11|145.82|150.01|144.37|149.7
2022-11-14|148.97|150.28|147.43|148.28
2022-11-15|152.215|153.59|148.5613|150.04
2022-11-16|149.13|149.87|147.29|148.79
2022-11-17|146.43|151.48|146.15|150.72
2022-11-18|152.305|152.7|149.97|151.29
2022-11-21|150.16|150.37|147.715|148.01
2022-11-22|148.13|150.42|146.925|150.18
2022-11-23|149.45|151.83|149.34|151.07
2022-11-25|148.305|148.88|147.12|148.11
2022-11-28|145.14|146.64|143.38|144.22
2022-11-29|144.29|144.81|140.355|141.17
2022-11-30|141.395|148.72|140.55|148.03
2022-12-01|148.21|149.13|146.61|148.31
2022-12-02|145.96|148|145.65|147.81
2022-12-05|147.77|150.9199|145.77|146.63
2022-12-06|147.075|147.3|141.92|142.91
2022-12-07|142.19|143.37|140|140.94
2022-12-08|142.36|143.52|141.1|142.65
2022-12-09|142.34|145.57|140.9|142.16
2022-12-12|142.7|144.5|141.06|144.49
2022-12-13|149.5|149.9692|144.24|145.47
2022-12-14|145.35|146.655|141.16|143.21
2022-12-15|141.11|141.8|136.025|136.5
2022-12-16|136.685|137.65|133.73|134.51
2022-12-19|135.11|135.2|131.32|132.37
2022-12-20|131.39|133.25|129.89|132.3
2022-12-21|132.98|136.81|132.75|135.45
2022-12-22|134.352|134.56|130.3|132.23
2022-12-23|130.92|132.415|129.64|131.86
2022-12-27|131.38|131.41|128.72|130.03
2022-12-28|129.67|131.0275|125.87|126.04
2022-12-29|127.99|130.4814|127.73|129.61
2022-12-30|128.41|129.95|127.43|129.93
2023-01-03|130.28|130.9|124.17|125.07
2023-01-04|126.89|128.6557|125.08|126.36
2023-01-05|127.13|127.77|124.76|125.02
2023-01-06|126.01|130.29|124.89|129.62
2023-01-09|130.465|133.41|129.89|130.15
2023-01-10|130.26|131.2636|128.12|130.73
2023-01-11|131.25|133.51|130.46|133.49
2023-01-12|133.88|134.26|131.44|133.41
2023-01-13|132.03|134.92|131.66|134.76
2023-01-17|134.83|137.29|134.13|135.94
2023-01-18|136.815|138.61|135.03|135.21
2023-01-19|134.08|136.25|133.77|135.27
2023-01-20|135.28|138.02|134.22|137.87
2023-01-23|138.12|143.315|137.9|141.11
2023-01-24|140.305|143.16|140.3|142.53
2023-01-25|140.89|142.43|138.81|141.86
2023-01-26|143.17|144.25|141.9|143.96
2023-01-27|143.155|147.23|143.08|145.93
2023-01-30|144.955|145.55|142.85|143
2023-01-31|142.7|144.34|142.28|144.29
2023-02-01|143.97|146.61|141.32|145.43
2023-02-02|148.9|151.18|148.17|150.82
2023-02-03|148.03|157.38|147.83|154.5
2023-02-06|152.575|153.1|150.78|151.73
2023-02-07|150.64|155.23|150.64|154.65
2023-02-08|153.88|154.58|151.168|151.92
2023-02-09|153.775|154.33|150.42|150.87
2023-02-10|149.46|151.3401|149.22|151.01
2023-02-13|150.952|154.26|150.92|153.85
2023-02-14|152.12|153.77|150.86|153.2
2023-02-15|153.11|155.5|152.88|155.33
2023-02-16|153.51|156.33|153.3475|153.71
2023-02-17|152.35|153|150.85|152.55
2023-02-21|150.2|151.3|148.405|148.48
2023-02-22|148.87|149.95|147.16|148.91
2023-02-23|150.09|150.34|147.24|149.4
2023-02-24|147.11|147.19|145.7202|146.71
2023-02-27|147.71|149.17|147.45|147.92
2023-02-28|147.05|149.08|146.83|147.41
2023-03-01|146.83|147.2285|145.01|145.31
2023-03-02|144.38|146.71|143.9|145.91
2023-03-03|148.045|151.11|147.33|151.03
2023-03-06|153.785|156.3|153.46|153.83
2023-03-07|153.7|154.0299|151.13|151.6
2023-03-08|152.81|153.47|151.83|152.87
2023-03-09|153.559|154.535|150.225|150.59
2023-03-10|150.21|150.94|147.6096|148.5
2023-03-13|147.805|153.14|147.7|150.47
2023-03-14|151.28|153.4|150.1|152.59
2023-03-15|151.19|153.245|149.92|152.99
2023-03-16|152.16|156.46|151.64|155.85
2023-03-17|156.08|156.74|154.28|155
2023-03-20|155.07|157.82|154.15|157.4
2023-03-21|157.32|159.4|156.54|159.28
2023-03-22|159.3|162.14|157.81|157.83
2023-03-23|158.83|161.5501|157.68|158.93
2023-03-24|158.86|160.34|157.85|160.25
2023-03-27|159.94|160.77|157.87|158.28
2023-03-28|157.97|158.49|155.98|157.65
2023-03-29|159.37|161.05|159.35|160.77
2023-03-30|161.53|162.47|161.271|162.36
2023-03-31|162.44|165|161.91|164.9
2023-04-03|164.27|166.29|164.22|166.17
2023-04-04|166.595|166.84|165.11|165.63
2023-04-05|164.74|165.05|161.8|163.76
2023-04-06|162.43|164.9584|162|164.66
2023-04-10|161.42|162.03|160.08|162.03
2023-04-11|162.35|162.36|160.51|160.8
2023-04-12|161.22|162.06|159.78|160.1
2023-04-13|161.63|165.8|161.42|165.56
2023-04-14|164.59|166.32|163.82|165.21
2023-04-17|165.09|165.39|164.03|165.23
2023-04-18|166.1|167.41|165.65|166.47
2023-04-19|165.8|168.16|165.54|167.63
2023-04-20|166.09|167.87|165.56|166.65
2023-04-21|165.05|166.4521|164.49|165.02
2023-04-24|165|165.6|163.89|165.33
2023-04-25|165.19|166.305|163.73|163.77
2023-04-26|163.055|165.28|162.8|163.76
2023-04-27|165.19|168.56|165.19|168.41
2023-04-28|168.49|169.85|167.8801|169.68
2023-05-01|169.28|170.45|168.64|169.59
2023-05-02|170.09|170.35|167.54|168.54
2023-05-03|169.5|170.92|167.16|167.45
2023-05-04|164.89|167.04|164.31|165.79
2023-05-05|170.975|174.3|170.76|173.57
2023-05-08|172.48|173.85|172.11|173.5
2023-05-09|173.05|173.54|171.6|171.77
2023-05-10|173.02|174.03|171.9|173.555
2023-05-11|173.85|174.59|172.17|173.75
2023-05-12|173.62|174.06|171|172.57
2023-05-15|173.16|173.21|171.47|172.07
2023-05-16|171.99|173.1383|171.7991|172.07
2023-05-17|171.71|172.925|170.4201|172.69
2023-05-18|173|175.24|172.58|175.05
2023-05-19|176.39|176.39|174.94|175.16
2023-05-22|173.98|174.71|173.45|174.2
2023-05-23|173.13|173.3794|171.275|171.56
2023-05-24|171.09|172.4183|170.52|171.84
2023-05-25|172.41|173.895|171.69|172.99
2023-05-26|173.32|175.77|173.11|175.43
2023-05-30|176.96|178.99|176.57|177.3
2023-05-31|177.325|179.35|176.76|177.25
2023-06-01|177.7|180.12|176.9306|180.09
2023-06-02|181.03|181.78|179.26|180.95
2023-06-05|182.63|184.951|178.035|179.58
2023-06-06|179.965|180.12|177.43|179.21
2023-06-07|178.44|181.21|177.32|177.82
2023-06-08|177.895|180.84|177.46|180.57
2023-06-09|181.5|182.23|180.63|180.96
2023-06-12|181.27|183.89|180.97|183.79
2023-06-13|182.8|184.15|182.44|183.31
2023-06-14|183.37|184.39|182.02|183.95
2023-06-15|183.96|186.52|183.78|186.01
2023-06-16|186.73|186.99|184.27|184.92
2023-06-20|184.41|186.1|184.41|185.01
2023-06-21|184.9|185.41|182.5901|183.96
2023-06-22|183.74|187.045|183.67|187
2023-06-23|185.55|187.56|185.01|186.68
2023-06-26|186.83|188.05|185.23|185.27
2023-06-27|185.89|188.39|185.67|188.06
2023-06-28|187.93|189.9|187.6|189.25
2023-06-29|189.08|190.07|188.94|189.59
2023-06-30|191.63|194.48|191.26|193.97
2023-07-03|193.78|193.88|191.76|192.46
2023-07-05|191.565|192.98|190.62|191.33
2023-07-06|189.84|192.02|189.2|191.81
2023-07-07|191.41|192.67|190.24|190.68
2023-07-10|189.26|189.99|187.035|188.61
2023-07-11|189.16|189.3|186.6|188.08
2023-07-12|189.68|191.7|188.47|189.77
2023-07-13|190.5|191.19|189.78|190.54
2023-07-14|190.23|191.1799|189.63|190.69
2023-07-17|191.9|194.32|191.81|193.99
2023-07-18|193.35|194.33|192.415|193.73
2023-07-19|193.1|198.23|192.65|195.1
2023-07-20|195.09|196.47|192.495|193.13
2023-07-21|194.1|194.97|191.23|191.94
2023-07-24|193.41|194.91|192.25|192.75
2023-07-25|193.33|194.44|192.915|193.62
2023-07-26|193.67|195.64|193.32|194.5
2023-07-27|196.02|197.2|192.55|193.22
2023-07-28|194.67|196.626|194.14|195.83
2023-07-31|196.06|196.49|195.26|196.45
2023-08-01|196.235|196.73|195.28|195.605
2023-08-02|195.04|195.18|191.8507|192.58
2023-08-03|191.57|192.37|190.69|191.17
2023-08-04|185.52|187.38|181.92|181.99
2023-08-07|182.13|183.13|177.35|178.85
2023-08-08|179.69|180.27|177.58|179.8
2023-08-09|180.87|180.93|177.01|178.19
2023-08-10|179.48|180.75|177.6|177.97
2023-08-11|177.32|178.62|176.55|177.79
2023-08-14|177.97|179.69|177.305|179.46
2023-08-15|178.88|179.48|177.05|177.45
2023-08-16|177.13|178.54|176.5|176.57
2023-08-17|177.14|177.5054|173.48|174
2023-08-18|172.3|175.1|171.96|174.49
2023-08-21|175.07|176.13|173.735|175.84
2023-08-22|177.06|177.68|176.25|177.23
2023-08-23|178.52|181.55|178.325|181.12
2023-08-24|180.674|181.104|176.01|176.38
2023-08-25|177.38|179.15|175.82|178.61
2023-08-28|180.09|180.59|178.545|180.19
2023-08-29|179.695|184.9|179.5|184.12
2023-08-30|184.94|187.85|184.74|187.65
2023-08-31|187.84|189.12|187.48|187.87
2023-09-01|189.485|189.92|188.28|189.46
2023-09-05|188.28|189.98|187.61|189.7
2023-09-06|188.4|188.85|181.47|182.91
2023-09-07|175.18|178.21|173.54|177.56
2023-09-08|178.35|180.239|177.79|178.18
2023-09-11|180.07|180.3|177.34|179.36
2023-09-12|179.49|180.13|174.82|176.3
2023-09-13|176.51|177.3|173.98|174.21
2023-09-14|174|176.1|173.58|175.74
2023-09-15|176.48|176.495|173.82|175.01
2023-09-18|176.48|179.38|176.17|177.97
2023-09-19|177.52|179.63|177.13|179.07
2023-09-20|179.26|179.695|175.4|175.49
2023-09-21|174.55|176.3|173.86|173.93
2023-09-22|174.67|177.079|174.05|174.79
2023-09-25|174.2|176.97|174.15|176.08
2023-09-26|174.82|175.2|171.66|171.96
2023-09-27|172.62|173.04|169.05|170.43
2023-09-28|169.34|172.03|167.62|170.69
2023-09-29|172.02|173.07|170.341|171.21
2023-10-02|171.22|174.3|170.93|173.75
2023-10-03|172.255|173.63|170.82|172.4
2023-10-04|171.09|174.21|170.97|173.66
2023-10-05|173.79|175.45|172.68|174.91
2023-10-06|173.8|177.99|173.18|177.49
2023-10-09|176.81|179.05|175.8|178.99
2023-10-10|178.1|179.72|177.95|178.39
2023-10-11|178.2|179.85|177.6|179.8
2023-10-12|180.07|182.34|179.04|180.71
2023-10-13|181.42|181.93|178.14|178.85
2023-10-16|176.75|179.075|176.51|178.72
2023-10-17|176.645|178.42|174.8|177.15
2023-10-18|175.58|177.575|175.11|175.84
2023-10-19|176.04|177.84|175.19|175.46
2023-10-20|175.31|175.42|172.64|172.88
2023-10-23|170.91|174.01|169.93|173
2023-10-24|173.05|173.67|171.45|173.44
2023-10-25|171.88|173.06|170.65|171.1
2023-10-26|170.37|171.3775|165.67|166.89
2023-10-27|166.91|168.96|166.83|168.22
2023-10-30|169.02|171.17|168.87|170.29
2023-10-31|169.35|170.9|167.9|170.77
2023-11-01|171|174.23|170.12|173.97
2023-11-02|175.52|177.78|175.46|177.57
2023-11-03|174.24|176.82|173.35|176.65
2023-11-06|176.38|179.43|176.21|179.23
2023-11-07|179.18|182.44|178.97|181.82
2023-11-08|182.35|183.45|181.59|182.89
2023-11-09|182.96|184.12|181.81|182.41
2023-11-10|183.97|186.565|183.53|186.4
2023-11-13|185.82|186.03|184.21|184.8
2023-11-14|187.7|188.11|186.3|187.44
2023-11-15|187.845|189.5|187.78|188.01
2023-11-16|189.57|190.96|188.65|189.71
2023-11-17|190.25|190.38|188.57|189.69
2023-11-20|189.89|191.905|189.88|191.45
2023-11-21|191.41|191.52|189.74|190.64
2023-11-22|191.49|192.93|190.825|191.31
2023-11-24|190.87|190.9|189.25|189.97
2023-11-27|189.92|190.67|188.9|189.79
2023-11-28|189.78|191.08|189.4|190.4
2023-11-29|190.9|192.09|188.97|189.37
2023-11-30|189.84|190.32|188.19|189.95
2023-12-01|190.33|191.56|189.23|191.24
2023-12-04|189.98|190.05|187.4511|189.43
2023-12-05|190.21|194.4|190.18|193.42
2023-12-06|194.45|194.76|192.11|192.32
2023-12-07|193.63|195|193.59|194.27
2023-12-08|194.2|195.99|193.67|195.71
2023-12-11|193.11|193.49|191.42|193.18
2023-12-12|193.08|194.72|191.721|194.71
2023-12-13|195.09|198|194.85|197.96
2023-12-14|198.02|199.62|196.16|198.11
2023-12-15|197.53|198.3999|197|197.57
2023-12-18|196.09|196.63|194.39|195.89
2023-12-19|196.16|196.95|195.89|196.94
2023-12-20|196.9|197.68|194.83|194.83
2023-12-21|196.1|197.08|193.5|194.68
2023-12-22|195.18|195.41|192.97|193.6
2023-12-26|193.61|193.89|192.83|193.05
2023-12-27|192.49|193.5|191.09|193.15
2023-12-28|194.14|194.66|193.17|193.58
2023-12-29|193.9|194.4|191.725|192.53
2024-01-02|187.15|188.44|183.885|185.64
2024-01-03|184.22|185.88|183.43|184.25
2024-01-04|182.15|183.0872|180.88|181.91
2024-01-05|181.99|182.76|180.17|181.18
2024-01-08|182.085|185.6|181.5|185.56