2018-08-01|120.18|121.81|119.55|120.55
2018-08-02|120.93|125.22|120.53|124.39
2018-08-03|124.35|126.33|124.35|126.08
2018-08-06|125.99|126.52|124.38|126.31
2018-08-07|127.08|127.2973|124.99|125.58
2018-08-08|125.77|127.65|124.85|127.18
2018-08-09|127.74|128.69|127.11|128.16
2018-08-10|127.48|130.76|126.78|130.52
2018-08-13|131.08|131.88|129.29|129.94
2018-08-14|130.5|130.92|127.59|129.47
2018-08-15|128.9|128.9|125.06|126.45
2018-08-16|129.2|130.48|127.17|129.47
2018-08-17|130.25|130.9|129.0799|130.19
2018-08-20|130.93|137.19|130.305|136.67
2018-08-21|137.3|139.64|134.69|135.61
2018-08-22|136.28|138.24|135.38|135.48
2018-08-23|135.49|137.575|134.61|136.2
2018-08-24|137.15|140.33|136.68|138.76
2018-08-27|139.22|140.4162|137.79|138.16
2018-08-28|138.32|139.2734|137.12|138.68
2018-08-29|138.7|138.939|135.08|138.7
2018-08-30|137.8|138.38|135.69|137
2018-08-31|153.3|159.79|153.01|154.93
2018-09-04|154.86|160|154.71|157.29
2018-09-05|157.17|157.29|152.08|152.74
2018-09-06|153.57|154.97|150.78|151
2018-09-07|150.74|153.99|150.59|150.82
2018-09-10|151.5|154.78|151.5|154.11
2018-09-11|154.17|155.25|152.2|153.23
2018-09-12|153.3|154.07|150.87|153.01
2018-09-13|153.16|154.815|152.2|154.6
2018-09-14|154.73|155.64|152.47|153.71
2018-09-17|159.1|160.68|154.8201|155.38
2018-09-18|155.69|158.94|153.8|158.44
2018-09-19|158.63|158.63|154.0486|155.21
2018-09-20|155.45|156.4|154.39|155.97
2018-09-21|156.59|158.131|154.63|156.99
2018-09-24|156.79|157.78|156.03|157.34
2018-09-25|157.55|159.08|157.08|158.41
2018-09-26|157.75|159.88|156.77|158.96
2018-09-27|160|161.5|158.66|161.24
2018-09-28|161.25|164.1399|161.25|162.49
2018-10-01|163.8|164.79|161.19|161.64
2018-10-02|162.88|163.13|160|160.2
2018-10-03|161.25|161.83|159.35|161.52
2018-10-04|160.22|161.08|156.33|157.04
2018-10-05|156.69|158.34|151.4552|153.84
2018-10-08|153.02|154.915|148.34|150.78
2018-10-09|149.84|153.45|149|150.25
2018-10-10|149.17|149.555|140.4|140.68
2018-10-11|139.29|144.91|137.68|140.51
2018-10-12|145.53|146.9|141.07|143.71
2018-10-15|146.79|146.979|142.86|144.46
2018-10-16|145.56|147.22|142.97|146.83
2018-10-17|146.98|147.77|142.75|143.57
2018-10-18|143.09|145.65|140.92|142.68
2018-10-19|143.48|144.1|136.53|136.77
2018-10-22|136.47|140.9|136.0249|139.95
2018-10-23|137.21|137.7151|133.13|137.43
2018-10-24|140.8|140.9666|134.16|134.29
2018-10-25|134.31|138.59|134|137.22
2018-10-26|134.49|136.6699|133.14|134.82
2018-10-29|136.69|139.15|133.95|135.88
2018-10-30|135.36|142.63|135.12|142.13
2018-10-31|143.75|146.6|140.66|140.73
2018-11-01|141.66|144.65|138.97|144.17
2018-11-02|145.37|145.45|140.04|142.02
2018-11-05|143.28|143.84|139.15|142.2
2018-11-06|141.83|143.6|139.92|141.13
2018-11-07|141.77|144.56|139.681|143.23
2018-11-08|143.27|143.79|140.11|142.27
2018-11-09|141.39|142|136.38|137.56
2018-11-12|137.28|138.36|134.66|135.42
2018-11-13|135.53|140.35|134.65|138.7
2018-11-14|140.87|144.07|138.375|140.13
2018-11-15|138.33|139.98|134.7|139.83
2018-11-16|138.08|138.08|134.35|134.53
2018-11-19|134.5|135.875|126.62|126.99
2018-11-20|119.45|124.95|118.52|121.39
2018-11-21|122.19|124.6251|121.865|123.88
2018-11-23|122.5|124.01|120.61|120.86
2018-11-26|122.04|125.42|121.87|123.76
2018-11-27|122.9|124.3403|121.4|122.77
2018-11-28|123.94|129.285|123.94|128.99
2018-11-29|128.03|130.4375|126.84|129.46
2018-11-30|129.25|133.26|129.25|132.55
2018-12-03|137|140.08|134.1|139.89
2018-12-04|139.5|139.58|131.325|133.62
2018-12-06|133|134.71|126.5576|131.44
2018-12-07|132|136.26|113.61|113.87
2018-12-10|113.35|116.59|112.3655|115.01
2018-12-11|117.03|119.9344|115.8|116.85
2018-12-12|120.21|123.53|118.5|122.65
2018-12-13|122.99|125.8|118.15|120.2
2018-12-14|118.43|122.15|117.61|119.12
2018-12-17|119.83|122|117.5|118.87
2018-12-18|120.02|122.41|118.38|119.2
2018-12-19|119.52|120.77|114.15|115.71
2018-12-20|114.83|118.21|111.34|115.01
2018-12-21|116.76|119.75|113.53|113.74
2018-12-24|112.21|115.885|110.71|113.26
2018-12-26|114.13|122.74|114.1|122.66
2018-12-27|120.64|124.18|118.69|123.34
2018-12-28|124.4|125.37|120.64|121.4
2018-12-31|123.12|123.34|120.56|121.61
2019-01-02|118.89|124.585|118.28|123.35
2019-01-03|121.85|126.12|120.319|124.36
2019-01-04|125.85|129.57|125.31|128.55
2019-01-07|129.33|135.1|129.33|134.1
2019-01-08|135.52|137.1752|133.67|135.86
2019-01-09|137.5|137.51|134.6401|136
2019-01-10|131.03|132.41|129.5|131.61
2019-01-11|130.97|133.15|130.57|132.16
2019-01-14|136.64|145|135.38|139.73
2019-01-15|139.36|141.65|138.51|141.13
2019-01-16|142.36|143.25|141.3682|142.24
2019-01-17|141.73|146.04|141.73|145.14
2019-01-18|147.52|152.18|147.07|152.07
2019-01-22|150.52|151.6554|148.32|149.47
2019-01-23|151.43|151.73|147.75|149.85
2019-01-24|150|150.26|147.23|148.43
2019-01-25|150|152.8104|149.2984|151.89
2019-01-28|150.34|150.77|148.62|149.7
2019-01-29|149.83|149.93|147.81|148.95
2019-01-30|150.14|150.3963|148.23|148.61
2019-01-31|148.31|148.9314|146.31|147.81
2019-02-01|147.45|147.85|144.36|146.12
2019-02-04|145.34|147.45|144.68|146.64
2019-02-05|147.55|151.57|146.6807|146.89
2019-02-06|146.96|147.2674|143.4704|145.76
2019-02-07|144.33|147.67|143.06|147.63
2019-02-08|147.13|150|147|148.62
2019-02-11|149.7|151.93|149.28|149.79
2019-02-12|150.86|157.55|150.57|157.32
2019-02-13|157.935|158.67|154.11|155.27
2019-02-14|153.51|156.42|152.35|154.85
2019-02-15|155.6|156.23|150.54|151.09
2019-02-19|149.18|149.8|145.53|147.57
2019-02-20|147.45|149.505|147.0301|148.12
2019-02-21|147.47|149.11|147.05|148.11
2019-02-22|148.7|149.36|147.5|149.26
2019-02-25|150.12|151.51|148.05|148.54
2019-02-26|148.2|151.4|148.1928|150.98
2019-02-27|150|152.15|149.0525|150.56
2019-02-28|150.18|151.23|148.5255|150.42
2019-03-01|152.56|153.95|150.1901|151.38
2019-03-04|152.1|152.89|146.46|147.78
2019-03-05|148.07|149.68|147.45|148.9
2019-03-06|149.6|150.23|147.6625|149.09
2019-03-07|148.37|148.92|146.4154|147.7
2019-03-08|146.01|146.623|141.78|142.51
2019-03-11|143|145.54|142.35|145.29
2019-03-12|145.28|146.06|142.67|145.79
2019-03-13|146.15|147.71|145.25|145.41
2019-03-14|145.09|145.09|141.01|144.18
2019-03-15|145.23|145.4757|141.55|141.79
2019-03-18|141.65|144.49|141.51|144.33
2019-03-19|144.66|146.3048|143.77|144.99
2019-03-20|145.42|145.5|142.13|144.35
2019-03-21|144.64|149.55|144.54|148.91
2019-03-22|145.73|147.63|142.24|143.21
2019-03-25|142.91|147.37|141.34|146.58
2019-03-26|148.01|148.43|142.8|143.56
2019-03-27|144.32|146.86|143.8827|146.8
2019-03-28|169.15|171.45|166.1|167.54
2019-03-29|165.91|168.3|162.95|163.87
2019-04-01|164.76|167.2|163.22|165.52
2019-04-02|165.61|166.7|164.0105|165.47
2019-04-03|165.6|167.5|163.95|166.21
2019-04-04|166.27|171.69|166.15|171.37
2019-04-05|172.04|172.9|168.8406|169.37
2019-04-08|168.78|170.4|168.36|169.77
2019-04-09|169.41|169.8|165.53|167.52
2019-04-10|168.3|169.82|166.68|167.46
2019-04-11|167.69|168.66|166.93|168
2019-04-12|168.5|170.68|167.5|169.88
2019-04-15|170.02|173.07|170.02|172.01
2019-04-16|173|173.3225|168.73|169.33
2019-04-17|169.89|171.99|167.93|171.23
2019-04-18|171.74|174.64|169.72|173.31
2019-04-22|173.2|173.66|172.04|173.02
2019-04-23|174.51|177.16|173.03|176.78
2019-04-24|177.79|179.495|174.41|178.27
2019-04-25|178.34|179.22|176.6132|177.29
2019-04-26|177.75|178.04|175.41|177.09
2019-04-29|176.61|178.85|176.5|177.5
2019-04-30|177.26|177.75|175.625|176.35
2019-05-01|176.23|178.2729|175.58|175.67
2019-05-02|176.65|177.75|174.81|176.55
2019-05-03|176.84|178.98|176.01|178.64
2019-05-06|175.2|178.22|174.59|177.69
2019-05-07|177|177.4999|172.1|173.98
2019-05-08|173.86|177|172.7924|175.17
2019-05-09|173.53|174.89|171.28|173.71
2019-05-10|173.51|175.11|170.0106|173.68
2019-05-13|170|171.13|166.22|167.57
2019-05-14|168.54|171.505|167.32|170.68
2019-05-15|169.82|173.75|168.85|172.88
2019-05-16|173.9|177.06|173.68|176.8
2019-05-17|176.49|176.65|172.56|173
2019-05-20|171.05|174.86|170.28|174.15
2019-05-21|174.88|177.27|174.6|176.53
2019-05-22|176|176.205|174.53|175.72
2019-05-23|173.56|174.93|169.99|170.2
2019-05-24|171.17|173.24|170.55|172.78
2019-05-28|173.11|176.04|173.02|173.55
2019-05-29|172.44|172.795|160.88|161.59
2019-05-30|161.57|165.2924|161.57|163.85
2019-05-31|161.05|165.63|160.8838|165.59
2019-06-03|165.83|167.5|162.29|163.87
2019-06-04|165.4|169.36|165.02|169
2019-06-05|170.14|173.82|169.38|173.52
2019-06-06|173.51|173.5426|169.71|170.38
2019-06-07|171.66|172.8|169.59|172.49
2019-06-10|174.34|176.38|170.98|171.35
2019-06-11|172.31|173.94|170.305|171.63
2019-06-12|171.93|173.445|169.29|170.89
2019-06-13|181.9865|182.89|172.5|174.52
2019-06-14|173.04|177.72|171.6048|176.71
2019-06-17|177.74|184.68|177.09|183.34
2019-06-18|185.57|188.802|184.445|188.03
2019-06-19|188.1|189|186.09|187.1
2019-06-20|189.2|190.52|185.37|186.5
2019-06-21|184.6|184.8|180.85|181.87
2019-06-24|182.16|184.31|181.55|182.64
2019-06-25|182.64|182.89|175.17|177.26
2019-06-26|178.08|180.74|177.03|177.31
2019-06-27|177.72|180.6862|177.09|180.11
2019-06-28|181|181.1083|178.65|180.21
2019-07-01|182.33|183.83|179.31|179.95
2019-07-02|179.95|182.7|179.59|180.86
2019-07-03|181.51|184.47|180.8|183.99
2019-07-05|183.2|183.4621|180.7|183.21
2019-07-08|181.86|186.95|181.6|186.8
2019-07-09|184.93|186.5|183.9|186.05
2019-07-10|187|187.32|183.16|183.87
2019-07-11|183.71|184.41|181.6|183.07
2019-07-12|185|190.52|184.6101|189.52
2019-07-15|189.72|191.44|186.75|189.17
2019-07-16|189.32|191.14|187.67|190.18
2019-07-17|190.33|190.96|188.99|190.38
2019-07-18|189.56|190.5|187.1|189.39
2019-07-19|190.1|190.5475|187.88|187.94
2019-07-22|189.46|189.66|186.08|187.75
2019-07-23|189|189.84|186.71|189.07
2019-07-24|189.07|192.42|189.0664|192.21
2019-07-25|192.95|193.71|190.7|191.21
2019-07-26|192.25|192.74|189.81|190.61
2019-07-29|190.67|192.34|188.68|192.09
2019-07-30|190.98|193.46|189.4641|191.77
2019-07-31|191|194.25|189.039|191.09
2019-08-01|191.28|192.15|184.07|185.45
2019-08-02|184.6|184.89|177.6|178.93
2019-08-05|173.6|176.55|172.12|174.46
2019-08-06|176.5|180.46|175.82|179.63
2019-08-07|177.44|181.59|176.0195|181.36
2019-08-08|182.6|186.88|182.26|186.35
2019-08-09|185.35|186|180.94|182.82
2019-08-12|182|182.05|177.66|178.82
2019-08-13|177.62|183.72|176.42|179.59
2019-08-14|176.05|176.855|174.01|174.68
2019-08-15|176.2|176.3484|172.4355|175.44
2019-08-16|177.51|179.54|176.18|177.83
2019-08-19|179.95|181.03|177.37|178.67
2019-08-20|178.84|180.6|177.24|179.67
2019-08-21|182|183.53|179.905|183.33
2019-08-22|183.88|185.12|180.78|183.97
2019-08-23|183|184.12|178.83|180.03
2019-08-26|182.98|182.98|180.1608|182.35
2019-08-27|182.95|183.8|179.8|180.11
2019-08-28|179.25|183.0798|178.53|182.7
2019-08-29|184.83|187.1999|184.16|186.06
2019-08-30|187.48|187.7405|182.585|184.67
2019-09-03|183.53|184.26|178.26|179.54
2019-09-04|180.65|181.86|179.99|180.7
2019-09-05|184|188.95|183.875|188.41
2019-09-06|197.79|204.44|197.75|203.14
2019-09-09|203.51|203.76|194.06|194.39
2019-09-10|194.29|194.29|190.9|193.26
2019-09-11|193.02|198.78|192|196.41
2019-09-12|198.17|201.55|196.88|198.73
2019-09-13|198.8|199.4199|194.86|195.18
2019-09-16|194.16|194.91|192.12|193.7
2019-09-17|193.5|197.33|193.38|195.47
2019-09-18|195.46|197.16|192.65|195.36
2019-09-19|195.7|196.06|193.17|193.61
2019-09-20|194.08|196.04|189.18|189.3
2019-09-23|190.7|195.87|190.7|195.18
2019-09-24|196.45|196.79|190.7354|193.85
2019-09-25|193.94|195.1|190.57|193.02
2019-09-26|192.36|193.93|189.64|191.54
2019-09-27|192.68|192.96|188.55|189.72
2019-09-30|190.32|193.41|190.05|192.53
2019-10-01|193.41|194.07|191.32|192.69
2019-10-02|190.92|191.75|187.12|189.13
2019-10-03|188.76|190.3|185.36|190.15
2019-10-04|190.45|193.43|189.945|193.12
2019-10-07|191.92|193.4|190.81|191.66
2019-10-08|190.06|194.24|188.94|191.37
2019-10-09|193.85|194.5|192|192.16
2019-10-10|192.28|198.22|191.6125|198.13
2019-10-11|199.55|202.98|199.55|201.62
2019-10-14|201.89|205.11|201.24|203.04
2019-10-15|203.4|205.4|202.311|203.89
2019-10-16|202.36|203.93|201.67|203.08
2019-10-17|204.8|205.65|204.23|204.96
2019-10-18|203.7|209.02|203.31|207.11
2019-10-21|207.16|207.6458|203|205.28
2019-10-22|206.42|207.17|203.96|204.4
2019-10-23|204.05|206.42|203.5|205.46
2019-10-24|205.22|206.88|204.91|206.84
2019-10-25|206.35|208.06|205|208
2019-10-28|203.9|207.53|203|205.97
2019-10-29|206.13|207.48|204.66|205.58
2019-10-30|205.77|206.11|204.3|205.85
2019-10-31|205.35|207.4|203.15|204.27
2019-11-01|205.18|205.66|199.23|200.69
2019-11-04|203.89|204|194.15|196.48
2019-11-05|197|197.8899|191.21|194.34
2019-11-06|196.98|200.9|194.29|200.74
2019-11-07|202|203.55|200.9|202.82
2019-11-08|202.58|204.31|202.27|204.13
2019-11-11|203.25|207.19|202.69|207.19
2019-11-12|207.18|208.74|206.67|207.81
2019-11-13|207.59|211.31|206.96|211.11
2019-11-14|210.04|213.64|210|213.22
2019-11-15|214.31|216.05|212.26|215.91
2019-11-18|214.5|219.08|213.914|218.46
2019-11-19|217.79|219.97|216.51|216.88
2019-11-20|216.84|218.06|215.33|217.04
2019-11-21|216.98|218.9|216.51|216.74
2019-11-22|218|220|215.11|219.9
2019-11-25|222.03|226.66|222|222.16
2019-11-26|223.26|225.01|220.25|222.84
2019-11-27|223.89|229.65|223.04|228.83
2019-11-29|228.735|228.84|225.57|225.69
2019-12-02|226.25|226.9999|222.81|225.53
2019-12-03|222.57|223.99|220.9|223.19
2019-12-04|225|226.33|223.48|225.58
2019-12-05|227.5|230.82|226.28|230.79
2019-12-06|232.56|233.12|229.06|229.38
2019-12-09|232.03|233.53|230.23|230.88
2019-12-10|231.67|231.7|227.07|229.65
2019-12-11|229.9|235.4961|228|233.19
2019-12-12|226.05|228.82|218.18|224.47
2019-12-13|220.43|225.5|218.8101|223.55
2019-12-16|224.72|227.32|223.76|225.35
2019-12-17|225.83|226.44|221.455|222.98
2019-12-18|223.97|225.6|223.3|224.31
2019-12-19|223.79|224.75|222.27|224.13
2019-12-20|224.69|230.57|224.3908|230.29
2019-12-23|230.8|231.14|227.0701|228.13
2019-12-24|228.47|229.41|227.11|229.03
2019-12-26|229.39|233.4212|229.31|231.17
2019-12-27|232.56|232.79|229.76|230.02
2019-12-30|229.8|231.75|227.53|230.83
2019-12-31|231.14|232|229.67|231.67
2020-01-02|232.9|233.47|231.765|233.42
2020-01-03|231.24|234.5|230.23|232.64
2020-01-06|231.49|235.53|230.81|235.43
2020-01-07|235.5|236.85|233.34|233.7
2020-01-08|234.88|238.01|234.01|237.27
2020-01-09|239.22|239.47|235.29|235.9
2020-01-10|236.21|236.2777|233.26|234.84
2020-01-13|238.57|245.35|238.11|245.18
2020-01-14|246.28|247.51|243.45|243.77
2020-01-15|245.15|246.0429|243.39|243.49
2020-01-16|245|245.52|241.79|243.71
2020-01-17|245.51|245.73|241.15|241.25
2020-01-21|241.43|243.475|240.0005|242.52
2020-01-22|243.3|246.02|243.06|244.3
2020-01-23|242.62|244.28|241.5|243.06
2020-01-24|243.74|245.06|239.2695|240.35
2020-01-27|233.8|237.8699|231.84|236.74
2020-01-28|238.66|240.19|236.332|239.35
2020-01-29|240.32|244.33|238.77|243.66
2020-01-30|241.84|244|240.9|243.77
2020-01-31|243.48|243.5799|239.3|239.39
2020-02-03|240.18|247.7|240.18|246.37
2020-02-04|249.85|250.1|247.66|247.99
2020-02-05|249.15|249.71|243.555|243.9
2020-02-06|244.35|244.53|242.79|243.78
2020-02-07|243.77|246.89|242.17|243.51
2020-02-10|244.02|249.74|244.02|248.54
2020-02-11|249.34|252.385|248.34|251.58
2020-02-12|252.11|254.1574|250.78|253.94
2020-02-13|253.41|256.8|252.37|253.86
2020-02-14|254.68|256|253.15|254.41
2020-02-18|254.01|259.74|253.66|259.23
2020-02-19|261|263.5|259.81|262.51
2020-02-20|262.93|266.2|258.75|263.68
2020-02-21|263|265.1|253.8001|255.9
2020-02-24|245.39|247.87|235.69|246.21
2020-02-25|248.38|250.4478|237.05|238.81
2020-02-26|239.15|244.13|237.04|238.56
2020-02-27|230.44|232.48|220.21|220.7
2020-02-28|210|217.7|208.9|217.41
2020-03-02|219.19|229.21|216.486|228.9
2020-03-03|228.87|235.42|225.955|227.13
2020-03-04|231.51|232.88|221.235|231.62
2020-03-05|225.4|227.38|216.15|221.19
2020-03-06|213.26|223.35|212.235|218.55
2020-03-09|202|208.33|194.24|199.77
2020-03-10|206.37|206.99|197.1108|204.12
2020-03-11|199.39|201.49|191.39|193.74
2020-03-12|179.45|180.33|167.331|169.13
2020-03-13|175.9|176.79|162.3201|176.75
2020-03-16|155.49|155.89|138.29|138.98
2020-03-17|141.7|156.8|136.0853|144.88
2020-03-18|135.12|140.64|128.845|140.36
2020-03-19|136.33|162.7799|136.33|154.86
2020-03-20|163.51|182.53|162.6|165.01
2020-03-23|165.55|180.3565|165.05|172.3
2020-03-24|183.25|194.9|180.1|192.74
2020-03-25|195.5|202.86|192.43|193.62
2020-03-26|197.05|202.84|189.05|200.8
2020-03-27|192.5|195.55|184.0555|188.84
2020-03-30|188.5|196.96|183.03|193.94
2020-03-31|193.03|194.2015|188.19|189.55
2020-04-01|181.53|187.28|181.53|183.5
2020-04-02|182|185.5|177.77|185.49
2020-04-03|184.71|184.765|179.1|181.25
2020-04-06|188.22|195.7|185.75|194.95
2020-04-07|202.48|203.44|194.7|194.92
2020-04-08|196.8|200.5|194.33|196.01
2020-04-09|199.64|206|198.48|203.51
2020-04-13|202.76|203.44|197.66|199.27
2020-04-14|203.72|206.77|201.58|205.18
2020-04-15|200.2|208.5|199.6|207.95
2020-04-16|210|214.425|207.68|209.19
2020-04-17|215.25|226.42|213.52|225.86
2020-04-20|222.793|224.51|216.79|218.59
2020-04-21|215|216.55|206.5|206.72
2020-04-22|210.91|214.22|210.01|212.09
2020-04-23|212.39|216.72|210.42|211.64
2020-04-24|213.76|216.5|212.1|214.55
2020-04-27|217.6|227.87|216.38|226.89
2020-04-28|231.3|231.95|224.1901|224.47
2020-04-29|229.84|237.49|227.51|232.43
2020-04-30|229.72|231.55|223.48|223.48
2020-05-01|219.11|220.46|216.2|218.69
2020-05-04|215.08|218.84|213.97|218.69
2020-05-05|221.72|222|216.1835|218.21
2020-05-06|218.99|225|218.97|223.18
2020-05-07|224.53|228.59|220.57|225.99
2020-05-08|229|238.32|228.5001|237.99
2020-05-11|237.57|246.84|234.53|245.62
2020-05-12|247.07|248.75|242.34|242.6
2020-05-13|242.25|243.1|225.89|229.39
2020-05-14|226.56|237.74|225.81|237.57
2020-05-15|234.89|247.54|234.01|247.09
2020-05-18|253.7328|259.61|252.03|255.65
2020-05-19|256.89|257.38|251.03|251.41
2020-05-20|256.1|259.6|255.18|258.38
2020-05-21|259.37|268.265|257.565|267.53
2020-05-22|268.7|277.02|267.02|276.73
2020-05-26|282.55|284.92|279.31|281.41
2020-05-27|281.38|282.9|271.6|281.5
2020-05-28|281.47|291.31|277.52|284.42
2020-05-29|285.91|301.49|284.1502|300.095
2020-06-01|299.77|310.22|297.25|308.69
2020-06-02|305.51|314.87|302.0101|312.3
2020-06-03|313.06|324.7|312.5001|323.74
2020-06-04|321.5|323.52|313.5|317.42
2020-06-05|319.16|323.8|317|319.78
2020-06-08|322.06|322.625|312.73|315.3
2020-06-09|313.2|318.9|307.8|316.4
2020-06-10|318.6|324.76|316.5401|323.25
2020-06-11|314.37|321.1|306.63|308.12
2020-06-12|302.84|308.38|289.55|296.36
2020-06-15|289.17|303.25|288.61|303.05
2020-06-16|310.79|312.802|303.27|310.61
2020-06-17|313|313.83|302.57|303.69
2020-06-18|303.99|305.66|299|302.98
2020-06-19|306.98|307.01|295.29|297.38
2020-06-22|298.01|306.57|293.85|304.69
2020-06-23|308.01|310.2136|300.73|301.16
2020-06-24|299.48|303.15|290.52|295.22
2020-06-25|294.3|295.26|288.5|295.13
2020-06-26|293.8|295.1|288.11|289.53
2020-06-29|290.11|295.67|284.29|294.35
2020-06-30|305|318.3236|304.2|312.01
2020-07-01|314.5|316.99|306.355|308.62
2020-07-02|312.15|312.5917|302.4954|304.77
2020-07-06|309|316.12|308.6|314.35
2020-07-07|313.12|313.13|306.31|306.74
2020-07-08|310.88|311.25|306.575|309.88
2020-07-09|309.8|319.1099|303.68|315.2
2020-07-10|316.64|317.97|308.12|314.39
2020-07-13|316.75|321.82|304.539|305.15
2020-07-14|303.53|309.445|295.01|308.32
2020-07-15|308.5944|314|304.14|312.51
2020-07-16|308.5|315.21|306.78|313.08
2020-07-17|315.02|319.04|310.86|316.82
2020-07-20|319.14|329.85|317|326.84
2020-07-21|330.36|330.9|324.07|325.39
2020-07-22|325.89|329.484|322.534|326.72
2020-07-23|327.16|337.5673|316|320.01
2020-07-24|316.26|325.71|313.62|321.5
2020-07-27|324.28|333.18|323.04|331.55
2020-07-28|331.22|333.8799|321.91|322.64
2020-07-29|322.2|329.5|321.5|325.74
2020-07-30|322.3|325.38|316.99|323.66
2020-07-31|326.17|326.2753|319.6|325.59
2020-08-03|327.99|331.17|324.01|328.59
2020-08-04|327.93|330.39|324.3201|328.21
2020-08-05|330.94|343.59|328.265|340.42
2020-08-06|342.32|343.09|334.12|339.18
2020-08-07|339.08|343.74|336.51|342.12
2020-08-10|342.47|347.354|337.3928|344.32
2020-08-11|344.32|344.7802|334.87|335.37
2020-08-12|338|346.43|337.79|345.33
2020-08-13|349.99|354.59|346.27|350.29
2020-08-14|350.15|351.69|345.03|349.12
2020-08-17|350.49|355.82|350|354.87
2020-08-18|358.07|360.77|352.4549|358.78
2020-08-19|360.58|364.89|356.17|360.84
2020-08-20|358.18|367.94|356.3|366.42
2020-08-21|367.45|369.77|364.55|368.75
2020-08-24|372.2|377.84|369.395|376.31
2020-08-25|376.51|380.5896|372.21|378.5
2020-08-26|381.41|383.2|376.67|381.5
2020-08-27|384|384.05|373.892|374.84
2020-08-28|377|380.92|376.13|377.48
2020-08-31|377.5|379.31|372.5|375.67
2020-09-01|376.6|391.38|373.56|391.16
2020-09-02|398.11|399.8965|387.075|398.29
2020-09-03|393.39|396.83|376.37|377.87
2020-09-04|372.39|376.4|345.9703|361.41
2020-09-08|351.01|365|348.5|349.8
2020-09-09|334.83|334.92|315.25|323.93
2020-09-10|326.9|336.2798|317.67|320
2020-09-11|322.9966|322.9966|308.63|313.39
2020-09-14|315.99|317.75|311.13|313.82
2020-09-15|318.33|319|312.68|315.49
2020-09-16|316.32|317.43|309.58|309.99
2020-09-17|304.15|308.8385|301.55|303.11
2020-09-18|304.73|304.8|290.57|294.76
2020-09-21|289.65|295.68|287.21|295.56
2020-09-22|297.62|314.15|296.77|313.6
2020-09-23|325.34|331.85|313.794|316.77
2020-09-24|312.89|320.92|303.2089|315.58
2020-09-25|315.61|316.5|308.59|315.35
2020-09-28|317.88|319.2908|310.595|318.73
2020-09-29|318.74|325.2399|315.97|323.67
2020-09-30|328.8006|334.341|326.81|329.37
2020-10-01|334.01|343.2699|332.62|341.05
2020-10-02|333|339.2644|327.73|332.67
2020-10-05|334|337.97|327.026|337.87
2020-10-06|335.66|339.49|327.39|329.29
2020-10-07|333.38|339.2|333.095|338.91
2020-10-08|343.9|343.935|337.17|337.94
2020-10-09|340.81|349.35|338.4|346.46
2020-10-12|351.2|351.55|342.825|348
2020-10-13|350|359.235|348.2|356.29
2020-10-14|358.89|358.89|346.305|352.07
2020-10-15|345.12|354.73|345|353.61
2020-10-16|356.15|358.565|348.29|349.95
2020-10-19|351|352.31|336.05|336.46
2020-10-20|338.26|338.6301|329.88|330.04
2020-10-21|331.16|336.66|325.16|325.5
2020-10-22|326.53|327.365|316.48|325.67
2020-10-23|327.01|334.19|322.8222|333.92
2020-10-26|336.1|340.85|325.65|331.6
2020-10-27|332.88|337.2875|330.51|333.81
2020-10-28|330.39|333|326.26|329.51
2020-10-29|332.98|335.2|326.4201|330.15
2020-10-30|326.69|328.67|314.63|319.29
2020-11-02|321.02|324.23|307.8101|315.5
2020-11-03|317.5|328.86|312.05|327.13
2020-11-04|336.75|342.25|331.075|340.18
2020-11-05|345.21|348.51|338.25|347.18
2020-11-06|348.15|349.64|343.02|343.8
2020-11-09|351.5|353.93|326.65|326.96
2020-11-10|326.18|328.5199|311.04|322.19
2020-11-11|325.605|337.86|322.19|336.68
2020-11-12|335|338.9|328.57|329.91
2020-11-13|330.5|332.65|324.5|325.45
2020-11-16|324.02|333.76|322.17|331.77
2020-11-17|331|340.7|327.21|338.4
2020-11-18|339.81|342.59|333.85|336.93
2020-11-19|336.32|345.36|332.16|344.6
2020-11-20|342.7|349.98|340.295|345.74
2020-11-23|348.45|351.41|343.62|348.53
2020-11-24|350.57|352|344.41|349.55
2020-11-25|350|358.25|348.18|357.8
2020-11-27|361.66|365.78|358.01|365.39
2020-11-30|367.78|371.98|357.49|370.22
2020-12-01|373.21|379.6882|370.44|377.52
2020-12-02|375.6949|381.37|371.5805|372.6
2020-12-03|374.21|383.54|373.38|375.42
2020-12-04|378.87|380.245|374.36|377.06
2020-12-07|376.3|376.55|366.66|371.48
2020-12-08|372.03|375.67|367|371.07
2020-12-09|374.51|378.5|361.84|363.56
2020-12-10|367.02|370.68|359.7764|369.07
2020-12-11|366.33|366.565|343.28|344.32
2020-12-14|344|354.83|337.07|352.37
2020-12-15|355.94|360.8137|353.615|356.07
2020-12-16|357.21|363.5|351.565|363.1
2020-12-17|367|387.37|363.99|386.07
2020-12-18|387.06|387.22|373.18|378.05
2020-12-21|373.355|377.7699|369.46|373.4
2020-12-22|373.75|375|357.52|360.07
2020-12-23|363|363.99|354.91|355.13
2020-12-24|355|356.385|350.45|351.42
2020-12-28|355.185|355.185|345.5|351.36
2020-12-29|353.76|354.22|343.67|353.22
2020-12-30|355|356|349.8|350.78
2020-12-31|349.28|351.81|346.7578|348.03
2021-01-04|351.67|356.83|346.41|356.4
2021-01-05|357.89|369.441|357.375|366.5
2021-01-06|362.11|367.6|357.48|363.25
2021-01-07|366.87|374.2|364.6|367.29
2021-01-08|367.36|370.54|362.59|365.46
2021-01-11|354.13|373.0798|352.34|361.66
2021-01-12|361.6|362.2525|351.1411|356.93
2021-01-13|357.75|359.01|350.5|352.14
2021-01-14|352.3|357.59|347.51|347.73
2021-01-15|347|347.2|337.43|344.5
2021-01-19|346.49|348.55|340.1501|342.25
2021-01-20|344.91|357.13|343.81|355.12
2021-01-21|356.76|358.05|348.7964|349.22
2021-01-22|349.15|350.1657|344.42|346.37
2021-01-25|347.14|350|335|339.99
2021-01-26|340.5|340.5|328.65|330.56
2021-01-27|325.5|331.489|312.9|329.51
2021-01-28|330.8|336.5|328.7|330.24
2021-01-29|327.85|330.81|322.01|328.68
2021-02-01|329.38|334.22|324.4|333.47
2021-02-02|335.82|344.33|334.67|343.92
2021-02-03|344.99|345|331.52|332.39
2021-02-04|335.34|340|334.35|338.59
2021-02-05|340.2|340.2|332.91|334.08
2021-02-08|335.95|342.43|334.12|339.71
2021-02-09|336.65|342.33|334.15|340.69
2021-02-10|341.2|344.91|338.01|341.39
2021-02-11|344.72|347|340.86|345.89
2021-02-12|345.01|345.67|339.25|342.86
2021-02-16|344.19|345|339.23|339.85
2021-02-17|338.07|338.59|331.19|337.52
2021-02-18|334.85|338.42|325.75|336.83
2021-02-19|337|338.19|331.12|332.23
2021-02-22|328.81|328.81|319.3119|321.49
2021-02-23|315.77|325.51|304.87|322.85
2021-02-24|318.79|321.18|312.51|317.7
2021-02-25|316.2|326.1894|308.575|310.12
2021-02-26|312.35|316.58|306.3993|311.68
2021-03-01|313.09|317.35|312.11|314.83
2021-03-02|316.51|321.25|312.1044|317.47
2021-03-03|313.69|315.7544|295.68|295.99
2021-03-04|296.41|299.28|280.4835|285.14
2021-03-05|290.45|293.82|269.2801|293.24
2021-03-08|291.17|295.87|288.05|288.94
2021-03-09|296.95|304.85|294.78|298.35
2021-03-10|302.07|311.41|299.19|309
2021-03-11|313.53|315.34|308.74|310.34
2021-03-12|304.46|307.7|299.01|306.08
2021-03-15|306.73|314.565|304.1656|314.32
2021-03-16|315.55|316.8896|305.7|308.75
2021-03-17|303.89|316.59|303.89|315.22
2021-03-18|311.17|316.2|305.28|306.35
2021-03-19|305.37|312.48|303.51|308.71
2021-03-22|309.59|316.52|308.76|313.6
2021-03-23|314.22|321.3|312.9001|314.03
2021-03-24|316.3|319.7|306.68|307.31
2021-03-25|303.56|307.85|298.54|306.21
2021-03-26|302.6096|314.15|302.48|314
2021-03-29|317.4611|319.8|310.25|316.16
2021-03-30|314.52|320.5799|311.44|317.09
2021-03-31|307.65|311.6859|300.05|306.71
2021-04-01|308.29|308.792|300.32|301.07
2021-04-05|302.86|302.86|295.89|298.75
2021-04-06|300.38|309.33|298.0201|308.52
2021-04-07|306.87|311.32|304.75|306.04
2021-04-08|309.97|313.88|308.11|312.56
2021-04-09|311.45|319.3|310.6|318.12
2021-04-12|317.78|324.26|314.36|323.87
2021-04-13|322.67|324.42|318.57|324
2021-04-14|323.86|325|321.22|323
2021-04-15|324.54|328.4|323.4|325.83
2021-04-16|325.51|325.73|321.51|324.1
2021-04-19|321.475|324.97|321.475|322.27
2021-04-20|322.8|323.65|314.83|316.29
2021-04-21|316.9|326.68|316.7|326.68
2021-04-22|326.18|338.88|326.18|338.75
2021-04-23|338.61|342.46|336.71|340.98
2021-04-26|340.61|341.12|334.84|337.8
2021-04-27|338|341.4754|336.2|339.28
2021-04-28|339.27|342|335.59|338.06
2021-04-29|340.84|347|339.17|342.9
2021-04-30|342.86|344.453|334.99|335.27
2021-05-03|336.47|337.02|332.76|335.38
2021-05-04|330|331.99|321.88|324.9
2021-05-05|326.86|330.74|321.02|322.09
2021-05-06|320.5|323.77|317.29|321.28
2021-05-07|322.03|331.5497|322.03|330.24
2021-05-10|330|331.645|324.15|324.26
2021-05-11|318.69|323.77|316.4|322.04
2021-05-12|317.02|321.7|304.3|305.21
2021-05-13|307.78|311.04|304|307.93
2021-05-14|309.42|316.775|309|314.65
2021-05-17|311.5|314.65|309.12|314.54
2021-05-18|314.3|316.58|310.7878|312.03
2021-05-19|307.46|310.92|304.38|310.31
2021-05-20|310.91|320.04|310.72|319.17
2021-05-21|322.87|322.87|310.4118|313.2
2021-05-24|315.24|320.4|313.495|318.19
2021-05-25|320.84|324.55|318.815|324.11
2021-05-26|325.91|330.03|324.37|329.76
2021-05-27|327.52|331.4|323.72|328.11
2021-05-28|330.52|330.52|323|323.13
2021-06-01|322.44|323.39|315.9|318.62
2021-06-02|319.91|321.71|315.79|320.78
2021-06-03|318.63|320.92|313.06|317.36
2021-06-04|321.86|331.03|318.5|329.52
2021-06-07|330.53|338.2|330.11|331.61
2021-06-08|334.87|335.49|328.33|331
2021-06-09|331.09|331.769|325.6|327.22
2021-06-10|329.02|332.76|327.505|329.8
2021-06-11|331.1|338.69|329.5375|338.3
2021-06-14|340.77|347.24|335.2001|337.62
2021-06-15|336.39|336.572|333.4158|335.19
2021-06-16|337.52|339.14|333.47|337.26
2021-06-17|335.15|351.1|334.5|349.4
2021-06-18|346.21|351.259|343.49|347.57
2021-06-21|348.17|354.49|345.715|352.29
2021-06-22|352.28|360.25|352.05|359.11
2021-06-23|358.26|362.17|357.02|359.4
2021-06-24|362.84|364.96|361.17|361.91
2021-06-25|365|371|361|363.69
2021-06-28|365.06|367.79|363.52|363.79
2021-06-29|363.79|368.32|363.15|366.66
2021-06-30|366.34|367.25|364.4907|364.97
2021-07-01|363.79|366.51|361.51|364.23
2021-07-02|365.87|369.55|365.51|368.47
2021-07-06|369.95|372.41|364.74|371.37
2021-07-07|374|378|371.26|377.82
2021-07-08|370.6848|375.15|368.68|373.53
2021-07-09|373.91|378.425|372.77|377.42
2021-07-12|375.93|378|366.58|368.91
2021-07-13|367.04|372.62|365.875|370.77
2021-07-14|377.34|385.9|375.825|376.99
2021-07-15|379.61|380.82|370.38|376.17
2021-07-16|376.41|378.5|370.98|371.69
2021-07-19|367.78|373.72|364.51|373.04
2021-07-20|375.27|387.9174|373.56|383.3
2021-07-21|383.2|386.3661|380.5|383.62
2021-07-22|383.75|397.5|383.75|395.85
2021-07-23|394.99|405.95|394.13|402.79
2021-07-26|402.57|405.935|392.535|395.44
2021-07-27|394.27|394.27|385.735|391.43
2021-07-28|392.35|394.77|389.13|393.09
2021-07-29|394.54|406.24|394.315|402.87
2021-07-30|399.14|403.21|397.83|400.17
2021-08-02|402.77|406.21|399.58|402.65
2021-08-03|402.76|409.2505|402.76|407.51
2021-08-04|409|413.49|408.12|410.47
2021-08-05|411|415.34|410.63|414.39
2021-08-06|412.44|413|406.53|408.52
2021-08-09|409.09|410.6499|406.755|407.64
2021-08-10|407.33|411.54|404.575|405.87
2021-08-11|406.26|413.49|405.87|408.82
2021-08-12|407.52|410.04|406.39|408.91
2021-08-13|409|409.135|403.17|408.72
2021-08-16|406.25|407.569|400.3701|407.42
2021-08-17|403.12|403.25|388.2|392.48
2021-08-18|392.6|397.35|390.99|391.38
2021-08-19|385.5|399|384.36|396.49
2021-08-20|395.92|398.2|391.58|397.83
2021-08-23|398.57|406.32|396.56|404.36
2021-08-24|403.5|406.83|402|405.8
2021-08-25|404.85|409.04|402.65|408.32
2021-08-26|408.54|408.54|402|404.44
2021-08-27|403.76|409.34|402.83|405.97
2021-08-30|406.44|417.85|406.41|414.52
2021-08-31|413.97|413.97|397.36|400.17
2021-09-01|400.71|401.95|393.68|395.53
2021-09-02|398.24|398.85|386.51|388.37
2021-09-03|388.27|390.77|385.12|388.33
2021-09-07|394.88|394.95|383.01|386.46
2021-09-08|384.95|386.2782|376.37|380.85
2021-09-09|433.725|434.2225|420.2733|420.71
2021-09-10|424|430.05|417.09|425.58
2021-09-13|428.31|428.31|418.99|425.12
2021-09-14|426.74|427.69|419.3901|420.5
2021-09-15|420.9415|421.02|414.09|418.95
2021-09-16|417.21|429.7999|417.21|426.44
2021-09-17|428.4|432.74|424.3|426.55
2021-09-20|418.1|425.3|412.485|419.53
2021-09-21|422.39|426.7|419.55|424.19
2021-09-22|425.12|431.28|422.01|431.18
2021-09-23|433|437.32|430|431.91
2021-09-24|427.44|433.61|424.07|432.61
2021-09-27|430.48|434.93|427.81|430.72
2021-09-28|427.89|429.45|413.7|414.54
2021-09-29|418.07|419|408.5|410.22
2021-09-30|410.28|411.3|403.32|404.7
2021-10-01|407.52|408.19|399.38|401.37
2021-10-04|401.31|401.4635|390.4157|392.57
2021-10-05|399.07|404.81|396.68|397.12
2021-10-06|392.66|400.68|392.52|398.13
2021-10-07|401.01|408.61|398.4|399.72
2021-10-08|401.41|401.755|393.72|397.22
2021-10-11|399.4|399.4|385.61|386.04
2021-10-12|388.44|389.74|383.24|384.57
2021-10-13|390.37|402.07|388.33|400.71
2021-10-14|404.48|410.679|402.08|406.99
2021-10-15|408.09|409.4058|403|403.51
2021-10-18|401.25|417.62|400.3|417.38
2021-10-19|417.64|420.58|414.315|416.64
2021-10-20|419.66|423.8999|413.66|414.4
2021-10-21|416.27|424.85|416.14|424.04
2021-10-22|422.49|424.57|418.9039|421.73
2021-10-25|423.74|430|423.03|427.94
2021-10-26|431|435|427.11|432.73
2021-10-27|432.95|438.36|428|433.7
2021-10-28|435.31|443.6|435.31|443.46
2021-10-29|446.62|467.04|446.08|466.01
2021-11-01|468|469.44|456.1|458.88
2021-11-02|461.5|470.11|460.765|464.64
2021-11-03|466.13|469.095|462.16|467.48
2021-11-04|469.93|478.66|469.02|473.94
2021-11-05|474.28|477.379|465.78|467.91
2021-11-08|471.82|471.82|456.755|466.14
2021-11-09|466.84|471.8399|465.3|470.24
2021-11-10|464.55|467.56|453.85|457.36
2021-11-11|461.5|462.91|452.51|453
2021-11-12|457.44|457.44|450.61|452.59
2021-11-15|455.75|464.6699|454.66|461.96
2021-11-16|464.51|485.825|463.73|477.91
2021-11-17|476.78|477.8|465.34|465.84
2021-11-18|469|474.06|462.05|473.24
2021-11-19|474.35|478.28|469.09|473
2021-11-22|473.43|473.43|458.2691|460.93
2021-11-23|460.71|465.3863|454.78|458.76
2021-11-24|452.51|458.39|446.58|457.86
2021-11-26|460.18|462.11|453.64|456.58
2021-11-29|458.5|466.72|455.5|463.26
2021-11-30|463.19|468.77|452.2|454.41
2021-12-01|459.55|467.98|447.96|448.43
2021-12-02|447.5|454|441.4|450.68
2021-12-03|453.43|454.94|430.67|435.72
2021-12-06|435.72|436.54|413.06|423.54
2021-12-07|434.97|442.5|431.66|434.95
2021-12-08|434.95|436.38|421.47|426
2021-12-09|426.81|427.4743|415.84|416.92
2021-12-10|410|421.39|402.32|409.58
2021-12-13|412.67|414.88|401.476|403.75
2021-12-14|398.28|399.815|391|395.09
2021-12-15|394.08|405|385.15|402.48
2021-12-16|402.48|404.43|386.45|390.62
2021-12-17|384.15|388.51|378.5|384.66
2021-12-20|382.62|382.95|366.4535|370.57
2021-12-21|376.07|385.22|375.07|383.31
2021-12-22|385.27|390.91|383.52|388.79
2021-12-23|389.01|392.53|383.47|391.56
2021-12-27|392.98|401.92|392.98|400.75
2021-12-28|405.96|406|400|400.07
2021-12-29|400.3|403|400|401
2021-12-30|401.52|405.4|398.5|398.69
2021-12-31|400|401.97|391.27|391.45
2022-01-03|392.2|394.49|380.61|387.56
2022-01-04|387.24|389.71|376.01|380.82
2022-01-05|381.16|381.16|362.21|362.48
2022-01-06|358.93|371.42|355.675|368.77
2022-01-07|366.04|366.99|354.32|355.21
2022-01-10|329.95|349.58|323.5001|348.43
2022-01-11|345.81|347.49|337.05|346.75
2022-01-12|348.86|354.44|345.48|352.72
2022-01-13|353.9|354.85|335.73|336.27
2022-01-14|333.5|335.48|325.73|328.98
2022-01-18|325.065|336.33|324|332.53
2022-01-19|334.38|338.1|329.02|330.95
2022-01-20|334.5|340.285|321.65|322.53
2022-01-21|321.5|324|312.66|313.02
2022-01-24|308.19|322.389|296.19|321.62
2022-01-25|313.01|315.795|305.1201|308.83
2022-01-26|313.5|319.76|299.17|302.76
2022-01-27|307.84|312.43|304.45|306.52
2022-01-28|303.26|316.335|301.6|315.91
2022-01-31|317.34|334.08|316.4064|333.76
2022-02-01|335.48|346.13|333.39|344.91
2022-02-02|348.86|353.62|344.395|349.19
2022-02-03|338.0035|345.4815|329.25|330.35
2022-02-04|329.75|339.5167|329.75|336.37
2022-02-07|336.37|338.81|327.81|332.2
2022-02-08|331.69|336.14|327.65|334.4
2022-02-09|339.21|343.57|335|339.64
2022-02-10|332.05|343.92|331.18|334.35
2022-02-11|333.21|336.1|315.63|316.72
2022-02-14|316.14|320.26|309.97|313.64
2022-02-15|320.91|322.71|315.11|318.15
2022-02-16|316.46|321.24|312.02|320.04
2022-02-17|317.46|321.15|309.5901|310.03
2022-02-18|313.24|315.42|307.01|308.66
2022-02-22|306.5708|311.5875|300.93|304.58
2022-02-23|309.2|309.52|295.17|295.24
2022-02-24|285.78|311.14|283.21|310.36
2022-02-25|310|318.42|305.29|317.58
2022-02-28|312.42|320.43|311.335|319.94
2022-03-01|321.11|326.02|313.3|315.18
2022-03-02|317.39|330.78|316.76|330.07
2022-03-03|330.66|331.5|320.5|322.84
2022-03-04|321.26|323.99|314.54|320.58
2022-03-07|322.63|324.47|301.87|302.38
2022-03-08|301.86|306.01|292.19|296.52
2022-03-09|305.92|306.79|301.22|305.82
2022-03-10|300|303.98|297.52|301.74
2022-03-11|306.13|306.13|291.375|291.55
2022-03-14|290.67|293.76|283|289.24
2022-03-15|284.13|293.01|278|289.92
2022-03-16|297.12|306.39|292.2492|305.1
2022-03-17|304.03|309.77|300.22|307.6
2022-03-18|304.91|317.53|304.75|316.93
2022-03-21|316.08|317.0257|303.5|308.22
2022-03-22|313.29|318.5|311.7101|315.03
2022-03-23|313.38|315.775|308.18|310.42
2022-03-24|310.54|317.83|306.05|317.74
2022-03-25|319|321.84|316.005|321.14
2022-03-28|320.22|334|319.86|331.78
2022-03-29|337|353.39|336.07|343.97
2022-03-30|370|389.145|358.57|376.92
2022-03-31|374.95|377|364.91|365.23
2022-04-01|364.9|369.23|362.7|367.44
2022-04-04|368.36|384.4|368.25|384.18
2022-04-05|382.68|383.77|372.28|378.99
2022-04-06|372|374.72|365|371.83
2022-04-07|369.78|380.4|368.755|379.23
2022-04-08|376.54|378.22|369.075|369.46
2022-04-11|365.56|372.41|361.11|368.74
2022-04-12|373.26|390.7599|372.46|376.16
2022-04-13|376.11|398.536|375.7936|395.03
2022-04-14|394.86|398|390.17|390.78
2022-04-18|389.35|393.635|382.4206|387.56
2022-04-19|395.88|408.4903|394.47|404.66
2022-04-20|410.32|410.7|384.87|385.4
2022-04-21|388.49|392|375.01|377.25
2022-04-22|373.73|376.51|362.66|363.66
2022-04-25|361.6|368.47|356.51|368.09
2022-04-26|364.24|366.79|352.44|352.53
2022-04-27|352.54|361.98|350.05|354.02
2022-04-28|359.35|367.32|352.085|362.43
2022-04-29|364.02|371.36|353.93|354.63
2022-05-02|354|361.44|349.63|360.84
2022-05-03|360.02|361.45|353.12|355.7
2022-05-04|352.78|365.32|345.17|364.67
2022-05-05|359.97|360.94|338.33|343.6
2022-05-06|336.26|336.75|309.53|317.05
2022-05-09|308.79|313|291|292.68
2022-05-10|301.42|307.84|288.72|302.11
2022-05-11|302.11|306.54|290.78|291.3
2022-05-12|285|302.79|281.55|294
2022-05-13|303.13|312.58|301.355|309.29
2022-05-16|302.11|308.66|300.53|304.15
2022-05-17|314.88|316.49|300.77|305.48
2022-05-18|296|296.01|268.36|272.52
2022-05-19|267.7|278.715|264.24|271.22
2022-05-20|279.89|280.86|263.2|274.04
2022-05-23|269.92|273.36|265.53|272.84
2022-05-24|266.4|267.17|253.071|257.51
2022-05-25|254.88|264.6|251.51|260.66
2022-05-26|276.43|289.47|275.49|287.48
2022-05-27|288.82|297.56|288.82|293.65
2022-05-31|296.36|298.19|289.03|292.69
2022-06-01|297.85|299.7|286.865|289.96
2022-06-02|290.55|303.24|286.7|302.58
2022-06-03|303.45|305.81|293.57|300.8
2022-06-06|305|308.415|296.6|301.62
2022-06-07|295|307.86|294.68|306.19
2022-06-08|306.55|312.899|304.3175|307.77
2022-06-09|303.81|309.44|302.13|302.3
2022-06-10|294.58|297.5|290.065|291.6
2022-06-13|280.42|282.365|273.3401|278.58
2022-06-14|280.44|284.62|276.575|280.5
2022-06-15|283.21|290.12|279.7546|285.72
2022-06-16|278.37|278.37|267.78|271.34
2022-06-17|271.27|281.23|271.15|278.13
2022-06-21|282.89|284.5|275.885|276.45
2022-06-22|274.12|280.59|271.35|277.88
2022-06-23|282.14|288.41|278|286.33
2022-06-24|289.92|295.71|288.47|293.36
2022-06-27|295.12|297.06|284.23|287.48
2022-06-28|288.37|294.06|278.16|278.56
2022-06-29|280.46|286.46|276.53|282.98
2022-06-30|277.49|279.83|271|272.61
2022-07-01|269.135|271.08|261.03|263.38
2022-07-05|263.17|283.84|258.79|283.62
2022-07-06|284.32|288.9|275.76|280.38
2022-07-07|280.33|291.87|278.23|290.72
2022-07-08|288.91|295.485|285.15|293.39
2022-07-11|281|287.2|277.1|281.76
2022-07-12|282.81|289|277.05|279.39
2022-07-13|272.89|283|271.05|280.97
2022-07-14|277.35|280.7|272.26|278.99
2022-07-15|280.89|287.63|280.6|286.41
2022-07-18|291.6|293.54|283.042|284.64
2022-07-19|290.31|296.63|286.84|296.34
2022-07-20|295.49|303.77|294.34|302.79
2022-07-21|305.3|308.25|300.16|307.36
2022-07-22|307.5|312.25|301.95|304.5
2022-07-25|306|306|298.82|301.32
2022-07-26|293.75|294.53|281.5701|283.41
2022-07-27|285.55|296.35|283.935|295.57
2022-07-28|295.57|305.157|293.36|303.85
2022-07-29|304.38|310.86|299.5|310.51
2022-08-01|308.09|314.15|305.68|310.01
2022-08-02|307.42|310.42|303.585|305.7
2022-08-03|311|316.97|308.44|315.38
2022-08-04|316.35|317.57|313.67|316.4
2022-08-05|309.3|321.42|308.77|317.8
2022-08-08|317.04|326.5|315.13|316.24
2022-08-09|314.02|314.5|303.16|306.55
2022-08-10|314|322|313.45|319.26
2022-08-11|325.84|329.1|314.56|316.98
2022-08-12|320.7|322.905|317|321.69
2022-08-15|320.18|330.47|320.135|330.34
2022-08-16|331|335.71|326.26|331.7
2022-08-17|327.53|332.5|324.51|329.8
2022-08-18|330.57|334.96|328.51|333.42
2022-08-19|328.48|329.019|321.32|322.47
2022-08-22|317.12|321.49|313.52|315.22
2022-08-23|315.35|322.55|314.69|315.93
2022-08-24|315.1|321.02|313.26|317.84
2022-08-25|319.22|323.59|317.04|323.36
2022-08-26|323.2|324.9|310.14|311.31
2022-08-29|304.98|311.97|303.66|307.5
2022-08-30|311.36|312|302.5|307.07
2022-08-31|307.96|310.49|295.54|299.96
2022-09-01|293.97|294.875|283.31|294.45
2022-09-02|326.4|329.6399|311.12|314.17
2022-09-06|313.9|328.58|312.3894|327.81
2022-09-07|329.2|339.75|324.46|336.87
2022-09-08|334.64|346.02|332.912|345.79
2022-09-09|348.45|355.586|347.5|348.65
2022-09-12|349|353.26|348.0624|352.74
2022-09-13|342.95|346.21|335.37|337.32
2022-09-14|339.04|343.37|335.39|342.92
2022-09-15|341.17|345.1|336.57|338.6
2022-09-16|331.85|336.56|330.163|333.24
2022-09-19|330.07|337.45|329.43|337.08
2022-09-20|334.08|335.67|327.8|331.57
2022-09-21|334.13|334.13|317.9001|318.12
2022-09-22|318.055|318.2799|306.02|306.3
2022-09-23|302.5|303.495|289.26|293.2
2022-09-26|292.26|300.79|291.87|294.66
2022-09-27|300.2|303.46|294.56|299.19
2022-09-28|300.1|310.89|298.54|309.34
2022-09-29|303.97|304.81|296.14|300.22
2022-09-30|285.65|287.48|277.5|279.56
2022-10-03|281.5|295.64|281.12|292.1
2022-10-04|302.13|308.97|301.67|307.8
2022-10-05|303.85|311.55|301.67|310.05
2022-10-06|308.02|316.27|308.02|310.48
2022-10-07|303.55|306.44|296.47|298.22
2022-10-10|297.64|297.64|286.55|289.85
2022-10-11|296.925|304.28|287.83|295.68
2022-10-12|298.85|302.87|292.12|295.5
2022-10-13|285.5|299.58|279.1|294.51
2022-10-14|300.27|304|286.28|288.78
2022-10-17|295.56|300.53|293.315|297.65
2022-10-18|307.74|308.88|294.26|297.76
2022-10-19|295|304.5|293.76|296.87
2022-10-20|296.72|303.93|290.2|293.13
2022-10-21|291.46|299.13|289.01|298.63
2022-10-24|299.84|299.84|287.64|297.68
2022-10-25|301.85|321.62|300.53|320.63
2022-10-26|316.78|328.81|314.1|321.33
2022-10-27|323.5|327.3|316.31|320.61
2022-10-28|314.14|329.48|312.49|328.48
2022-10-31|325|332.59|323.57|329.04
2022-11-01|335|337.14|327.08|330.36
2022-11-02|328.91|331.11|315.81|316.06
2022-11-03|315.18|322.83|310.52|318.1
2022-11-04|327.53|330.88|317.39|325.57
2022-11-07|330.42|330.42|317.595|324.25
2022-11-08|326.08|334.5399|323.57|328.5
2022-11-09|328.26|334.82|320.15|321.21
2022-11-10|338.835|354.645|338.75|353.85
2022-11-11|353.43|370.46|353|359.7
2022-11-14|354.46|360.66|351.06|352.74
2022-11-15|364.91|368.54|357.35|359.56
2022-11-16|351.65|357.42|345.77|355.76
2022-11-17|349.74|355.13|347.59|354.27
2022-11-18|358.12|359.9999|344.3|347.85
2022-11-21|344.29|351.31|340.5|349.38
2022-11-22|351.79|355.87|346.66|355.64
2022-11-23|355.38|362.105|353.08|360.53
2022-11-25|359.45|362.28|358.76|361.16
2022-11-28|361.76|368.14|361.334|363.28
2022-11-29|363.39|368.09|361.43|363.32
2022-11-30|364.57|380.87|362.65|380.31
2022-12-01|380.31|386.45|377.89|381.82
2022-12-02|375.51|386.7|375.2|385.99
2022-12-05|384.14|384.14|374.76|381.13
2022-12-06|380.6|382.08|366.39|370
2022-12-07|371.23|377.01|369.98|372.33
2022-12-08|374.99|377.2|368.44|374.51
2022-12-09|344.13|349|323.15|326.39
2022-12-12|325.24|328.5|319|328.23
2022-12-13|338|339.81|321.5|326.27
2022-12-14|326.27|337.27|326|333.33
2022-12-15|327.1|331.49|325|325.21
2022-12-16|322.07|326.5|318.19|321.24
2022-12-19|321.31|321.31|316.51|316.92
2022-12-20|315|315.5525|306.38|307.12
2022-12-21|317.91|320.425|311.56|316.74
2022-12-22|313.02|314.49|308.69|312.93
2022-12-23|310.25|312.68|309|311.54
2022-12-27|312.77|318.99|309.66|315.04
2022-12-28|313.99|315.815|307.63|308.96
2022-12-29|310.21|318.3137|310.04|316.82
2022-12-30|311.86|320.47|311.3|320.38
2023-01-03|326.88|327.34|319.46|323.38
2023-01-04|326.56|326.75|317.03|320.98
2023-01-05|320.87|328.54|316.5|325.93
2023-01-06|329.5|334.2299|326.82|329.26
2023-01-09|293.2|304.4099|289.48|298.66
2023-01-10|299.84|309.875|298.59|309.48
2023-01-11|310.76|312.41|306.9|311.96
2023-01-12|311.96|316.85|306.8601|314.99
2023-01-13|311.17|315.74|310.25|315.47
2023-01-17|314|324.19|313.15|323.82
2023-01-18|324.85|327.76|317.17|318.07
2023-01-19|316.01|316.84|306.7025|307.94
2023-01-20|307.25|314.42|304.34|312.8
2023-01-23|312.5|319.125|310|316.08
2023-01-24|304.45|311.42|302.11|311.21
2023-01-25|305.41|310.85|304.22|309.52
2023-01-26|313.27|313.4998|305.77|309.59
2023-01-27|307.81|311.69|305.18|310.85
2023-01-30|308.98|310.96|302.41|302.59
2023-01-31|303.21|307.26|301.8|306.88
2023-02-01|306.9|318.69|305.2541|315.71
2023-02-02|318.96|328.42|316.56|322.76
2023-02-03|317.5|325.1|317.5|319.42
2023-02-06|314.42|319.39|310.19|311.32
2023-02-07|311.66|319.78|305.78|319.1
2023-02-08|314.06|315.525|307.03|309.28
2023-02-09|313.43|316.53|309.23|310.45
2023-02-10|306.91|311.5|305.78|309.4
2023-02-13|311.31|317.485|309.97|317.08
2023-02-14|313.64|321.79|311.66|319.88
2023-02-15|318.06|325.269|317.666|325.23
2023-02-16|322.61|328.16|319.58|321.83
2023-02-17|318.77|322.11|315.2|320.36
2023-02-21|314.83|318.34|313.8|314.11
2023-02-22|313.77|317.535|312.35|316.52
2023-02-23|316.54|318|310.215|317.8
2023-02-24|313.33|313.33|305.82|308.1
2023-02-27|311.5|313.145|307.3575|310.3
2023-02-28|308.68|312.98|308.38|309.2
2023-03-01|309.39|311.76|303.81|309.49
2023-03-02|307.94|313.595|306.57|311.65
2023-03-03|314|317.59|311.3|316.83
2023-03-06|314.27|316.845|304.53|304.6
2023-03-07|305.73|311.4|301.53|301.81
2023-03-08|302.11|307.27|300.6501|305.87
2023-03-09|305.73|309.19|300.19|301.8
2023-03-10|302.88|302.92|294.23|296.26
2023-03-13|294.41|296.8325|288.53|292.9
2023-03-14|296.15|296.52|291.5|295.1
2023-03-15|291.02|294.29|286.575|293.23
2023-03-16|290.425|297.54|289.14|297.4
2023-03-17|294.87|297.32|289.94|294.74
2023-03-20|295.96|297.43|289.81|293.45
2023-03-21|296.53|304.75|296.455|298.81
2023-03-22|301.62|312.2|300.78|303.73
2023-03-23|308.28|312.58|304.19|308.22
2023-03-24|308.06|315.51|306.59|313.45
2023-03-27|316.3|317.87|310.4115|317.22
2023-03-28|319.61|321.25|314.22|320.31
2023-03-29|366.25|370.25|359.6401|361.04
2023-03-30|365|368.1374|356.5|358.09
2023-03-31|360.05|364.49|357.73|364.19
2023-04-03|364.19|367.52|361.735|367.4
2023-04-04|366.59|370.26|364.8|366.8
2023-04-05|367.64|371.26|362.76|364.81
2023-04-06|362.22|365.59|359.64|364.33
2023-04-10|361.47|364.67|361.1734|363.37
2023-04-11|362.75|368.94|361.8001|365.81
2023-04-12|370|370|363.11|363.54
2023-04-13|365.87|366.86|363.5|364.38
2023-04-14|364|369.14|363.86|368.25
2023-04-17|369.99|373.41|366.99|368.38
2023-04-18|372.1|373.5|369.53|372.5
2023-04-19|371.75|374.055|369.85|370.12
2023-04-20|369.53|377.84|369.07|376.71
2023-04-21|376.71|378.09|374.28|377.8
2023-04-24|378.758|384.25|377.83|381.37
2023-04-25|378.22|380.39|372.26|372.81
2023-04-26|373.78|375.21|371.86|372.94
2023-04-27|376.34|379.15|373.32|378.08
2023-04-28|377.16|380.33|375.91|379.93
2023-05-01|380.58|385.435|380.21|384.99
2023-05-02|383.18|383.8|378.25|380.75
2023-05-03|381.53|387.68|378.38|383.12
2023-05-04|383.12|384.73|381.015|382.06
2023-05-05|385.33|389.06|382.63|386.71
2023-05-08|387.99|388.9899|380.92|381.86
2023-05-09|377.11|383.37|375.93|381.44
2023-05-10|385.36|385.36|377.72|379.32
2023-05-11|378.75|379.66|376.05|377.32
2023-05-12|377.01|378.43|372.5|376.2
2023-05-15|376.6|377.9999|373.71|375.71
2023-05-16|372.16|372.8799|367.55|371.52
2023-05-17|371.3|373.24|367.35|372.22
2023-05-18|371.9|379.35|371.15|378.7
2023-05-19|375.21|375.21|365.105|368.53
2023-05-22|366.93|367.84|356.65|363.12
2023-05-23|362.4|362.99|352.45|353.86
2023-05-24|353.86|353.97|343.42|344.58
2023-05-25|343.09|346.53|340.95|342.34
2023-05-26|342.34|344.39|339.49|340.26
2023-05-30|341.02|342.945|335.36|336.64
2023-05-31|335.39|335.99|329.12|331.93
2023-06-01|330.91|334.68|326.93|328.35
2023-06-02|378.23|386.33|364.82|365.44
2023-06-05|363|363.64|355.61|356.44
2023-06-06|357.9|361.61|354.78|356.02
2023-06-07|355.09|358.4|352.54|353.93
2023-06-08|354.02|355.27|350.9|354.95
2023-06-09|355.49|360.5|354.01|360.4
2023-06-12|362.18|368.8|357.16|368.18
2023-06-13|370.25|370.53|364.43|368.36
2023-06-14|370|378.76|369.09|377.21
2023-06-15|377.21|383.195|376.1|382.63
2023-06-16|386.87|386.87|381.05|383.02
2023-06-20|383|383.83|378.76|383.49
2023-06-21|384.03|385.5|378.02|378.81
2023-06-22|376.43|379.42|375.9965|377.96
2023-06-23|374.1|377.3|372.46|374.25
2023-06-26|377.31|378.285|373.47|373.77
2023-06-27|375.29|377.5|374.16|374.52
2023-06-28|377.06|378.83|374.34|376.25
2023-06-29|378.02|379.96|369.84|370.26
2023-06-30|375.37|380.3652|374.76|378.5
2023-07-03|379.9|381.5|377.605|379.41
2023-07-05|376.33|381.15|374.1001|375.99
2023-07-06|370|373.485|366.01|367.03
2023-07-07|366|367.9|363.255|363.74
2023-07-10|364.72|372.875|364.29|369.52
2023-07-11|371.44|380.09|371.3801|379.48
2023-07-12|383.6|384.74|378.55|383.32
2023-07-13|386.99|387.73|379.34|379.54
2023-07-14|379.73|381.78|377.515|380.41
2023-07-17|379.07|385.35|378.4|383.69
2023-07-18|384.38|385.57|379.23|385.42
2023-07-19|385|394.54|384.87|390.51
2023-07-20|386.58|390.83|381.4297|381.86
2023-07-21|384.62|388.38|381|382.96
2023-07-24|382.43|384.3543|376.81|380.39
2023-07-25|380|383.11|378.73|382.12
2023-07-26|380.93|381.54|375.796|378.98
2023-07-27|381.42|382.88|368.76|370.75
2023-07-28|375.87|378.64|374.525|377.96
2023-07-31|377.96|382.0655|377.39|378.53
2023-08-01|376.99|382.31|375.995|381.21
2023-08-02|377.46|378.58|375|376.65
2023-08-03|375.76|385.45|375|384
2023-08-04|385.41|386.47|377.43|378.2
2023-08-07|380.95|383.09|377.1901|382.5
2023-08-08|378.64|381.11|373.71|380.7
2023-08-09|382|385.995|376.63|382.33
2023-08-10|385.88|394.64|383.37|384.55
2023-08-11|382.98|383.595|377.74|381.13
2023-08-14|380|387.4305|379.53|385.02
2023-08-15|383|385.45|378.01|383.18
2023-08-16|384.78|389.78|381.08|381.16
2023-08-17|383.85|384.0199|376.04|376.3
2023-08-18|372.59|382.65|371.4535|381.29
2023-08-21|382.95|385.74|381.3438|384.9
2023-08-22|380.6|381.53|373.54|379.42
2023-08-23|374.96|379.33|368.8301|377.71
2023-08-24|379.41|379.41|359.81|360.22
2023-08-25|362.06|367.39|360.42|365.59
2023-08-28|367.09|367.99|362.97|365.84
2023-08-29|365.01|375.87|363.345|374.73
2023-08-30|378.87|379|373.5|376.73
2023-08-31|379.27|382.89|378.5|381.26
2023-09-01|393|406.75|385.11|404.19
2023-09-05|400|406.94|397.28|401.81
2023-09-06|400.71|404.47|396.765|399
2023-09-07|397.52|400.835|396.01|398.99
2023-09-08|401.05|401.375|395.51|396.36
2023-09-11|396.36|399.305|392.77|397.44
2023-09-12|396.27|400.4299|387.18|388.12
2023-09-13|386.67|392.9849|385.56|388.97
2023-09-14|394.18|394.18|384.31|388.74
2023-09-15|388.9|390|383.6712|389.93
2023-09-18|391.7|391.99|381.68|382.81
2023-09-19|382.65|386.435|379.42|384.45
2023-09-20|389.15|397.99|387.88|391.88
2023-09-21|387.44|390.48|383.75|383.9
2023-09-22|387.5|391.71|386.38|388.05
2023-09-25|386.02|387.5|378.11|384.33
2023-09-26|380.63|384.72|378.29|380.66
2023-09-27|382.21|384.29|377.04|379.14
2023-09-28|381.55|382.15|375.62|379
2023-09-29|387.35|389.96|382.202|385.61
2023-10-02|384.6|388.87|380.88|382.86
2023-10-03|378.84|381.53|365.175|368.34
2023-10-04|367.76|372|366.985|370.1
2023-10-05|367.495|367.495|360.2|360.36
2023-10-06|360|368.78|354.66|367.22
2023-10-09|366.9|372.87|363.57|372.64
2023-10-10|372.64|378.84|371.44|373.03
2023-10-11|374|375.96|368.24|373.36
2023-10-12|374.9|374.9|366.99|373.94
2023-10-13|375|384.595|374.4|377.69
2023-10-16|402.24|419.01|401.835|416.64
2023-10-17|415|419.86|412.19|412.94
2023-10-18|412.02|417.2|404.77|405.61
2023-10-19|407.01|408.21|394.58|396.19
2023-10-20|397.43|398.13|389|395.82
2023-10-23|394.92|406.81|392.08|402.46
2023-10-24|405.61|405.61|398.335|403.37
2023-10-25|401|403.8162|396.12|396.7
2023-10-26|393.18|394.04|386|388.62
2023-10-27|390|392.205|384.37|386.82
2023-10-30|388.44|393.265|387.75|391.75
2023-10-31|391.75|395.7|389.01|393.48
2023-11-01|393.31|395.81|385.26|395.29
2023-11-02|398.91|404.87|398.7|403.5
2023-11-03|408.78|412.03|406.27|407.93
2023-11-06|411.5|412.2735|404.505|407.95
2023-11-07|409.9|414.48|406|413.69
2023-11-08|415|415.15|409.32|409.64
2023-11-09|410.75|410.75|404.69|406.58
2023-11-10|407.51|413.9|404.89|413.67
2023-11-13|410.48|418.61|409.8|416.98
2023-11-14|422.66|431.1|421.69|430.33
2023-11-15|433.09|437.055|431.4452|432.19
2023-11-16|430.67|431.5|416.551|420.28
2023-11-17|425.22|425.665|421.04|422.44
2023-11-20|423.89|429.59|422.775|428.58
2023-11-21|426.65|431.92|425.75|430.37
2023-11-22|430.82|435.065|428.19|428.63
2023-11-24|428.3|432.27|426.3501|431.76
2023-11-27|430.05|437.81|430.05|435.67
2023-11-28|435.57|436.66|427.09|427.73
2023-11-29|429.2|439.76|428.595|438.35
2023-11-30|439.77|448.73|438.6|446.8
2023-12-01|447.6|467.63|447.6|466.61
2023-12-04|459.2|463.37|452.23|460.76
2023-12-05|454.76|462.27|452.525|456.93
2023-12-06|459.28|464.06|458.267|460.67
2023-12-07|460.67|466.6297|460.6|464.67
2023-12-08|455.88|493.8|448.81|489.64
2023-12-11|493.95|507.44|490|502.74
2023-12-12|503|504.4|495.68|503.65
2023-12-13|502.83|508.43|494.09|504.5
2023-12-14|505.06|505.63|487.19|489.3
2023-12-15|486.46|492.19|483.81|491.46
2023-12-18|490.01|501.72|488.42|501.63
2023-12-19|503.58|509.33|502.825|506.86
2023-12-20|504.51|511.6|503.95|505.15
2023-12-21|507.86|511.27|505.51|511.03
2023-12-22|502.6|510.48|502.22|510
2023-12-26|513.24|513.5|505.52|506.32
2023-12-27|506|509.88|505.525|508.81
2023-12-28|510.46|512.48|508.27|509.22
2023-12-29|509.87|516.39|508.46|511.29
2024-01-02|508.57|508.92|502.15|505.38
2024-01-03|501.885|503.95|496.69|498.02
2024-01-04|496.9|502|495.01|496
2024-01-05|495.92|499.21|490.69|491.1