2018-08-01|48.055|48.91|48|48.81
2018-08-02|48.5|49.52|48.2|49.48
2018-08-03|49.5|49.78|49.1701|49.63
2018-08-06|48.77|49.31|48.32|49.3
2018-08-07|49.43|49.83|49.41|49.7
2018-08-08|49.6|50.13|49.44|49.96
2018-08-09|49.86|50.6|49.72|50.14
2018-08-10|48.51|49.17|48.3|48.85
2018-08-13|48.92|49.24|48.38|48.45
2018-08-14|48.67|48.76|47.65|48.12
2018-08-15|47.78|48|46.9|47.46
2018-08-16|47.75|47.95|47.05|47.17
2018-08-17|47|47.39|46.33|47.1
2018-08-20|47.05|47.12|46.19|46.5
2018-08-21|46.66|47.85|46.64|47.62
2018-08-22|47.25|47.35|46.92|47.05
2018-08-23|46.86|47.17|46.71|46.98
2018-08-24|47.29|47.89|47.08|47.66
2018-08-27|48|48.39|47.63|48.35
2018-08-28|48.55|48.79|48.31|48.57
2018-08-29|48.7|48.86|48.4|48.75
2018-08-30|48.52|48.83|48.09|48.24
2018-08-31|47.96|48.56|47.92|48.43
2018-09-04|48.38|48.4267|47.5601|47.96
2018-09-05|47.75|48.12|47.47|47.72
2018-09-06|47.76|47.96|47.21|47.26
2018-09-07|46.91|47.48|46.36|46.45
2018-09-10|46.56|46.76|46.23|46.3
2018-09-11|46|46.03|44.89|44.93
2018-09-12|44.56|44.98|44.06|44.93
2018-09-13|45.68|45.85|45.11|45.57
2018-09-14|45.78|45.965|45.35|45.54
2018-09-17|45.29|45.9|45.19|45.42
2018-09-18|45.58|46.53|45.41|46.1
2018-09-19|46.09|46.44|45.89|46.15
2018-09-20|46.78|47.36|46.52|47.2
2018-09-21|47.12|47.419|46.37|46.66
2018-09-24|46.31|47|46.15|46.91
2018-09-25|46.22|46.39|45.8|45.91
2018-09-26|46.04|46.3|45.58|45.7
2018-09-27|45.91|46.165|45.73|45.88
2018-09-28|45.62|47.75|45.46|47.29
2018-10-01|46.79|47.22|46.2|46.45
2018-10-02|47.51|48.88|47.32|48.1
2018-10-03|48.62|49.72|48.56|48.76
2018-10-04|48.84|48.86|47.62|48.13
2018-10-05|48.23|48.34|46.66|47.03
2018-10-08|46.96|47.35|46.52|47.03
2018-10-09|47.18|47.62|46.54|46.55
2018-10-10|46.06|46.12|44.8|44.8
2018-10-11|45.15|45.61|43.73|44.23
2018-10-12|45.27|45.3429|44.23|44.88
2018-10-15|44.63|45.14|44.44|44.53
2018-10-16|44.9|46.01|44.825|45.94
2018-10-17|46|46.33|45.54|45.89
2018-10-18|45.65|45.75|44.83|44.97
2018-10-19|45.02|45.18|43.86|44
2018-10-22|44.5|45.34|44.1|45.01
2018-10-23|44.18|45.09|43.91|44.5
2018-10-24|44.16|44.36|42.36|42.42
2018-10-25|43.54|44.94|43.28|44.31
2018-10-26|45.59|46.44|44.7|45.69
2018-10-29|46.5|46.75|44.44|45.4
2018-10-30|45.53|47.88|45.46|47.76
2018-10-31|48.29|48.56|46.83|46.88
2018-11-01|46.95|48.47|46.86|48.22
2018-11-02|48.13|48.25|46.75|47.11
2018-11-05|47.34|48.25|46.92|47.97
2018-11-06|47.8|47.92|47.03|47.25
2018-11-07|47.63|48.75|47.59|48.72
2018-11-08|48.49|49.29|48.46|48.99
2018-11-09|48.79|49.025|47.87|48.11
2018-11-12|47.71|47.8|46.6|46.65
2018-11-13|46.99|48.25|46.99|47.39
2018-11-14|47.85|47.965|46.89|47.09
2018-11-15|47.01|48.24|46.72|48.11
2018-11-16|47.77|49.05|47.69|48.83
2018-11-19|48.61|49.15|47.78|48
2018-11-20|47.4|48.12|47.09|47.39
2018-11-21|47.85|47.88|47.02|47.03
2018-11-23|46.69|47.07|46.52|46.54
2018-11-26|47.27|47.46|46.7|47.45
2018-11-27|46.94|48.22|46.59|48.07
2018-11-28|47.935|48.88|47.65|48.86
2018-11-29|48.49|48.56|47.63|47.7
2018-11-30|47.95|49.32|47.56|49.31
2018-12-03|50|50.495|49.53|50.13
2018-12-04|49.52|49.6|47.675|47.75
2018-12-06|46.8|48.39|46.52|48.37
2018-12-07|47.94|48.06|46.23|46.24
2018-12-10|46.28|47.46|46.01|47.21
2018-12-11|47.9|48.59|47.13|47.38
2018-12-12|48.58|48.64|47.41|47.83
2018-12-13|48.26|48.58|47.855|48.29
2018-12-14|47.89|48.76|47.85|47.86
2018-12-17|47.86|48.41|46.66|47.08
2018-12-18|47.47|48.45|47.36|47.74
2018-12-19|47.49|47.73|45.38|45.57
2018-12-20|45.41|46.31|45.01|45.54
2018-12-21|45.75|46.65|44.8|44.84
2018-12-24|44.63|45.17|43.54|43.59
2018-12-26|44|46.2|43.51|46.19
2018-12-27|45.62|46.38|44.67|46.36
2018-12-28|46.51|47.74|46.3|46.75
2018-12-31|47.09|47.48|46.55|46.93
2019-01-02|45.96|47.47|45.77|47.08
2019-01-03|46.15|46.28|44.39|44.49
2019-01-04|45.835|47.57|45.54|47.22
2019-01-07|47.1|47.995|46.75|47.44
2019-01-08|47.8|48.03|46.78|47.74
2019-01-09|47.96|48.57|47.78|48.01
2019-01-10|47.75|48.65|47.41|48.56
2019-01-11|48.1|49.291|48.05|48.93
2019-01-14|48.46|48.83|48.3|48.35
2019-01-15|48.71|49.13|48.44|48.6
2019-01-16|48.6|48.89|48.08|48.13
2019-01-17|48|48.84|47.905|48.47
2019-01-18|49.11|49.38|48.69|49.19
2019-01-22|48.96|48.98|47.87|48.27
2019-01-23|48.41|48.8|47.52|47.94
2019-01-24|48.7|50.035|48.6|49.76
2019-01-25|46.85|47.43|45.75|47.04
2019-01-28|46.13|46.73|46.05|46.71
2019-01-29|46.78|46.97|46.33|46.54
2019-01-30|46.68|47.68|46.45|47.54
2019-01-31|46.7|47.18|46.1|47.12
2019-02-01|47.06|49.05|47.01|48.73
2019-02-04|48.62|49.24|48.24|49.22
2019-02-05|49.18|50.7159|49.18|50.01
2019-02-06|49.95|50.64|49.82|49.9
2019-02-07|49.5|49.85|48.68|49.23
2019-02-08|48.77|49.02|48.01|48.84
2019-02-11|49.02|49.32|48.58|48.77
2019-02-12|49.36|50.14|49.27|50.01
2019-02-13|50.13|50.81|50|50.47
2019-02-14|50.41|51.04|50.35|50.81
2019-02-15|51.25|51.67|51.09|51.66
2019-02-19|51.35|51.71|51.34|51.4
2019-02-20|51.63|51.73|51.06|51.39
2019-02-21|51.32|51.84|51.21|51.41
2019-02-22|52.7|52.975|52.055|52.49
2019-02-25|53.06|53.61|52.86|53.1
2019-02-26|53.01|53.37|52.91|53.23
2019-02-27|52.76|53.38|52.51|53.24
2019-02-28|52.92|53.18|52.81|52.96
2019-03-01|53.44|53.68|52.89|53.3
2019-03-04|53.75|54.1|53.205|53.94
2019-03-05|53.85|53.99|53.11|53.68
2019-03-06|53.63|53.65|52.94|52.95
2019-03-07|52.77|52.985|52.36|52.6
2019-03-08|51.97|52.56|51.7|52.48
2019-03-11|52.88|53.65|52.57|53.35
2019-03-12|53.34|53.96|53.175|53.57
2019-03-13|54|54.57|53.65|54.37
2019-03-14|54.3|54.45|53.33|53.44
2019-03-15|53.68|54.69|53.68|54.33
2019-03-18|54.42|54.505|53.87|54.1
2019-03-19|54.47|54.645|54|54.17
2019-03-20|54.06|54.4|53.61|53.82
2019-03-21|53.92|54.99|53.84|54.64
2019-03-22|54.4|54.615|53.21|53.26
2019-03-25|52.97|53.545|52.375|52.78
2019-03-26|53.32|53.77|53.04|53.44
2019-03-27|53.59|53.86|52.94|53.16
2019-03-28|53.25|53.44|52.77|53.11
2019-03-29|53.8|54.04|53.48|53.7
2019-04-01|54.34|54.57|54.1|54.51
2019-04-02|54.53|54.8|54.225|54.36
2019-04-03|55.03|55.99|54.89|55.48
2019-04-04|55.27|56.14|55.27|55.92
2019-04-05|55.75|55.95|54.87|55.6
2019-04-08|55.28|55.74|55.2|55.68
2019-04-09|55.35|55.43|54.9|55.32
2019-04-10|55.32|55.86|55.32|55.75
2019-04-11|55.76|56.07|55.63|55.8
2019-04-12|56.21|56.49|55.84|56.42
2019-04-15|56.46|56.555|55.92|56.28
2019-04-16|56.66|57.47|56.07|56.71
2019-04-17|58.44|59.59|58.12|58.56
2019-04-18|58.71|58.88|58.1238|58.49
2019-04-22|58.15|58.83|57.88|58.82
2019-04-23|58.89|58.98|58.5|58.78
2019-04-24|58.52|59.2899|58.14|58.72
2019-04-25|58.3|58.38|57.23|57.61
2019-04-26|52.74|53.09|51.52|52.43
2019-04-29|52.17|52.43|51|51.11
2019-04-30|51|51.43|50.87|51.04
2019-05-01|51.1|51.6|50.74|50.76
2019-05-02|50.8|51.325|50.12|50.55
2019-05-03|51.08|51.82|50.73|51.75
2019-05-06|50.25|51.28|50.19|51.22
2019-05-07|50.6|50.88|49.93|50.48
2019-05-08|50.2|50.79|49.07|49.24
2019-05-09|47.9|48.29|46.05|46.62
2019-05-10|46.44|46.8|45.1|46.2
2019-05-13|45.33|45.64|44.7|44.76
2019-05-14|45.18|45.485|44.87|45.17
2019-05-15|44.92|45.75|44.76|45.62
2019-05-16|45.47|45.95|45.42|45.53
2019-05-17|45.18|45.73|44.7637|44.89
2019-05-20|44|44.52|43.4538|43.56
2019-05-21|44.34|44.78|44.175|44.46
2019-05-22|44.15|44.46|43.845|44
2019-05-23|43.37|44.74|42.86|44.53
2019-05-24|44.59|45.05|44.49|44.57
2019-05-28|44.66|44.69|43.3|43.57
2019-05-29|43.35|44.53|43.3333|44.23
2019-05-30|44.3|45.03|44.23|44.73
2019-05-31|44.18|44.79|43.93|44.04
2019-06-03|44.25|44.585|43.2|43.46
2019-06-04|44.16|44.855|43.77|44.79
2019-06-05|45.11|45.18|44.19|44.55
2019-06-06|44.75|45.17|44.505|45.1
2019-06-07|45.25|46.12|45.1|46.03
2019-06-10|46.23|47.19|46.2|46.8
2019-06-11|47.26|47.32|46.52|46.85
2019-06-12|46.67|46.67|46.25|46.32
2019-06-13|46.6|46.955|46.53|46.7
2019-06-14|45.83|46.42|45.5459|46.19
2019-06-17|46.14|46.53|45.8|46.13
2019-06-18|46.75|48|46.6|47.37
2019-06-19|47.48|47.58|47|47.07
2019-06-20|47.87|48.05|46.87|47.19
2019-06-21|46.95|47.73|46.8|47.46
2019-06-24|47.4|47.8455|47.17|47.63
2019-06-25|47.56|47.68|46.8|46.85
2019-06-26|47.65|48.48|47.56|48.19
2019-06-27|48.15|48.42|47.24|47.46
2019-06-28|47.77|48.2|47.68|47.87
2019-07-01|49.29|49.45|47.745|48.05
2019-07-02|47.91|48.22|47.69|48.12
2019-07-03|48.18|48.56|47.995|48.52
2019-07-05|48.03|48.175|47.44|48.08
2019-07-08|47.62|47.95|47.07|47.82
2019-07-09|47.36|47.8|47.13|47.75
2019-07-10|47.92|48.61|47.9|48.21
2019-07-11|48.56|48.78|48.31|48.6
2019-07-12|49|49.93|48.81|49.92
2019-07-15|50|50.25|49.7693|50.12
2019-07-16|49.91|50|48.96|49.17
2019-07-17|49.5|49.7|49.24|49.39
2019-07-18|49.28|49.99|48.89|49.94
2019-07-19|49.96|50.66|49.91|50.27
2019-07-22|50.005|51.515|49.89|51.35
2019-07-23|52|52|51.3|51.75
2019-07-24|51.98|52.97|51.8|52.92
2019-07-25|52.51|52.6|51.88|52.16
2019-07-26|52.69|53.5|51.53|51.59
2019-07-29|51.53|52.5599|50.78|52.51
2019-07-30|51.71|52.31|51.56|51.7
2019-07-31|51.51|51.72|50.05|50.55
2019-08-01|50.52|51.89|49.47|49.5
2019-08-02|49.09|49.36|48.5|48.68
2019-08-05|47.76|47.9599|46.57|46.97
2019-08-06|47.15|47.56|46.765|46.96
2019-08-07|46.3|46.88|45.97|46.73
2019-08-08|46.16|47.365|45.91|47.17
2019-08-09|46.94|47|45.78|45.98
2019-08-12|45.76|46.07|45.44|45.6
2019-08-13|45.49|47.045|45.36|46.84
2019-08-14|46.06|46.625|45.65|45.87
2019-08-15|46.1|46.18|45.435|45.7
2019-08-16|46.34|46.68|46.06|46.5
2019-08-19|47.46|47.6|47.04|47.23
2019-08-20|47.03|47.12|46.46|46.6
2019-08-21|47.11|47.29|46.8901|47.15
2019-08-22|47.28|47.43|46.69|46.78
2019-08-23|46.35|46.63|44.8|44.96
2019-08-26|45.82|45.82|45.25|45.56
2019-08-27|45.87|46.12|45.5|45.79
2019-08-28|45.7|45.91|45.37|45.79
2019-08-29|46.46|47.22|46.4|46.87
2019-08-30|47.24|47.79|47.16|47.41
2019-09-03|47.12|47.22|46.495|46.98
2019-09-04|47.56|48.95|47.54|48.92
2019-09-05|49.925|51.17|49.87|50.1
2019-09-06|50.25|50.99|50.07|50.92
2019-09-09|51.06|52.03|51.02|51.59
2019-09-10|51.33|51.84|50.825|51.82
2019-09-11|51.6|52.79|51.38|52.79
2019-09-12|53|53.33|52.065|53.01
2019-09-13|52.76|53|52.2349|52.54
2019-09-16|51.9|52.285|51.7011|52.2
2019-09-17|52.05|52.144|51.35|51.95
2019-09-18|52.13|52.13|51.16|51.74
2019-09-19|51.7|51.99|51.5|51.57
2019-09-20|51.6|51.88|50.56|50.72
2019-09-23|50.83|51.225|50.39|50.9
2019-09-24|51.1|51.18|49.64|49.82
2019-09-25|49.75|51.21|49.42|51.02
2019-09-26|50.98|51.145|50.34|50.92
2019-09-27|50.63|51.22|50.34|50.78
2019-09-30|51.19|51.595|50.9384|51.53
2019-10-01|51.97|52.24|50.43|50.76
2019-10-02|50.31|50.37|48.98|49.39
2019-10-03|49.5|50.07|48.532|50.03
2019-10-04|50.35|50.97|50.03|50.92
2019-10-07|50.7|51.23|50.56|50.62
2019-10-08|50.16|50.48|49.61|49.725
2019-10-09|50.47|50.79|50.15|50.48
2019-10-10|50.41|51.775|50.4|51.11
2019-10-11|52|52.79|51.82|52.09
2019-10-14|51.9|51.95|51.44|51.64
2019-10-15|51.93|53.07|51.83|52.65
2019-10-16|52.35|52.56|52.12|52.445
2019-10-17|52.635|52.84|51.38|51.86
2019-10-18|51.75|51.82|51.0291|51.36
2019-10-21|51.52|52.17|51.34|52.13
2019-10-22|51.9|52.32|51.8903|52.01
2019-10-23|51.37|51.96|51.2|51.72
2019-10-24|52.09|52.43|51.43|52.23
2019-10-25|54.19|56.61|53.92|56.46
2019-10-28|56.38|56.81|56.06|56.76
2019-10-29|56.37|57.24|56.24|56.34
2019-10-30|56.32|56.63|55.615|56.6
2019-10-31|56.33|56.6|55.62|56.53
2019-11-01|55.94|56.6465|55.62|56.51
2019-11-04|56.9303|57.8|56.85|57.61
2019-11-05|57.47|58.35|57.21|57.55
2019-11-06|57.49|57.71|56.98|57.6
2019-11-07|58|58.55|57.855|58.05
2019-11-08|57.85|58.3|57.31|58.27
2019-11-11|57.97|58.5|57.9|58.35
2019-11-12|58.4|58.8|58.03|58.2
2019-11-13|57.87|57.97|57.35|57.89
2019-11-14|57.61|58.04|57.57|57.81
2019-11-15|58.17|58.7|57.62|57.96
2019-11-18|57.7|58.48|57.57|58.25
2019-11-19|58.48|58.65|57.75|58.35
2019-11-20|58.26|58.36|57.3664|57.9
2019-11-21|57.49|58.3|57.41|58.22
2019-11-22|58.34|58.65|57.49|57.61
2019-11-25|58|58.84|58|58.81
2019-11-26|58.95|59.13|58.45|58.9
2019-11-27|58.53|58.59|57.905|58.51
2019-11-29|58.15|58.295|57.79|58.05
2019-12-02|58.55|58.69|57.47|57.66
2019-12-03|56.86|56.86|55.75|56.07
2019-12-04|56.66|56.66|55.86|56.02
2019-12-05|56.41|56.41|55.76|56.08
2019-12-06|56.66|56.99|56.42|56.81
2019-12-09|56.54|56.96|56.5|56.53
2019-12-10|56.71|56.83|56.44|56.59
2019-12-11|56.91|57.17|56.58|57.07
2019-12-12|56.75|58.05|56.61|57.55
2019-12-13|57.55|58.34|57.38|57.79
2019-12-16|58.21|58.57|57.65|57.7
2019-12-17|58|58.1|57.13|57.3
2019-12-18|57.39|57.455|56.94|57.17
2019-12-19|57.17|57.99|56.965|57.96
2019-12-20|58.32|59.05|57.89|58.95
2019-12-23|59.06|59.78|59.04|59.23
2019-12-24|59.25|59.48|59.16|59.41
2019-12-26|59.41|59.85|59.35|59.82
2019-12-27|59.91|60.48|59.9|60.08
2019-12-30|59.99|60.05|59.38|59.62
2019-12-31|59.62|59.93|59.36|59.85
2020-01-02|60.24|60.97|60.22|60.84
2020-01-03|59.81|60.7|59.81|60.1
2020-01-06|59.59|60.195|59.33|59.93
2020-01-07|59.78|59.8|58.89|58.93
2020-01-08|58.89|59.32|58.52|58.97
2020-01-09|59.05|59.51|58.83|59.3
2020-01-10|59.57|60.075|58.87|58.94
2020-01-13|59.17|59.775|59.08|59.59
2020-01-14|59.49|59.74|59.185|59.43
2020-01-15|59.3|59.65|58.75|58.94
2020-01-16|59.26|59.84|59.07|59.66
2020-01-17|59.98|60|59.2403|59.6
2020-01-21|59.81|61.25|59.79|60.55
2020-01-22|61.04|62.85|60.97|62.73
2020-01-23|62.86|63.705|62.81|63.32
2020-01-24|66.57|69.29|66.46|68.47
2020-01-27|66.72|67.42|65.6|65.69
2020-01-28|66.5|67.58|65.94|67.31
2020-01-29|67.63|68.06|66.17|66.33
2020-01-30|65.64|66.5|64.93|66.47
2020-01-31|65.8|65.98|63.67|63.93
2020-02-03|64.455|65.04|64.3|64.42
2020-02-04|65.77|66.06|64.92|65.46
2020-02-05|66.69|67.6|66.13|67.34
2020-02-06|67.3|67.4|66.77|67.09
2020-02-07|66.86|67.3|66.01|66.02
2020-02-10|65.56|66.4|65.44|66.39
2020-02-11|66.83|67.71|66.57|67.41
2020-02-12|67.6|68.09|67.31|67.46
2020-02-13|66.99|67.65|66.739|67.44
2020-02-14|67.52|67.865|66.82|67.27
2020-02-18|66.66|66.69|65.88|66.14
2020-02-19|66.39|67.2|66.18|67.11
2020-02-20|67.04|67.29|64.56|65.45
2020-02-21|65.18|65.25|64.04|64.34
2020-02-24|61.6135|62.77|61.32|61.76
2020-02-25|61.99|62.28|59.46|59.73
2020-02-26|60.11|60.82|59.27|59.65
2020-02-27|57.93|58.51|55.8|55.83
2020-02-28|54.3|56.38|53.6|55.52
2020-03-02|55.79|58.22|54.52|58.18
2020-03-03|58.03|59.02|55.4|55.97
2020-03-04|57.01|58.71|56.16|58.68
2020-03-05|57.06|58.66|56.61|56.96
2020-03-06|55.18|56.01|54.54|55.77
2020-03-09|51.92|52.71|50|50.85
2020-03-10|52.76|54|50.43|53.98
2020-03-11|52.39|53.54|51.01|51.66
2020-03-12|47.99|50.091|45.37|45.54
2020-03-13|48.26|55|47.74|54.43
2020-03-16|47.51|52.25|43.63|44.61
2020-03-17|45.755|51.63|45.2|50.08
2020-03-18|46.71|50.05|45.2|47.61
2020-03-19|47.84|49.23|45.16|45.94
2020-03-20|46.51|49.42|45.47|45.83
2020-03-23|46.02|50.49|45.9132|49.58
2020-03-24|53.14|54.64|51.35|52.4
2020-03-25|52.48|53.785|49.91|51.26
2020-03-26|51.74|55.95|51.66|55.54
2020-03-27|53.42|54.64|52.065|52.37
2020-03-30|52.99|56.1|52.83|55.49
2020-03-31|55.06|55.795|53.22|54.12
2020-04-01|52.5|54.69|51.43|51.88
2020-04-02|51.29|54.56|51.22|54.35
2020-04-03|53.85|55.13|52.73|54.13
2020-04-06|56.63|58.77|56.12|58.43
2020-04-07|59.94|61.49|58.21|58.4
2020-04-08|58.99|59.51|57.91|58.98
2020-04-09|59.36|59.72|56.06|57.14
2020-04-13|56.57|58.77|56.57|58.7
2020-04-14|60.0378|60.9|59.51|60.66
2020-04-15|59.74|59.83|58.385|58.87
2020-04-16|59.61|60.96|58.81|60.79
2020-04-17|62.02|62.13|59.825|60.36
2020-04-20|59.279|60.04|58.89|59.18
2020-04-21|58.11|58.6|55.93|56.36
2020-04-22|58.27|60.5|57.81|60.1
2020-04-23|59.6735|60.1|58.81|59.04
2020-04-24|56.2|59.4|56.1|59.26
2020-04-27|59.72|59.83|58.385|59.47
2020-04-28|59.99|60.22|58.26|58.75
2020-04-29|59.44|62.03|59.32|61.8
2020-04-30|61.3666|61.54|59.75|59.98
2020-05-01|58.83|59.32|57.31|57.47
2020-05-04|57.12|58.07|56.31|57.99
2020-05-05|58.79|59.3|58.35|58.75
2020-05-06|59.04|59.95|58.94|59.18
2020-05-07|59.93|60.0969|58.92|59.17
2020-05-08|59.6694|59.78|59.05|59.67
2020-05-11|59.74|60.84|59.71|60.13
2020-05-12|60.22|60.64|58.26|58.39
2020-05-13|58.45|59.23|56.9|57.74
2020-05-14|57.32|59.15|56.1|59.08
2020-05-15|57.4|58.37|56.96|58.28
2020-05-18|59.7406|60.28|59.36|59.92
2020-05-19|60.13|61.77|59.85|60.29
2020-05-20|61.16|63.489|61.02|63.1
2020-05-21|63.095|63.8|61.82|61.98
2020-05-22|61.98|62.32|61.42|62.255
2020-05-26|63.68|64.14|62.12|62.34
2020-05-27|62.32|63.59|61.07|63.56
2020-05-28|63|63.45|61.49|61.7
2020-05-29|61.9|63.66|61.62|62.93
2020-06-01|62.4851|62.66|61.66|61.86
2020-06-02|61.7|62.17|60.825|62.12
2020-06-03|62.45|62.54|61.53|61.93
2020-06-04|61.74|63.47|61.3438|62.97
2020-06-05|63.36|65.11|63.16|64.34
2020-06-08|63.97|64.15|62.94|63.67
2020-06-09|62.9935|63.71|62.9|63.04
2020-06-10|62.79|64.289|62.75|63.87
2020-06-11|63.07|63.3|59.52|59.7
2020-06-12|60.11|60.96|58.121|59.33
2020-06-15|59.33|60.36|58.58|60.1
2020-06-16|61.49|61.65|59.49|60.4
2020-06-17|60.74|61.28|60.06|60.49
2020-06-18|60.35|60.51|59.32|60.08
2020-06-19|60.65|60.89|59.1|59.62
2020-06-22|59.73|60.545|58.83|60.09
2020-06-23|60.19|60.47|59.8612|59.92
2020-06-24|59.64|59.805|58.67|59.09
2020-06-25|58.98|59.09|57.48|58.51
2020-06-26|58.49|58.73|57.07|57.5
2020-06-29|57.47|58.35|56.76|58.27
2020-06-30|58.71|59.98|58.54|59.83
2020-07-01|59.91|60.03|58.76|58.81
2020-07-02|59.19|59.81|58.97|59.13
2020-07-06|58.72|59.62|58.6|59.54
2020-07-07|59.07|59.57|58.14|58.31
2020-07-08|58.45|58.695|57.93|58.61
2020-07-09|58.2|58.745|57.7|58.42
2020-07-10|57.95|59.69|57.83|59.53
2020-07-13|59.84|60.62|58.39|58.58
2020-07-14|57.8735|59.25|57.345|58.98
2020-07-15|59.03|59.34|58.42|59.03
2020-07-16|58.54|59.36|58.4|59.14
2020-07-17|59.42|60.46|59.28|60
2020-07-20|60.08|61.38|59.34|61.15
2020-07-21|61.515|61.9275|60.44|60.7
2020-07-22|61.31|61.765|60.62|61.05
2020-07-23|61.255|61.74|59.98|60.4
2020-07-24|52.15|52.18|49.5|50.59
2020-07-27|51.03|51.14|49.465|49.57
2020-07-28|49.48|50.23|49.14|49.24
2020-07-29|49.49|49.5|47.9|48.07
2020-07-30|47.83|48.5|47.59|47.99
2020-07-31|48.13|48.3216|46.97|47.73
2020-08-03|48.27|48.6267|47.74|48.3
2020-08-04|48.6|49.14|48.5|49.13
2020-08-05|49.72|49.72|48.66|48.92
2020-08-06|48.79|48.82|48.1|48.57
2020-08-07|48.53|48.65|47.7|48.03
2020-08-10|48.2|49.39|48.06|49.22
2020-08-11|49.63|49.73|48.06|48.19
2020-08-12|48.67|49.26|48.24|49.19
2020-08-13|49.26|49.33|48.385|48.56
2020-08-14|48.73|49.21|48.65|48.89
2020-08-17|49.11|49.305|48.73|48.93
2020-08-18|49.26|49.57|48.62|48.65
2020-08-19|48.785|48.98|48.25|48.33
2020-08-20|49.81|50.2|49|49.17
2020-08-21|49.02|49.31|48.65|49.28
2020-08-24|49.26|49.4|48.82|49.14
2020-08-25|49.35|49.88|49.21|49.43
2020-08-26|49.39|49.67|49.23|49.55
2020-08-27|49.79|49.93|49.17|49.4
2020-08-28|49.57|50.8|49.46|50.43
2020-08-31|51|51.5|50.32|50.95
2020-09-01|50.91|51|50.22|50.79
2020-09-02|51.21|52.68|51.09|52.25
2020-09-03|52.5|52.62|50.135|50.39
2020-09-04|50.53|51.23|49.49|50.08
2020-09-08|49.26|49.9|48.85|48.91
2020-09-09|49.53|49.9684|49.04|49.62
2020-09-10|50|50.09|48.71|48.96
2020-09-11|49.2635|50.05|48.95|49.28
2020-09-14|48.85|49.72|48.85|49.41
2020-09-15|49.79|50.6|49.73|50
2020-09-16|50.51|51.03|50.165|50.37
2020-09-17|49.37|50.485|49.3|50.32
2020-09-18|50.33|50.5|49.04|49.89
2020-09-21|49.39|49.745|48.83|49.72
2020-09-22|49.89|50.21|49.47|49.95
2020-09-23|49.83|50.145|48.66|48.82
2020-09-24|48.53|49.64|48.42|49.16
2020-09-25|48.96|50.28|48.75|49.94
2020-09-28|50.51|51.46|50.16|51.43
2020-09-29|51.305|51.735|50.95|51.19
2020-09-30|51.24|52.38|51.15|51.78
2020-10-01|52.4|52.72|51.99|52.24
2020-10-02|51.5|51.9789|50.99|51.01
2020-10-05|51.3|51.81|51.27|51.69
2020-10-06|51.71|52.7|51.23|51.37
2020-10-07|51.85|52.9|51.79|52.67
2020-10-08|52.91|53.58|52.67|53.37
2020-10-09|53.55|53.85|52.67|52.82
2020-10-12|53.55|54.2|53.21|53.88
2020-10-13|54.27|54.29|53.62|53.83
2020-10-14|54.01|54.4|53.51|53.55
2020-10-15|52.75|53.98|52.62|53.85
2020-10-16|53.9|54.7|53.9|54.16
2020-10-19|54.47|56.23|53.84|54.58
2020-10-20|54.6|54.7|53.27|53.43
2020-10-21|53.14|54.07|52.82|53.5
2020-10-22|53.12|54.22|53.07|53.9
2020-10-23|48.35|48.665|47.66|48.2
2020-10-26|47.85|47.86|46.25|46.72
2020-10-27|45.98|46.41|45.36|45.64
2020-10-28|44.89|45.285|44.2|44.25
2020-10-29|44.24|44.47|43.9201|44.11
2020-10-30|44.1|44.795|43.61|44.28
2020-11-02|44.96|45.055|44.24|44.46
2020-11-03|44.73|45.46|44.7|44.85
2020-11-04|45.11|46.15|44.78|45.7
2020-11-05|46.15|46.38|45.525|45.68
2020-11-06|45.54|45.795|44.9|45.39
2020-11-09|46.64|47.35|45.54|45.6
2020-11-10|45.4|46.48|45.25|45.44
2020-11-11|45.9|46.455|45.86|46.35
2020-11-12|46.13|46.19|44.55|44.95
2020-11-13|44.99|45.58|44.97|45.46
2020-11-16|46.04|46.75|45.79|46.19
2020-11-17|45.75|46.12|45.405|45.53
2020-11-18|45.55|45.685|45.04|45.06
2020-11-19|44.92|45.67|44.7|45.62
2020-11-20|45.66|45.88|45.33|45.39
2020-11-23|45.48|46.21|45.45|46.06
2020-11-24|46.29|47.3|46.01|47.01
2020-11-25|47.03|47.18|46.57|47.05
2020-11-27|47.36|48.1|47.36|47.45
2020-11-30|47.42|48.5|47.265|48.35
2020-12-01|48.75|50.225|48.71|49.56
2020-12-02|49.22|50.06|49.18|49.9
2020-12-03|49.92|51.11|49.78|50.99
2020-12-04|51.06|52.65|51|51.985
2020-12-07|51|51.29|49.56|50.2
2020-12-08|49.83|50.72|49.81|50.69
2020-12-09|50.28|50.8383|49.73|50.07
2020-12-10|49.66|50.72|49.59|50.26
2020-12-11|50.14|50.14|49.115|49.73
2020-12-14|49.82|51.34|49.74|50.47
2020-12-15|50.98|51.01|50.21|50.665
2020-12-16|50.71|51.46|50.68|51.12
2020-12-17|51.15|51.32|50.22|50.65
2020-12-18|50.57|50.68|47.11|47.46
2020-12-21|46.32|46.45|45.24|46.36
2020-12-22|46.25|46.34|45.765|46.17
2020-12-23|46.165|47.03|46.07|46.57
2020-12-24|46.6|47.09|46.34|47.07
2020-12-28|47.19|47.635|46.86|47.07
2020-12-29|47.22|50.6667|46.49|49.39
2020-12-30|49.11|49.19|48.56|48.75
2020-12-31|48.75|50.19|48.72|49.82
2021-01-04|49.89|51.39|49.4016|49.67
2021-01-05|49.445|50.83|49.33|50.61
2021-01-06|50.435|52.15|50.2|51.1
2021-01-07|51.49|52.69|51.3|52.19
2021-01-08|52.45|52.53|51.27|51.65
2021-01-11|51.29|52.24|51.25|51.54
2021-01-12|51.9|53.85|51.56|53.24
2021-01-13|59.5|60.25|56.9|56.95
2021-01-14|58.45|60.14|57.84|59.25
2021-01-15|58.85|59.65|57.5|57.58
2021-01-19|57.94|58.34|57.1|57.99
2021-01-20|58.24|59.22|58.09|58.67
2021-01-21|59.038|63.95|58.2233|62.46
2021-01-22|58.85|59.62|56.65|56.66
2021-01-25|56.38|56.5|54.06|55.44
2021-01-26|55.275|56.2|54.85|55.21
2021-01-27|54.61|54.8481|53.3|53.59
2021-01-28|54.79|57.4|54.7|56.065
2021-01-29|55.98|57.16|55.355|55.51
2021-02-01|55.95|57.39|55.71|56.69
2021-02-02|57.19|58.28|56.88|58
2021-02-03|57.8943|58.33|57.38|57.68
2021-02-04|57.61|58.88|57.19|58.79
2021-02-05|59|59.08|58.12|58.18
2021-02-08|58.375|59.22|57.95|59.16
2021-02-09|58.77|59.31|57.935|58.78
2021-02-10|59.3|59.42|58.12|58.86
2021-02-11|59.095|60.99|58.86|60.66
2021-02-12|60.6|62.51|60.43|61.81
2021-02-16|62|62.87|61.7|62.47
2021-02-17|61.49|62.185|61.21|61.85
2021-02-18|60.645|61.98|60.64|61.61
2021-02-19|61.91|63.26|61.85|63.01
2021-02-22|61.88|62.7|60.66|60.71
2021-02-23|60.48|61.495|59.17|61.12
2021-02-24|60.53|63.28|60.38|63.19
2021-02-25|62.405|63.54|60.13|60.4
2021-02-26|60.89|61.69|59.68|60.78
2021-03-01|61.72|63.08|61.65|62.88
2021-03-02|62.8|63.14|61.11|61.24
2021-03-03|60.64|61.52|59.7|59.9
2021-03-04|59.83|60.235|57.905|58.33
2021-03-05|59.26|61.175|58.51|60.74
2021-03-08|60.4677|61.695|59.72|59.85
2021-03-09|61.18|63.165|60.84|62.67
2021-03-10|63.22|64.12|62.13|62.25
2021-03-11|62.94|64.09|62.39|63.31
2021-03-12|62.65|63.3|62.24|62.9
2021-03-15|63.61|63.875|62.48|63.79
2021-03-16|64.15|65.7302|64.08|64.78
2021-03-17|64.2235|66.29|63.71|65.78
2021-03-18|65.63|65.7|63.65|63.725
2021-03-19|63.18|64.99|62.92|63.76
2021-03-22|64.82|66.38|64.56|65.63
2021-03-23|66|66.05|63.17|63.48
2021-03-24|66.58|67.44|61.99|62.04
2021-03-25|61.655|62.44|60.975|62.02
2021-03-26|61.8|64.97|61.77|64.87
2021-03-29|64.0113|65.125|63.61|64.5
2021-03-30|63.77|64|63.15|63.77
2021-03-31|64.01|64.4899|63.58|64
2021-04-01|64.725|64.89|63.575|64.55
2021-04-05|64.95|66.74|64.7|66.54
2021-04-06|66.0616|66.575|65.29|65.56
2021-04-07|65.67|66.57|65.36|66.25
2021-04-08|66.97|67.29|66.36|67.05
2021-04-09|66.7976|68.4|66.63|68.26
2021-04-12|68.2|68.49|64.71|65.405
2021-04-13|65.61|65.6346|64.21|65.22
2021-04-14|65.31|65.38|63.84|64.19
2021-04-15|63.97|65.215|63.6799|65.02
2021-04-16|65.33|65.52|64.57|64.75
2021-04-19|64.7|64.74|63.07|63.63
2021-04-20|63.64|63.76|62.41|62.7
2021-04-21|62.79|63.775|62.3|63.7
2021-04-22|63.35|63.91|62.28|62.57
2021-04-23|59.16|60|57.9|59.24
2021-04-26|59.1|59.52|58.46|58.76
2021-04-27|58.555|58.63|57.77|57.97
2021-04-28|57.52|58.16|57.15|57.62
2021-04-29|57.88|58.3|57.47|58.28
2021-04-30|57.61|58.43|57.07|57.53
2021-05-03|57.855|57.8768|56.84|57.26
2021-05-04|56.88|56.98|55.81|56.9
2021-05-05|56.96|57.3|56.46|56.85
2021-05-06|56.615|57.25|56.245|57.19
2021-05-07|57.7|58.01|57.24|57.67
2021-05-10|57.1465|57.23|55.88|55.97
2021-05-11|55.05|55.63|54.3|55.04
2021-05-12|54.39|54.65|53.42|53.62
2021-05-13|54.04|54.39|53.46|54.01
2021-05-14|54.6046|55.8467|54.255|55.35
2021-05-17|55.29|55.89|54.76|55.33
2021-05-18|55.95|56.14|54.8|54.84
2021-05-19|54.07|55.43|53.8418|55.36
2021-05-20|55.57|56.24|55.36|55.95
2021-05-21|56.42|56.71|55.9801|56.08
2021-05-24|56.648|57.39|56.4|56.96
2021-05-25|57.56|57.56|56.42|56.87
2021-05-26|57.05|57.23|56.585|56.92
2021-05-27|57.11|57.88|57|57.73
2021-05-28|57.55|57.65|56.94|57.12
2021-06-01|57.61|57.82|56.59|56.89
2021-06-02|56.91|57.69|56.755|57.48
2021-06-03|56.98|57.1|56.085|56.24
2021-06-04|56.55|57.75|56.54|57.37
2021-06-07|57.41|57.44|56.775|57.09
2021-06-08|57.45|57.64|56.6|57
2021-06-09|57.36|57.475|56.97|57
2021-06-10|57.15|58.03|56.925|57.38
2021-06-11|57.47|57.94|56.95|57.85
2021-06-14|58.02|58.2|57.23|58.19
2021-06-15|58.21|58.415|57.8001|57.99
2021-06-16|58.15|58.37|56.765|57.22
2021-06-17|57.05|57.9|56.7|57.18
2021-06-18|56.68|56.75|55.1|55.67
2021-06-21|55.75|56.04|55.37|55.87
2021-06-22|55.94|56.2799|55.5049|55.87
2021-06-23|55.87|55.974|55.23|55.26
2021-06-24|55.49|56.1|55.34|56.07
2021-06-25|56.02|56.405|55.745|55.91
2021-06-28|56.36|57.725|56.34|57.48
2021-06-29|57.55|57.83|55.88|56.75
2021-06-30|56.34|56.375|55.39|56.14
2021-07-01|56.13|56.64|55.87|56.01
2021-07-02|56.55|56.99|56.32|56.76
2021-07-06|56.92|57.01|55.7|56.09
2021-07-07|56.37|56.45|55.705|55.96
2021-07-08|55.31|55.72|54.7901|55.39
2021-07-09|55.51|56.105|55.31|55.99
2021-07-12|56.26|56.755|56.11|56.73
2021-07-13|56.62|57.3|56.34|56.87
2021-07-14|57.17|57.455|56.3339|56.52
2021-07-15|56.4|56.4|55.57|55.81
2021-07-16|56.05|56.9295|54.9|54.97
2021-07-19|54.41|54.805|53.97|54.64
2021-07-20|54.915|55.56|54.2684|55.24
2021-07-21|55.18|56.28|55.01|56.23
2021-07-22|56.06|56.54|55.68|55.96
2021-07-23|54.58|54.71|52.32|53
2021-07-26|52.81|54.54|52.76|54.31
2021-07-27|53.12|53.2|52.31|53.18
2021-07-28|53.03|53.92|52.94|53.07
2021-07-29|53.48|54.1|53.32|53.7
2021-07-30|53.65|53.9|53.25|53.72
2021-08-02|53.99|54.47|53.535|53.68
2021-08-03|53.89|54.16|53.26|54.06
2021-08-04|54.25|54.44|53.7|53.9
2021-08-05|53.99|54.02|53.58|53.89
2021-08-06|53.86|54.13|53.73|53.92
2021-08-09|54.08|54.41|53.83|54.05
2021-08-10|54.24|54.385|53.51|53.94
2021-08-11|54.26|54.36|53.84|54.14
2021-08-12|54.17|54.18|53.255|53.54
2021-08-13|53.5|53.555|53.055|53.49
2021-08-16|53.23|53.49|53|53.47
2021-08-17|53.17|53.1784|52.22|52.69
2021-08-18|52.6|53.03|52.11|52.19
2021-08-19|52.0544|52.67|51.58|52.44
2021-08-20|52.16|52.38|51.42|52.01
2021-08-23|52.59|53.535|52.48|53.23
2021-08-24|53.555|53.97|53.31|53.81
2021-08-25|54.08|54.23|53.731|53.81
2021-08-26|53.745|53.745|52.9729|53.13
2021-08-27|53.36|53.94|52.92|53.89
2021-08-30|54.26|54.87|53.76|53.94
2021-08-31|54.44|54.5|53.66|54.06
2021-09-01|54.11|54.155|53.53|53.67
2021-09-02|53.8|53.89|53.35|53.73
2021-09-03|53.44|54.08|53.3193|53.51
2021-09-07|53.57|53.95|53.44|53.65
2021-09-08|53.73|53.92|52.99|53.57
2021-09-09|53.66|53.89|53.34|53.4
2021-09-10|53.85|54.98|53.81|53.84
2021-09-13|54.61|55.485|54.41|54.99
2021-09-14|55.37|55.44|54.27|54.52
2021-09-15|54.67|55.15|54.42|55.12
2021-09-16|54.86|54.95|54.24|54.83
2021-09-17|54.59|54.59|53.665|54.26
2021-09-20|53.2135|53.5|52.32|52.98
2021-09-21|53.2|53.45|52.83|52.87
2021-09-22|53.4|53.87|53|53.5
2021-09-23|53.75|54.3|53.6|54.03
2021-09-24|53.775|54.423|53.73|54.22
2021-09-27|53.94|54.87|53.82|54.66
2021-09-28|54.18|54.59|53.96|54
2021-09-29|54|54.05|53.18|53.49
2021-09-30|53.76|53.98|53.26|53.28
2021-10-01|53.645|54.105|53.05|53.86
2021-10-04|53.93|54.33|53.08|53.47
2021-10-05|53.55|54.34|53.475|53.95
2021-10-06|53.48|54.07|53.07|53.98
2021-10-07|54.319|54.985|54.12|54.18
2021-10-08|54.55|54.58|53.7|53.81
2021-10-11|53.81|54.41|53.42|53.44
2021-10-12|53.57|53.72|52.01|52.17
2021-10-13|52.38|52.5784|51.865|52.26
2021-10-14|52.895|54|52.73|53.9
2021-10-15|54.2|54.49|53.8095|54.46
2021-10-18|54.185|54.56|53.72|54.47
2021-10-19|54.6257|55.22|54.37|55.21
2021-10-20|55.25|55.485|55.08|55.37
2021-10-21|54.925|56.07|54.83|56
2021-10-22|50.39|50.55|49.14|49.46
2021-10-25|49.825|50.07|49.31|49.41
2021-10-26|49.4|49.44|47.93|48.28
2021-10-27|48.52|48.8155|47.87|47.89
2021-10-28|48.14|48.3599|47.88|48.08
2021-10-29|48.1|49.28|47.92|49
2021-11-01|49.4|49.6|49|49.55
2021-11-02|49.61|49.895|49.23|49.86
2021-11-03|49.9313|50.45|49.71|50.39
2021-11-04|50.24|50.35|49.73|50.31
2021-11-05|50.55|51.58|50.54|50.92
2021-11-08|51.46|51.99|51.06|51.55
2021-11-09|51.54|51.77|50.765|51.2
2021-11-10|50.975|51.3873|50.71|50.76
2021-11-11|51.01|51.07|50.41|50.53
2021-11-12|50.595|50.9|50.18|50.31
2021-11-15|50.41|50.63|50.12|50.32
2021-11-16|50.37|51.15|50.34|50.61
2021-11-17|50.6|50.9399|49.98|50.23
2021-11-18|50.24|50.24|48.97|49.68
2021-11-19|49.6|49.73|49.24|49.52
2021-11-22|49.55|50.85|49.41|49.83
2021-11-23|50.16|50.45|48.64|49.1
2021-11-24|48.855|49.78|48.63|49.76
2021-11-26|48.9|49.175|48.115|48.78
2021-11-29|49.3|50.13|48.72|50
2021-11-30|49.5|50.4|48.68|49.2
2021-12-01|49.84|50.3062|48.52|48.6
2021-12-02|48.61|49.7947|48.33|49.5
2021-12-03|49.675|50.06|48.76|49.25
2021-12-06|49.48|51.21|49.18|50.99
2021-12-07|54.66|55|52.21|52.57
2021-12-08|52.57|52.88|51.3838|51.75
2021-12-09|51.3|51.585|50.43|50.48
2021-12-10|50.84|51.07|50.05|50.59
2021-12-13|50.85|51.02|49.95|50
2021-12-14|49.82|50.27|49.32|49.7
2021-12-15|49.87|50.78|49.325|50.67
2021-12-16|50.74|51.4|50.575|50.83
2021-12-17|50.59|51.02|50.01|50.62
2021-12-20|49.91|50.13|48.96|49.6
2021-12-21|49.94|50.84|49.94|50.77
2021-12-22|50.64|51.02|50.21|50.97
2021-12-23|51.08|51.73|51.05|51.31
2021-12-27|51.35|52.06|51.3022|51.94
2021-12-28|51.93|52.12|51.63|51.76
2021-12-29|51.81|52.14|51.66|51.83
2021-12-30|51.92|52.14|51.65|51.74
2021-12-31|51.89|52.159|51.46|51.5
2022-01-03|51.65|53.23|51.6|53.21
2022-01-04|53.57|53.935|52.65|53.14
2022-01-05|54.188|56.17|53.83|53.87
2022-01-06|54.61|54.67|53.415|54.01
2022-01-07|54.19|54.39|53.15|53.44
2022-01-10|53.97|55.31|53.31|55.21
2022-01-11|55.5|56.08|54.73|55.91
2022-01-12|56.1363|56.28|54.81|55.74
2022-01-13|56|56.21|54.77|54.94
2022-01-14|54.85|55.77|54.53|55.7
2022-01-18|55.31|55.65|54.68|54.76
2022-01-19|54.63|54.85|53.56|53.62
2022-01-20|53.86|54.085|51.94|52.04
2022-01-21|52.08|53.1299|51.95|52.04
2022-01-24|51.48|52.1291|49.88|51.94
2022-01-25|51.01|51.62|50.25|51
2022-01-26|51.13|52.72|50.75|51.69
2022-01-27|49.98|50.06|47.78|48.05
2022-01-28|47.71|48.2|46.3|47.73
2022-01-31|47.68|48.87|47.305|48.82
2022-02-01|48.775|49.03|48.36|48.95
2022-02-02|48.245|49.58|48.09|49.51
2022-02-03|49.25|49.685|48.25|48.28
2022-02-04|47.86|48.2399|47.13|48.01
2022-02-07|48.13|48.66|47.96|48.18
2022-02-08|47.98|48.94|47.9|48.81
2022-02-09|49.33|49.97|48.825|49.91
2022-02-10|49.18|49.9325|48.76|48.86
2022-02-11|48.95|49.11|47.5|47.63
2022-02-14|47.92|48.1772|47.1101|47.58
2022-02-15|47.7|48.46|47.19|48.44
2022-02-16|48.06|48.49|47.6|48.23
2022-02-17|47.86|48.26|47.38|47.57
2022-02-18|46.19|46.21|44.51|45.04
2022-02-22|44.69|45.405|43.8501|44.69
2022-02-23|45.17|45.71|44.5514|44.65
2022-02-24|43.9|46.79|43.625|46.72
2022-02-25|46.93|47.79|46.25|47.71
2022-02-28|47|47.82|46.85|47.7
2022-03-01|47.54|47.9|46.22|46.82
2022-03-02|47.52|48.99|47.48|48.87
2022-03-03|48.18|48.55|47.6236|47.93
2022-03-04|47.37|48.265|47.37|48.07
2022-03-07|48.005|48.54|47.6|47.68
2022-03-08|47.69|48.72|46.89|47.5
2022-03-09|48.41|48.46|46.885|47.63
2022-03-10|47.29|47.31|46.155|46.66
2022-03-11|47.15|47.275|45.765|45.83
2022-03-14|45.9|45.98|44.3|44.4
2022-03-15|44.5|44.9|44.07|44.81
2022-03-16|45.3|46.63|45.27|46.63
2022-03-17|46.32|47.2873|45.73|47.14
2022-03-18|46.82|47.6|46.35|47.45
2022-03-21|47.46|47.89|47.065|47.39
2022-03-22|47.5|48.47|47.4|48.39
2022-03-23|48.46|49.58|48.0601|48.27
2022-03-24|48.66|51.65|48.59|51.62
2022-03-25|50.69|51.9783|50.45|51.83
2022-03-28|51.36|51.57|50.56|51.51
2022-03-29|52|52.29|51.275|52.25
2022-03-30|52.25|52.51|51.22|51.43
2022-03-31|51.2|51.26|49.51|49.56
2022-04-01|49.83|49.9|47.325|48.11
2022-04-04|48.17|49.23|47.915|49.2
2022-04-05|48.83|48.98|48.02|48.13
2022-04-06|47.44|48.17|47.24|47.54
2022-04-07|47.425|47.91|46.77|47.56
2022-04-08|47.28|47.58|46.845|47.02
2022-04-11|46.9|47.295|46.53|46.57
2022-04-12|47.32|47.91|46.41|46.5
2022-04-13|46.75|47.2687|46.55|47.01
2022-04-14|46.745|46.75|45.62|45.67
2022-04-18|45.53|46.89|45.52|46.64
2022-04-19|46.6|48|46.34|47.93
2022-04-20|48.36|48.75|47.975|48.11
2022-04-21|48.62|48.9|47.4|47.5
2022-04-22|47.45|47.65|46.5|46.54
2022-04-25|46.21|47.14|46.18|47.06
2022-04-26|46.69|46.84|45.51|45.52
2022-04-27|45.48|46.06|45.01|45.22
2022-04-28|45.785|47.27|45.5408|46.84
2022-04-29|44.99|45.36|43.5|43.59
2022-05-02|43.72|44.99|43.51|44.96
2022-05-03|44.79|45.49|44.23|45.06
2022-05-04|45.06|46.64|44.41|46.54
2022-05-05|45.6|45.91|44.13|44.6
2022-05-06|44.49|45.15|43.84|44.3
2022-05-09|43.81|44.2|42.87|43.07
2022-05-10|44.35|44.735|43.5|44.01
2022-05-11|44.02|44.29|42.78|42.83
2022-05-12|42.73|42.905|42.01|42.84
2022-05-13|43.42|43.84|42.97|43.6
2022-05-16|43.42|43.6099|42.785|43.08
2022-05-17|43.82|44.42|43.65|44.4
2022-05-18|43.98|43.98|42.22|42.35
2022-05-19|42.32|42.7|41.72|42.01
2022-05-20|42.245|42.29|40.31|41.65
2022-05-23|41.69|42.25|41.325|42
2022-05-24|41.698|41.89|41.1|41.67
2022-05-25|41.44|42.515|41.39|42.2
2022-05-26|42.17|43.68|42.08|43.48
2022-05-27|43.59|44.55|43.55|44.55
2022-05-31|44.25|44.75|43.645|44.42
2022-06-01|44.77|44.93|43.525|44.11
2022-06-02|44.19|44.88|43.94|44.84
2022-06-03|44.105|44.2458|43.34|43.39
2022-06-06|43.81|44.04|43.08|43.34
2022-06-07|43.06|43.59|42.66|43.53
2022-06-08|42.25|42.26|41.03|41.23
2022-06-09|41.01|41.35|40.01|40.01
2022-06-10|39.85|40.08|39.18|39.18
2022-06-13|38.55|38.81|37.67|37.77
2022-06-14|38.01|38.2|37.54|37.93
2022-06-15|38.56|39.17|37.92|38.65
2022-06-16|37.695|37.79|36.93|37.34
2022-06-17|37.48|38.12|36.6|36.97
2022-06-21|37.36|38.025|37.325|37.73
2022-06-22|37.33|37.77|37.22|37.38
2022-06-23|37.61|37.62|36.91|37.41
2022-06-24|37.845|38.64|37.74|38.61
2022-06-27|38.87|39.06|38.4701|38.63
2022-06-28|38.58|39.02|37.74|37.78
2022-06-29|37.54|37.595|37.02|37.29
2022-06-30|37.21|38|36.725|37.41
2022-07-01|37.09|37.2|35.88|36.34
2022-07-05|35.93|36.74|35.54|36.69
2022-07-06|36.82|37.425|36.46|36.99
2022-07-07|37.89|38.33|37.73|38.14
2022-07-08|37.66|38.14|37.3901|37.99
2022-07-11|37.66|37.675|37.03|37.2
2022-07-12|37.65|37.7|36.99|37.21
2022-07-13|36.68|37.4299|36.62|37.21
2022-07-14|36.99|38.155|36.29|37.71
2022-07-15|38.27|38.67|37.73|38.62
2022-07-18|39.1|39.34|38.525|38.71
2022-07-19|39.32|40.73|39.24|40.22
2022-07-20|40.21|40.67|39.56|40.56
2022-07-21|40.51|40.645|39.82|40.61
2022-07-22|40.37|40.51|38.94|39.2
2022-07-25|39.285|39.41|38.55|39.16
2022-07-26|39.1|39.565|38.88|38.96
2022-07-27|39.27|40.425|39.23|40.18
2022-07-28|40.09|40.12|39.04|39.71
2022-07-29|35.605|36.62|35.24|36.31
2022-08-01|36.05|37.69|36.05|36.96
2022-08-02|36.59|36.66|36|36.01
2022-08-03|36.09|36.59|35.26|36.52
2022-08-04|36.012|36.1|35.36|35.66
2022-08-05|35.345|35.69|35.18|35.39
2022-08-08|35.36|35.96|35.2|35.38
2022-08-09|35.22|35.3|34.4|34.52
2022-08-10|34.99|35.4|34.59|35.37
2022-08-11|35.64|36.29|35.485|35.59
2022-08-12|35.8|36.14|35.67|36.11
2022-08-15|36.1|36.43|35.71|36.34
2022-08-16|36.16|36.575|35.7|36.19
2022-08-17|35.81|36.075|35.27|35.78
2022-08-18|35.68|36.33|35.57|36.2
2022-08-19|35.8|36.025|35.19|35.38
2022-08-22|35|35.06|33.73|33.84
2022-08-23|33.98|34.39|33.91|33.95
2022-08-24|33.97|33.99|33.6|33.86
2022-08-25|33.87|34.93|33.82|34.89
2022-08-26|34.95|35.025|33.35|33.36
2022-08-29|33.225|33.41|32.81|32.94
2022-08-30|33.04|33.07|32.15|32.26
2022-08-31|32.385|32.385|31.77|31.92
2022-09-01|31.572|31.825|31.13|31.76
2022-09-02|32.21|32.375|31.06|31.22
2022-09-06|31.39|31.39|30.33|30.36
2022-09-07|30.42|30.785|30.05|30.65
2022-09-08|30.37|30.8469|29.91|30.75
2022-09-09|31.19|31.5|31.075|31.46
2022-09-12|31.735|31.86|31.1|31.56
2022-09-13|30.83|30.93|29.25|29.29
2022-09-14|29.55|29.765|29.01|29.18
2022-09-15|29.15|29.41|28.71|28.84
2022-09-16|28.7|29.32|28.42|29.24
2022-09-19|29.02|29.5|28.9|29.44
2022-09-20|29.065|29.165|28.71|28.96
2022-09-21|29.15|29.59|28.46|28.47
2022-09-22|28.4|28.5|28.04|28.07
2022-09-23|27.9|27.9|27.19|27.52
2022-09-26|27.56|27.6995|26.86|26.97
2022-09-27|27.4|27.595|26.62|26.89
2022-09-28|26.86|27.28|26.6|27.13
2022-09-29|26.78|26.78|26.185|26.38
2022-09-30|26.3|26.57|25.74|25.77
2022-10-03|26.33|27.25|26.065|26.97
2022-10-04|27.425|27.795|27.09|27.7
2022-10-05|27.365|27.84|26.89|27.64
2022-10-06|27.44|27.76|27|27.18
2022-10-07|26.17|26.275|25.651|25.72
2022-10-10|25.94|25.99|25.09|25.2
2022-10-11|25.01|25.48|24.69|25.04
2022-10-12|25.05|25.52|24.66|25.33
2022-10-13|24.725|26.835|24.59|26.42
2022-10-14|26.46|26.63|25.76|25.91
2022-10-17|26.31|26.75|26.1713|26.42
2022-10-18|26.74|26.955|25.54|25.87
2022-10-19|25.735|26.25|25.69|26
2022-10-20|26.15|26.95|25.945|26.08
2022-10-21|25.85|27.05|25.79|26.97
2022-10-24|26.75|27.48|26.52|27.18
2022-10-25|27.18|27.555|27|27.41
2022-10-26|27.19|27.8|26.99|27.21
2022-10-27|27.45|27.59|26.13|26.27
2022-10-28|28.175|29.2186|27.86|29.07
2022-10-31|29.08|29.18|28.05|28.43
2022-11-01|28.8|28.85|27.89|28.3
2022-11-02|28.27|28.85|27.41|27.42
2022-11-03|27.45|27.88|27.17|27.39
2022-11-04|27.57|28.235|27.41|28.2
2022-11-07|28.36|28.465|27.89|28.41
2022-11-08|28.755|28.95|27.93|28.48
2022-11-09|28.22|28.3|27.52|27.52
2022-11-10|28.88|29.83|28.645|29.76
2022-11-11|28.925|30.63|28.87|30.43
2022-11-14|30.34|30.99|30.18|30.35
2022-11-15|31.095|31.335|30.165|30.71
2022-11-16|30.1101|30.23|29.44|29.53
2022-11-17|29.065|29.95|29|29.89
2022-11-18|30.26|30.26|29.61|29.87
2022-11-21|29.66|29.715|28.91|28.94
2022-11-22|29.135|29.86|29.0558|29.82
2022-11-23|29.73|30.08|29.49|29.67
2022-11-25|29.68|29.68|29.335|29.34
2022-11-28|29.1|29.19|28.54|28.725
2022-11-29|28.85|29.18|28.74|28.9
2022-11-30|28.77|30.08|28.22|30.07
2022-12-01|30.24|30.48|29.52|29.83
2022-12-02|29.17|29.43|28.71|29.41
2022-12-05|29.42|29.75|28.89|29.17
2022-12-06|29.19|29.31|28.3436|28.6
2022-12-07|28.28|28.55|28.15|28.33
2022-12-08|28.32|28.6|28.065|28.44
2022-12-09|28.39|28.78|28.19|28.24
2022-12-12|28.13|28.71|27.8588|28.69
2022-12-13|29.79|30.09|28.37|28.73
2022-12-14|28.51|29.12|28.01|28.26
2022-12-15|27.94|28|27.12|27.15
2022-12-16|27|27.135|26.4522|26.92
2022-12-19|26.9|26.97|26.5|26.79
2022-12-20|26.535|26.87|26.4201|26.44
2022-12-21|26.59|26.97|26.58|26.83
2022-12-22|26.45|26.452|25.35|25.97
2022-12-23|25.92|26.19|25.6835|26.09
2022-12-27|25.845|26.1|25.65|25.94
2022-12-28|25.84|26.115|25.5|25.54
2022-12-29|25.77|26.29|25.75|26.21
2022-12-30|25.902|26.46|25.8|26.43
2023-01-03|27.045|27.07|26.37|26.73
2023-01-04|27.41|27.92|27.16|27.68
2023-01-05|27.435|27.779|27.38|27.56
2023-01-06|27.93|28.83|27.38|28.73
2023-01-09|28.84|29.865|28.84|29.31
2023-01-10|29.235|29.51|28.915|29.44
2023-01-11|29.68|29.88|29|29.85
2023-01-12|29.98|30.38|29.47|30.29
2023-01-13|29.97|30.17|29.81|30.11
2023-01-17|30.18|30.2557|29.52|29.6
2023-01-18|29.8|29.82|28.63|28.81
2023-01-19|28.61|28.755|28.24|28.42
2023-01-20|28.42|29.23|28.25|29.22
2023-01-23|29.325|30.49|29.18|30.27
2023-01-24|29.94|30.19|29.73|29.92
2023-01-25|29.52|29.885|29.17|29.7
2023-01-26|30.06|30.11|29.33|30.09
2023-01-27|27.07|28.24|26.78|28.16
2023-01-30|27.715|28.51|27.67|27.95
2023-01-31|27.78|28.29|27.53|28.26
2023-02-01|27.89|29.43|27.68|29.07
2023-02-02|29.25|30.3|28.795|30.19
2023-02-03|29.62|31.17|29.53|30.32
2023-02-06|29.55|29.65|28.61|28.69
2023-02-07|28.65|29.27|28.43|29.05
2023-02-08|28.95|29.12|28.21|28.24
2023-02-09|28.68|28.82|27.565|27.73
2023-02-10|27.63|27.99|27.335|27.8
2023-02-13|27.87|28.55|27.715|28.55
2023-02-14|28.38|28.72|27.99|28.64
2023-02-15|28.36|28.88|28.16|28.85
2023-02-16|28.5|28.825|28.13|28.2
2023-02-17|28|28.07|27.38|27.61
2023-02-21|27.11|27.27|26.04|26.06
2023-02-22|25.91|26.9|25.3|25.47
2023-02-23|25.78|26.08|25.32|25.61
2023-02-24|25.22|25.35|24.92|25.14
2023-02-27|25.55|25.58|24.88|24.9
2023-02-28|24.94|25.12|24.73|24.93
2023-03-01|25.03|25.92|24.97|25.33
2023-03-02|25.211|26.3|25.12|26.2
2023-03-03|26.2|26.475|26.01|26.4
2023-03-06|26.47|26.54|25.93|25.99
2023-03-07|25.84|25.99|25.5|25.53
2023-03-08|25.56|26.01|25.45|25.98
2023-03-09|25.98|26.9773|25.97|26.44
2023-03-10|26.55|27.52|26.315|27.22
2023-03-13|26.74|27.31|26.61|26.95
2023-03-14|27.35|28.1|27.25|28.01
2023-03-15|27.73|28.495|27.66|28.41
2023-03-16|28.39|30.27|28.39|30.18
2023-03-17|29.92|31|29.44|29.81
2023-03-20|29.8|29.9|28.63|29.16
2023-03-21|29|29.165|27.975|28.46
2023-03-22|28.48|29.12|28.1|28.13
2023-03-23|28.38|29.16|28.22|29.03
2023-03-24|29.04|29.81|28.925|29.36
2023-03-27|29.37|29.73|29.08|29.18
2023-03-28|29.075|29.33|28.63|29.29
2023-03-29|29.77|31.89|29.755|31.52
2023-03-30|31.85|32.58|31.81|32.09
2023-03-31|31.8|32.9|31.73|32.67
2023-04-03|32.94|33.56|32.54|32.89
2023-04-04|32.85|33.84|32.84|33.1
2023-04-05|32.795|32.99|32.335|32.83
2023-04-06|32.6|33|32.46|32.81
2023-04-10|32.6|32.76|32.2|32.52
2023-04-11|32.66|33.11|32.32|32.35
2023-04-12|32.77|32.89|31.96|32.02
2023-04-13|31.82|32.43|31.65|32.13
2023-04-14|32|32.235|31.69|31.89
2023-04-17|31.95|32.64|31.77|32.14
2023-04-18|32.43|32.46|31.78|31.83
2023-04-19|31.1|31.52|31.08|31.15
2023-04-20|30.76|31.25|30.71|30.86
2023-04-21|30.84|30.84|30.225|30.3
2023-04-24|30.13|30.37|29.61|29.66
2023-04-25|29.44|29.57|28.87|28.88
2023-04-26|29.2|29.81|28.835|29.05
2023-04-27|28.75|29.945|28.51|29.86
2023-04-28|31.975|32.57|30.81|31.06
2023-05-01|31.11|31.24|30.28|30.3
2023-05-02|30.3|30.575|29.75|29.77
2023-05-03|30.64|31.11|30.245|30.65
2023-05-04|30.435|31.72|30.38|31.24
2023-05-05|31.38|31.41|30.73|30.99
2023-05-08|30.7|30.84|30.39|30.77
2023-05-09|30.38|30.58|29.91|30.1
2023-05-10|30.29|30.3959|29.49|29.97
2023-05-11|29.6|29.68|28.82|28.86
2023-05-12|29.025|29.1|28.72|28.95
2023-05-15|28.9|29.825|28.88|29.8
2023-05-16|29.62|29.9|29.21|29.22
2023-05-17|29.52|29.56|28.68|28.87
2023-05-18|29|29.76|28.87|29.68
2023-05-19|29.6|30.24|29.5|29.93
2023-05-22|29.85|30.45|29.815|30.28
2023-05-23|30.05|30.195|29.49|29.51
2023-05-24|29.31|29.49|28.82|29
2023-05-25|28.29|28.29|26.855|27.4
2023-05-26|27.44|29.09|27.1|29
2023-05-30|29.7|30.0399|28.995|29.99
2023-05-31|29.7|32.29|29.67|31.44
2023-06-01|31.8|31.94|31.02|31.13
2023-06-02|31.398|31.5899|30.825|31.31
2023-06-05|31.31|31.4|29.83|29.86
2023-06-06|29.77|31.45|29.695|30.96
2023-06-07|31.03|31.37|30.93|31.28
2023-06-08|31.43|31.85|31.06|31.82
2023-06-09|31.93|31.99|30.68|31.34
2023-06-12|31.4|33.3|31.36|33.07
2023-06-13|33.77|33.95|33.07|33.91
2023-06-14|33.87|35.6|33.8|35.58
2023-06-15|35.28|36.42|35.215|35.82
2023-06-16|36.36|36.795|35.595|36.37
2023-06-20|36.77|37.11|34.715|35
2023-06-21|34.915|35.05|32.83|32.9
2023-06-22|32.69|33.24|32.125|32.71
2023-06-23|32.21|33.45|32.03|33
2023-06-26|33.19|33.99|33.095|33.34
2023-06-27|33.22|34.23|33.01|34.1
2023-06-28|33.61|33.81|33.035|33.57
2023-06-29|33.34|33.34|32.49|32.91
2023-06-30|33.359|33.56|33.16|33.44
2023-07-03|33.54|33.89|33.14|33.62
2023-07-05|33.31|33.33|32.5|32.51
2023-07-06|31.9|32.04|31.38|31.97
2023-07-07|32|32.41|31.82|31.85
2023-07-10|31.87|32.83|31.77|32.74
2023-07-11|32.82|33.36|32.5|33.3
2023-07-12|33.69|34.08|33.06|33.98
2023-07-13|34.15|34.3|33.62|33.87
2023-07-14|33.78|33.87|33|33.15
2023-07-17|33.16|34.6|33.07|34.37
2023-07-18|34.28|34.7|33.83|34.5
2023-07-19|34.4|34.835|34.33|34.46
2023-07-20|33.704|34.205|33.23|33.37
2023-07-21|33.725|34.25|33.42|34.02
2023-07-24|33.84|34.46|33.56|33.63
2023-07-25|33.7|34.34|33.4|34.1
2023-07-26|33.72|34.525|33.7|34.36
2023-07-27|34.82|35.03|34.11|34.55
2023-07-28|36.75|36.99|35.51|36.83
2023-07-31|36.87|37.19|35.675|35.77
2023-08-01|35.82|36.02|35.28|35.8
2023-08-02|35.15|35.18|34.281|34.39
2023-08-03|34.29|35.03|34.13|34.87
2023-08-04|34.48|35.56|34.48|35.14
2023-08-07|35.41|35.55|34.75|35.23
2023-08-08|34.67|35.1|33.86|35.02
2023-08-09|35|35.0999|34.23|34.28
2023-08-10|34.7|35.09|34.48|34.68
2023-08-11|34.46|34.945|34.36|34.89
2023-08-14|34.67|35.71|34.47|35.68
2023-08-15|35.41|35.625|34.75|34.77
2023-08-16|34.52|34.63|33.46|33.53
2023-08-17|33.56|33.59|32.35|32.58
2023-08-18|32.23|32.91|32.18|32.75
2023-08-21|32.6|33.17|32.02|33.14
2023-08-22|33.22|33.8|32.83|32.89
2023-08-23|32.88|34.15|32.8|33.98
2023-08-24|33.72|34.09|32.49|32.59
2023-08-25|32.53|33.395|32.35|33.25
2023-08-28|33.5|33.78|33.21|33.62
2023-08-29|33.49|34.48|33.47|34.31
2023-08-30|34.06|34.66|33.775|34.53
2023-08-31|34.32|35.56|34.3|35.14
2023-09-01|35.79|36.75|35.73|36.61
2023-09-05|36.58|37.41|36.46|36.71
2023-09-06|36.56|37.04|36.03|36.98
2023-09-07|36.83|38.34|36.7502|38.18
2023-09-08|38.12|38.83|37.7125|38.01
2023-09-11|38.24|38.74|37.84|38.59
2023-09-12|38.65|40.0681|38.65|38.86
2023-09-13|38.8|39.1499|38.25|38.71
2023-09-14|38.81|38.9|38.295|38.67
2023-09-15|38.42|38.52|37.62|37.88
2023-09-18|37.62|38.39|37.51|37.99
2023-09-19|38.04|38.1|36.02|36.34
2023-09-20|36.22|36.25|34.63|34.69
2023-09-21|34.57|35.25|34.46|34.65
2023-09-22|34.81|34.885|34.14|34.18
2023-09-25|34|34.37|33.765|34.29
2023-09-26|34.14|34.78|33.64|33.83
2023-09-27|33.92|34.825|33.88|34.61
2023-09-28|34.65|35.6564|34.38|35.18
2023-09-29|35.648|35.91|35.155|35.55
2023-10-02|35.61|35.975|34.98|35.46
2023-10-03|35.265|36.54|35.265|35.69
2023-10-04|36.52|36.52|35.325|35.93
2023-10-05|35.97|36.1|35.6|35.89
2023-10-06|35.87|36.46|35.18|36.19
2023-10-09|35.7|36.17|35.5|36.06
2023-10-10|36.14|36.74|35.805|36.43
2023-10-11|36.62|37.03|36.38|36.88
2023-10-12|36.8|37.22|36.39|36.84
2023-10-13|36.74|36.79|35.86|35.97
2023-10-16|36.14|36.94|36.08|36.56
2023-10-17|35.92|36.35|35.07|36.06
2023-10-18|35.5242|36.02|35.45|35.64
2023-10-19|35.96|36.36|35.52|35.67
2023-10-20|35.65|36.28|34.87|34.92
2023-10-23|34.6|35.19|33.39|33.85
2023-10-24|33.64|34.71|33.64|34.59
2023-10-25|34.18|34.45|32.55|32.83
2023-10-26|32.89|33.22|32.145|32.52
2023-10-27|34.66|36.38|34.6|35.54
2023-10-30|35.465|36.05|34.92|35.69
2023-10-31|35.66|36.57|35.62|36.5
2023-11-01|36.5|37.315|36.28|37.29
2023-11-02|37.58|37.82|36.91|37.7
2023-11-03|38|38.32|37.665|38.14
2023-11-06|38.02|38.2|37.855|37.95
2023-11-07|38.24|38.9|37.98|38.77
2023-11-08|38.85|38.89|37.7492|37.92
2023-11-09|38.05|38.515|37.77|37.8
2023-11-10|38.24|38.99|38.24|38.86
2023-11-13|38.35|38.565|38.14|38.23
2023-11-14|38.8|39.49|38.07|39.41
2023-11-15|39.585|40.84|39.58|40.61
2023-11-16|41|43.395|40.82|43.35
2023-11-17|42.91|43.81|42.56|43.81
2023-11-20|43.78|44.93|43.78|44.74
2023-11-21|44.5|44.6612|43.3|43.64
2023-11-22|44.03|44.63|43.54|43.67
2023-11-24|43.68|44|43.61|43.96
2023-11-27|43.65|44.545|43.65|44.08
2023-11-28|43.69|44.3827|43.66|44.23
2023-11-29|44.6|45.34|44.6|44.94
2023-11-30|44.65|45.09|44.41|44.7
2023-12-01|44.36|44.36|42.86|43.74
2023-12-04|43.3|43.31|41.685|42.35
2023-12-05|41.91|42.29|41.61|41.92
2023-12-06|42.48|42.59|41.17|41.27
2023-12-07|41.75|42.435|41.1801|42.15
2023-12-08|41.84|42.955|41.81|42.7
2023-12-11|43.16|44.73|43.08|44.54
2023-12-12|44.36|44.44|43.63|44.04
2023-12-13|44.08|44.72|43.33|44.57
2023-12-14|45.01|47.07|44.65|45.18
2023-12-15|45.94|47.27|45.67|46.16
2023-12-18|46.15|46.23|45.4|45.69
2023-12-19|45.6|46.68|45.51|46.66
2023-12-20|46.64|46.95|45.7|45.76
2023-12-21|46.48|47.12|46.02|47.08
2023-12-22|47.25|48.1557|47.2|48
2023-12-26|48.92|50.515|48.71|50.5
2023-12-27|50.63|51.28|50.19|50.76
2023-12-28|50.81|50.87|50.16|50.39
2023-12-29|50.3|50.5699|49.77|50.25
2024-01-02|49.2|49.38|47.4527|47.8
2024-01-03|47.1|47.81|46.8|47.05
2024-01-04|45.715|47.16|45.24|46.87
2024-01-05|47.03|47.83|46.635|46.89
2024-01-08|47.07|48.76|46.97|48.45