2018-08-01|98.74|99.35|98.435|98.7
2018-08-02|97.95|100.39|97.84|99.47
2018-08-03|99.18|100.694|98.88|100.58
2018-08-06|100.4|102.59|100.22|102
2018-08-07|101.79|103.81|101.68|101.94
2018-08-08|101.85|102.67|101.43|102.27
2018-08-09|102.06|102.72|101.92|102.19
2018-08-10|102.15|103.19|101.9899|102.25
2018-08-13|102.45|102.68|102.115|102.44
2018-08-14|101.77|102.8389|101.27|102.44
2018-08-15|102.28|103.44|102.08|103.33
2018-08-16|103.25|104.94|103.25|104.36
2018-08-17|104.43|105.92|103.96|105.55
2018-08-20|105.58|106.38|105.58|105.82
2018-08-21|106.02|106.1299|104.72|105.07
2018-08-22|104.8|105.63|104.15|105.03
2018-08-23|104.99|105.25|104.39|104.82
2018-08-24|105.57|106.04|104.53|105.77
2018-08-27|106.15|106.49|104.94|105.11
2018-08-28|105.03|105.59|104.59|105.18
2018-08-29|104.4|105.59|104.28|105.33
2018-08-30|105.18|105.735|104.94|105.48
2018-08-31|105.14|105.86|104.47|105.65
2018-09-04|105.31|105.7|104.38|104.62
2018-09-05|104.85|106.11|104.7|105.72
2018-09-06|105.67|105.75|103.655|105.37
2018-09-07|105.15|107.24|104.8|107.03
2018-09-10|107.5|107.84|106.391|106.42
2018-09-11|106.41|106.62|105.515|105.64
2018-09-12|105.81|106.49|105.51|105.97
2018-09-13|106.16|106.71|105.82|106.58
2018-09-14|106.57|106.69|105.4|105.77
2018-09-17|105.61|106.765|105.05|105.71
2018-09-18|105.87|107.19|105.11|106.88
2018-09-19|106.88|107.07|105.5|105.74
2018-09-20|105.72|106.11|104.22|106.07
2018-09-21|106.23|106.87|105.35|106.33
2018-09-24|105.95|106.67|105.59|105.59
2018-09-25|106.01|106.755|105.54|105.7
2018-09-26|106.06|107.37|106.005|106.31
2018-09-27|106.49|107.17|106.21|106.69
2018-09-28|106.77|107.74|106.3|107.31
2018-10-01|107.67|107.705|107.03|107.6
2018-10-02|107.5|108.14|107.19|107.96
2018-10-03|108.465|109.61|108.24|108.62
2018-10-04|113.62|115.68|111.0357|112.99
2018-10-05|114.09|115.45|114.09|115.02
2018-10-08|114.85|116.61|114.7705|115.46
2018-10-09|115.09|116|114.23|115.45
2018-10-10|114.96|115.37|113.25|113.34
2018-10-11|113.09|113.32|106.58|107.91
2018-10-12|109|111.02|108.43|110.48
2018-10-15|110.5|111.8099|109.98|110.62
2018-10-16|110.84|111.22|109.93|111.03
2018-10-17|110.98|113.765|110.86|113.59
2018-10-18|113.93|114.25|112.41|113.31
2018-10-19|112.88|113.36|110.66|111.92
2018-10-22|112|112.715|111.37|112.03
2018-10-23|110.7|111.46|109.06|110.39
2018-10-24|110.22|111.15|106.19|106.32
2018-10-25|106.43|108.82|104.1701|107.89
2018-10-26|107.05|107.47|105.06|106.39
2018-10-29|107.45|109.08|106.3|107.4
2018-10-30|107.23|108.51|107.0813|108.34
2018-10-31|109.59|110.43|108.35|108.44
2018-11-01|108.74|109.23|107.33|107.86
2018-11-02|108.14|108.39|105.93|106.75
2018-11-05|110.43|112.08|109.76|110.14
2018-11-06|109|109.3|104.95|105.9
2018-11-07|106.85|110.78|106.72|109.72
2018-11-08|109.49|110.94|109.01|110.1
2018-11-09|110.42|112.535|109.7|112.21
2018-11-12|112.26|114.71|112.26|113.2
2018-11-13|114.25|114.25|111.83|112.39
2018-11-14|112.36|112.65|109.74|109.81
2018-11-15|109.18|112.23|108.54|112.2
2018-11-16|111.68|114.3|111.67|113.83
2018-11-19|113|116.1|113|115.81
2018-11-20|114.88|116.2|114.32|114.72
2018-11-21|114.28|114.28|112.13|112.23
2018-11-23|111.86|113.81|111.4011|112.87
2018-11-26|111.26|113.6|110.97|112.38
2018-11-27|112.28|114.25|111.71|114.22
2018-11-28|114.73|115.83|113.76|115.53
2018-11-29|115.3|117.93|114.97|117
2018-11-30|117.61|118.71|116.22|118.64
2018-12-03|118.64|118.69|117.54|118.52
2018-12-04|118.65|119.84|116.32|116.52
2018-12-06|115.32|115.99|112.98|115.84
2018-12-07|115.53|115.78|112.7741|113.58
2018-12-10|113.6|114.65|111.02|114.09
2018-12-11|114.84|115.62|113.922|114.5
2018-12-12|115.48|115.74|114.27|114.34
2018-12-13|114.62|115.15|113.84|114.86
2018-12-14|114.29|114.58|111.24|111.93
2018-12-17|111.21|111.3|107.72|108.36
2018-12-18|109.43|109.66|105.67|106.5
2018-12-19|111.54|111.54|107.7|109.11
2018-12-20|109.1|110.16|108.12|109.29
2018-12-21|109.29|111.51|108.68|109.42
2018-12-24|109.35|109.41|106.63|106.75
2018-12-26|106.76|111.09|106.4301|111.09
2018-12-27|110.24|112.9|108.73|112.89
2018-12-28|113.4|115.09|112.59|114.2
2018-12-31|114.34|115.85|114.2435|115.72
2019-01-02|114.79|115.43|112.75|114.88
2019-01-03|114.72|114.74|111.1|111.31
2019-01-04|112.21|114.84|111.74|114.66
2019-01-07|112.37|116.44|112.05|115.28
2019-01-08|115.69|116.42|114.52|116.34
2019-01-09|116.37|118.22|116.22|117.21
2019-01-10|117.09|117.22|114.97|115.94
2019-01-11|115.27|116.21|115.1|116.18
2019-01-14|115.2|115.25|114.33|114.68
2019-01-15|113.91|118.22|113.4|117.09
2019-01-16|116.99|118.07|116.48|116.8
2019-01-17|116.81|119.2|116.55|119.16
2019-01-18|115.58|116.9|115.0197|116.59
2019-01-22|115.69|117.11|115.69|117.09
2019-01-23|117.11|118.9|116.92|118.79
2019-01-24|118.22|118.22|114.2|114.99
2019-01-25|115.34|115.35|114.04|114.97
2019-01-28|114.72|115.11|113.54|115.03
2019-01-29|114.39|115.95|113.91|115.71
2019-01-30|115.53|117.08|115.53|116.94
2019-01-31|116.94|120.14|116.7274|119.86
2019-02-01|120.32|120.99|119.13|120.89
2019-02-04|121.21|121.84|118.69|120.17
2019-02-05|120.72|121.74|120.4|120.43
2019-02-06|118.67|120.82|117.74|119.27
2019-02-07|119|119.33|116.86|117.5
2019-02-08|117.73|121.43|117.45|119.6
2019-02-11|119.2|119.94|117.04|118.01
2019-02-12|117.76|119.9|117.5|119.49
2019-02-13|119.6|120.28|118.11|119.65
2019-02-14|118.94|121.25|118.8|120.75
2019-02-15|121.18|122.48|120.4|122.48
2019-02-19|121.31|123.33|121.3|122.13
2019-02-20|122.38|123.05|121.61|122.66
2019-02-21|122.06|123.76|121.8|122.72
2019-02-22|122.73|124.74|122.65|124
2019-02-25|124.1|124.67|123.47|123.89
2019-02-26|123.86|125.16|123.32|124.67
2019-02-27|124.49|126.48|124.08|125.68
2019-02-28|125.52|127.77|125.2|126.29
2019-03-01|127.25|129.42|126.58|128.84
2019-03-04|130.51|130.51|125.34|127.46
2019-03-05|128.4|128.8728|126.72|128.49
2019-03-06|128.75|128.79|125.39|126.68
2019-03-07|126.41|127.19|125.13|126.34
2019-03-08|126.37|126.98|125.25|126.7
2019-03-11|122.8|124.91|122.51|123.5
2019-03-12|123.5|124.02|122.679|123.5
2019-03-13|124.6|130.75|123.16|124.31
2019-03-14|124.98|124.98|122.51|123.08
2019-03-15|123.1|124.16|121.96|123.94
2019-03-18|123.99|125.35|123.5|125.24
2019-03-19|125.26|126.65|125.14|126.59
2019-03-20|127.54|129.1|126.83|128.16
2019-03-21|126.88|128.98|126.64|128.31
2019-03-22|128.73|129.48|127.43|128.3
2019-03-25|128.61|130.58|128.41|129.87
2019-03-26|130.24|132.13|129.7|131.02
2019-03-27|130.96|131.555|128.52|128.77
2019-03-28|129.34|129.9|128.87|128.95
2019-03-29|129.01|129.935|128.98|129.76
2019-04-01|130.71|131.35|129.05|129.05
2019-04-02|129.04|129.57|128.235|129.32
2019-04-03|129.11|129.25|126.84|127.05
2019-04-04|127.34|127.35|124.61|125.61
2019-04-05|126.49|127.01|125.61|126.99
2019-04-08|126.5|127.28|126.0918|127.16
2019-04-09|126.76|128.12|126.6|127.24
2019-04-10|127.56|127.97|126.93|127.19
2019-04-11|126.86|127.32|124.51|125.15
2019-04-12|125.24|125.24|123.02|123.06
2019-04-15|123.77|124.35|123.1599|124.08
2019-04-16|124.93|124.93|119.79|119.96
2019-04-17|120|120.06|115.89|116.5
2019-04-18|116.23|116.65|114.135|115.2
2019-04-22|115.04|115.57|113.65|115.47
2019-04-23|116.04|117.89|115.43|117.49
2019-04-24|118.29|118.43|117.23|118
2019-04-25|117.75|118.675|116.75|118.23
2019-04-26|118.83|119.92|118.67|119.87
2019-04-29|119.9|120.01|119.25|119.6
2019-04-30|116.61|117.14|114.91|117.04
2019-05-01|117.05|119.534|116.56|118.18
2019-05-02|118.44|118.5695|116.86|118.46
2019-05-03|118.44|118.44|116.535|116.91
2019-05-06|115.82|117.08|115.3|116.65
2019-05-07|116.3|116.49|114.46|114.94
2019-05-08|115.85|116.89|115.23|116.25
2019-05-09|115.86|116.145|114.775|115.8
2019-05-10|115.63|116.32|114.22|116.22
2019-05-13|114.86|115.19|113.87|114.37
2019-05-14|114.73|115.53|114.53|114.94
2019-05-15|115.25|115.84|114.32|115.62
2019-05-16|114.57|117.68|114.57|116.73
2019-05-17|115.7|116.65|115.22|116.01
2019-05-20|115.87|116.3|115|116.23
2019-05-21|117.04|117.79|116.53|116.58
2019-05-22|116.12|118.39|116.12|117.98
2019-05-23|117.76|117.96|116.48|116.81
2019-05-24|117.53|117.55|116.45|116.79
2019-05-28|117.09|118.4054|115.7|115.76
2019-05-29|115.61|115.8004|114.43|115.49
2019-05-30|115.49|116.3|114.96|115.9
2019-05-31|115.34|117.58|114.99|115.94
2019-06-03|116.53|117.72|116.04|116.77
2019-06-04|118.08|118.93|117.41|117.56
2019-06-05|118.03|118.38|116.53|117.02
2019-06-06|117.52|118.94|117.27|117.5
2019-06-07|118.19|118.94|117.89|118.35
2019-06-10|116|116|113.88|113.93
2019-06-11|114.78|115.59|111.85|112.21
2019-06-12|112.5|115.5|112.5|115.24
2019-06-13|115.4|115.4|110.61|111.82
2019-06-14|112.13|112.25|111.01|111.74
2019-06-17|111.64|113.42|111.34|113.4
2019-06-18|113.65|114.83|113.22|114.65
2019-06-19|115.02|115.99|114.34|115.23
2019-06-20|116.35|117.07|115.26|115.56
2019-06-21|115.74|115.93|114.81|115.49
2019-06-24|115.08|116.15|114.71|115.63
2019-06-25|115.51|116.83|115.17|115.36
2019-06-26|114.81|114.95|110.62|111.34
2019-06-27|111.74|112.21|111.155|111.47
2019-06-28|111.8|111.83|110.02|110.79
2019-07-01|111.31|112.84|110.64|112.74
2019-07-02|112.82|114.21|112.4|114.2
2019-07-03|114.87|115.465|113.78|114.42
2019-07-05|114.05|114.37|112.55|112.82
2019-07-08|112.47|112.79|110.91|111.52
2019-07-09|111.85|113.36|111.85|113.08
2019-07-10|113.27|114.65|112.67|114.53
2019-07-11|111.53|112.24|109.1|109.82
2019-07-12|109.47|109.47|105.147|108.29
2019-07-15|108.3|109.16|107.59|108.47
2019-07-16|109|109.19|107.97|108.82
2019-07-17|109.35|109.65|107.08|107.09
2019-07-18|107.83|108.48|107.24|108.34
2019-07-19|108.5|108.515|106.58|106.79
2019-07-22|106.92|107.36|105.87|107.27
2019-07-23|107.5|109.4|106.055|108.22
2019-07-24|108.35|109.66|107.16|108.52
2019-07-25|108.57|110.38|107.68|107.82
2019-07-26|107.92|109.23|107.54|108.27
2019-07-29|108.07|110.24|108.07|108.72
2019-07-30|108.3|110.02|107|108.69
2019-07-31|108.06|110.71|107.61|108.95
2019-08-01|109.02|110.74|108.31|110.51
2019-08-02|110.96|113.27|110.575|112.42
2019-08-05|111.38|112.49|107.44|108.71
2019-08-06|109.47|112.12|109.0401|111.4
2019-08-07|110.37|111.38|108.53|111.12
2019-08-08|111.96|114.54|111.64|113.97
2019-08-09|113.24|114.55|112.35|113.77
2019-08-12|112.9|114.06|112.29|113.08
2019-08-13|113.53|116.14|113.43|115.7
2019-08-14|114.86|114.87|110.22|110.29
2019-08-15|110.42|111.312|109.21|110.23
2019-08-16|110.94|111.33|109.29|110.52
2019-08-19|111.05|112.94|110.79|112.53
2019-08-20|112.33|112.88|110.91|111.01
2019-08-21|112|112.44|110|111.46
2019-08-22|111.44|112.27|110.79|111.61
2019-08-23|111.46|112.56|108.88|109.51
2019-08-26|110.61|111.82|110.25|111.78
2019-08-27|112.31|112.88|110.73|110.73
2019-08-28|110.33|111.54|109.79|110.97
2019-08-29|111.81|112.38|110.6|112.25
2019-08-30|112.82|114.17|111.9208|112.97
2019-09-03|112.54|114.02|112.19|113.96
2019-09-04|114.38|114.5|112.45|113.25
2019-09-05|113.96|115.44|113.26|114.6
2019-09-06|114.78|114.99|113.84|114.05
2019-09-09|114.52|114.52|110.35|111.07
2019-09-10|108.37|111.13|106.4|111.1
2019-09-11|111.78|112|110.29|111.69
2019-09-12|111.92|112.42|111.12|111.47
2019-09-13|111.74|112.15|110.235|110.89
2019-09-16|110.42|110.53|109.21|110.13
2019-09-17|110.33|111.19|109.63|111.12
2019-09-18|111.44|112.91|111.17|112.72
2019-09-19|112.86|115.11|112.39|114.35
2019-09-20|115.93|117.23|114.47|116.16
2019-09-23|116|116.54|113.97|114.18
2019-09-24|114.36|114.55|111.94|113.25
2019-09-25|112.88|113.85|111.31|111.39
2019-09-26|112.04|112.66|110.69|111.82
2019-09-27|112.35|113.37|111.38|112.37
2019-09-30|112.4|113.45|111.685|111.83
2019-10-01|111.94|112.45|110.405|110.96
2019-10-02|110.33|110.64|106.66|107
2019-10-03|107.09|108.1|106.21|107.29
2019-10-04|107.49|108.26|107|108.2
2019-10-07|108.31|108.65|107.57|107.83
2019-10-08|106.89|108.325|105.95|107.19
2019-10-09|107.56|108.15|106.88|107.3
2019-10-10|107.03|107.485|106.58|106.92
2019-10-11|107.75|109.14|107.59|108.36
2019-10-14|108.52|109.13|107.88|107.9
2019-10-15|108.35|110.1|108.22|109.7
2019-10-16|109.18|109.48|107.79|107.95
2019-10-17|109.22|109.46|108.26|108.46
2019-10-18|108.31|108.94|107.9|108.64
2019-10-21|108.87|109|107.77|107.91
2019-10-22|109.98|111.46|108.89|109.84
2019-10-23|106|107.75|101.36|107.4
2019-10-24|107.5|108.21|106.25|107.84
2019-10-25|108.08|110.59|107.54|110.2
2019-10-28|110.62|113.19|110.62|112.99
2019-10-29|112.5|112.81|111.5|111.67
2019-10-30|111.37|113.21|111.26|112.72
2019-10-31|112.36|114.665|112|113.95
2019-11-01|114.07|114.51|112.3148|112.51
2019-11-04|113.24|114.33|112.865|113.11
2019-11-05|112.95|113.08|110.51|111.25
2019-11-06|111.57|114.29|111.51|113.82
2019-11-07|114.23|114.63|112.03|112.77
2019-11-08|112.65|113.57|112.1|113.53
2019-11-11|113.46|114.21|112.22|112.8
2019-11-12|112.77|114.04|112.45|113.17
2019-11-13|112.87|113.53|112.25|112.79
2019-11-14|112.19|112.36|111|111.39
2019-11-15|111.33|113.82|111.33|113.19
2019-11-18|113.02|114.13|112.86|114.07
2019-11-19|114.03|116.12|113.75|115.1
2019-11-20|114.96|115.92|114.05|114.61
2019-11-21|114.7|115.52|113.29|114.75
2019-11-22|115.09|116.68|114.71|116.2
2019-11-25|116.6|118.46|116.6|117.47
2019-11-26|117.47|118.11|117|117.09
2019-11-27|117.73|117.9|116.62|117.44
2019-11-29|117.23|118.04|117.17|117.35
2019-12-02|117.52|118.25|116.1|116.74
2019-12-03|116.4|117.92|115.92|117.61
2019-12-04|118.28|118.84|117.57|118.67
2019-12-05|118.4|119.92|117.54|119.77
2019-12-06|119.97|120.705|119.58|119.64
2019-12-09|119.53|120.84|118.94|120.24
2019-12-10|120.56|121.15|120.11|120.65
2019-12-11|120.56|121.2|119.98|120.78
2019-12-12|120.56|121.9325|120.56|121.7
2019-12-13|121.98|122.19|120.72|121.53
2019-12-16|123.07|124.26|122.06|122.85
2019-12-17|124|127.03|123.31|125.33
2019-12-18|127.88|129.98|127.69|129.48
2019-12-19|129.08|130.99|128.34|130.85
2019-12-20|132.49|137|131.24|132.43
2019-12-23|132.39|132.58|131.0287|131.15
2019-12-24|131.07|131.21|130.13|131.11
2019-12-26|131|131.7|130.66|131.14
2019-12-27|131.57|131.77|130.84|131.52
2019-12-30|131.52|131.93|130.87|131.3
2019-12-31|131.18|131.52|130.5|131.43
2020-01-02|131.77|132.26|130.73|132.21
2020-01-03|130.3|132.47|130.23|131.77
2020-01-06|131.42|132.56|130.94|132.26
2020-01-07|131.7|132.925|131.7|132.51
2020-01-08|132.46|134.21|132.01|133.71
2020-01-09|134.55|136.36|134.01|135.92
2020-01-10|135.78|138.27|135.53|138
2020-01-13|138.2|139.99|137.89|138.94
2020-01-14|138.99|140.9|138.12|140.65
2020-01-15|140.58|141.69|140.01|141.11
2020-01-16|141.83|141.97|139.85|141.43
2020-01-17|140.88|141.74|139.36|139.58
2020-01-21|139.5|141.57|138.43|140.91
2020-01-22|141.25|142.25|140.6915|141.56
2020-01-23|141.25|141.74|139.88|141.21
2020-01-24|141.85|141.99|138.7|139.07
2020-01-27|137.34|139.1|137.34|138.31
2020-01-28|138.69|139.88|138.23|139.26
2020-01-29|139.51|141.14|138.97|139.92
2020-01-30|138.18|143.72|138.1|142.67
2020-01-31|142.85|142.85|139.47|139.64
2020-02-03|140.53|141.57|139.68|141
2020-02-04|142.3|144.07|141.78|143.44
2020-02-05|144.78|147.36|144.53|147.35
2020-02-06|147.74|147.87|146.81|147.3
2020-02-07|147.22|147.22|145.38|146.41
2020-02-10|141.5|145.55|141.12|145.51
2020-02-11|145.73|145.86|143.18|144.25
2020-02-12|144.67|144.9|143.49|143.51
2020-02-13|142.86|143.74|141.79|141.8
2020-02-14|142.25|142.3162|140.565|141.12
2020-02-18|141.02|141.96|140.53|141.01
2020-02-19|141.62|141.84|140.36|140.83
2020-02-20|141.63|142.805|141.195|142
2020-02-21|141.34|142.65|140.33|142.04
2020-02-24|139.28|141.59|137.87|138.15
2020-02-25|138.94|139.23|134.62|135.41
2020-02-26|136.03|137.02|133.31|133.53
2020-02-27|133.33|134.6699|129.05|129.19
2020-02-28|126.38|126.8|121.51|126.13
2020-03-02|127.74|133|126.21|132.84
2020-03-03|133.28|135.65|128.69|130.31
2020-03-04|133.03|140.86|133|140.38
2020-03-05|138.38|141.91|137.53|140.15
2020-03-06|136.12|142.36|135.55|141.46
2020-03-09|134.02|140.93|133.31|135.72
2020-03-10|139.23|141.93|134.72|141.19
2020-03-11|139.46|141.84|137.3942|140.02
2020-03-12|130.79|136.5|125.93|126.02
2020-03-13|132.95|139.37|128.505|139.37
2020-03-16|131|138.68|128.2514|129.38
2020-03-17|133.21|143.59|131.1|143.2
2020-03-18|136.34|144|134.08|143.09
2020-03-19|142.49|142.98|131.12|133.09
2020-03-20|132.16|132.25|120.2315|122.4
2020-03-23|120.95|126.88|117.06|119.05
2020-03-24|123.24|124.6|117.41|122.89
2020-03-25|120.12|126.14|119.21|121.94
2020-03-26|123.29|135.7396|121.94|134.35
2020-03-27|130.65|137.61|130.1966|134.11
2020-03-30|133.87|141.77|133.51|138.44
2020-03-31|136.96|142.02|134.52|138.72
2020-04-01|134|137.19|132.98|136.42
2020-04-02|135.35|142.8|133.03|142.18
2020-04-03|140.92|144.6|138.46|139.66
2020-04-06|142.27|143.5|140.3|141.61
2020-04-07|143.13|144.8|140.05|141.88
2020-04-08|142.05|147.25|140.5|146.22
2020-04-09|144.51|146.4|143.55|145.73
2020-04-13|144.97|146.59|142.88|144.42
2020-04-14|147.28|151.5483|144.05|151.11
2020-04-15|148.94|153.4|148.51|151.18
2020-04-16|152.89|155.59|152|154.73
2020-04-17|155.42|157.67|153.03|157.29
2020-04-20|156.63|160.1974|155.61|157.79
2020-04-21|155.41|155.8|151.41|152.67
2020-04-22|154.61|157.28|153.57|156.71
2020-04-23|157.18|162.56|154|159.93
2020-04-24|162|164.9|160.61|162.93
2020-04-27|164|164.5|160.72|161.29
2020-04-28|160.94|161.9803|156.59|157.3
2020-04-29|157.76|158.03|154.67|155.16
2020-04-30|155.2|156.9785|153.28|154.64
2020-05-01|153.72|154.605|151.57|153.63
2020-05-04|154.65|156|151.26|153.28
2020-05-05|153.8|159.22|152.75|157.89
2020-05-06|158.46|158.94|156.35|156.68
2020-05-07|157.5|157.69|152.72|152.97
2020-05-08|154.2|154.42|152.55|153.51
2020-05-11|153.47|159.47|153.08|158.55
2020-05-12|159.87|161.4|157.59|157.72
2020-05-13|157.03|159.35|156.04|157.93
2020-05-14|155.94|158.95|153.81|158.38
2020-05-15|158.63|159.51|156.03|159.23
2020-05-18|161.34|162.37|157.11|157.96
2020-05-19|156.85|159.13|155.28|156.7
2020-05-20|155.27|157.43|151.61|153.13
2020-05-21|153.15|153.15|149.7208|152.28
2020-05-22|152.22|152.56|150.1672|151.16
2020-05-26|151.11|151.76|147.16|147.96
2020-05-27|148.17|148.17|143.62|145.7
2020-05-28|147.43|152.1|146.51|150.65
2020-05-29|151.66|153.64|149.94|152.95
2020-06-01|154.47|154.99|150.891|152.45
2020-06-02|152.08|154.08|151.04|153.86
2020-06-03|153.34|154.39|150.85|152.53
2020-06-04|152.21|153.54|149.711|150.71
2020-06-05|149.7|151.76|148.34|149.21
2020-06-08|146.75|149.25|146.52|149.21
2020-06-09|149.75|151.75|149.11|149.13
2020-06-10|149.96|152.4|149.84|151
2020-06-11|151.85|152.24|143.05|144.08
2020-06-12|145.54|146.38|141.47|143.54
2020-06-15|142|142.9|139.68|141.52
2020-06-16|156.32|167.43|155|163.71
2020-06-17|164.23|164.36|159.4|159.97
2020-06-18|159.2|162.97|158.2|161.07
2020-06-19|162.23|162.48|158.26|159.94
2020-06-22|159.18|161.48|158.92|160.45
2020-06-23|160.89|162.87|158.95|159.34
2020-06-24|158.55|159.79|156.33|157.03
2020-06-25|157.64|163.39|156.71|162.86
2020-06-26|162.33|163.7888|160.18|162.83
2020-06-29|163.85|164.205|161.03|162.72
2020-06-30|163.11|165.17|162.3|164.18
2020-07-01|164.32|165.47|162.52|163.3
2020-07-02|164.07|164.77|162.37|163.87
2020-07-06|164.46|168.92|164.01|166.89
2020-07-07|166.12|168.38|165.27|166.75
2020-07-08|166.84|169.82|166.84|169.13
2020-07-09|169.88|170.75|163.71|166.45
2020-07-10|166.14|166.14|162.74|163.36
2020-07-13|164.61|167|161.04|162.08
2020-07-14|162.88|164.77|161.53|163.88
2020-07-15|165.19|166.48|163.895|165.45
2020-07-16|164.95|165.44|162.6|165
2020-07-17|166.04|167.26|165.11|165.96
2020-07-20|166.49|167.71|165.73|167.04
2020-07-21|166.87|167.23|164.76|165.3
2020-07-22|165.54|165.85|162.33|164.84
2020-07-23|165.26|165.46|160.79|161.52
2020-07-24|161.47|161.47|158.45|159.54
2020-07-27|159.6|161.74|158.59|160.5
2020-07-28|161.67|165.41|161.345|162.65
2020-07-29|162.53|163.025|161.1|161.75
2020-07-30|158.45|158.5|150.45|153
2020-07-31|153.13|153.335|148.74|150.29
2020-08-03|152.8|153.85|151.22|152.84
2020-08-04|153.38|156|153.09|154.85
2020-08-05|157.31|157.49|153.3|154.34
2020-08-06|153.85|155.5|151|152.88
2020-08-07|152.96|153.5|151.58|152.93
2020-08-10|152.93|153.49|151.53|153
2020-08-11|153.14|153.14|150.2|150.63
2020-08-12|150.79|153.17|150.6|152.55
2020-08-13|150.82|151.69|149.79|150.46
2020-08-14|149.8|151.69|149.15|150.09
2020-08-17|150.92|152.7|150.36|151.53
2020-08-18|152.15|153.15|151.15|153.11
2020-08-19|153.81|154.41|152.01|152.29
2020-08-20|152.55|152.85|150.85|151.34
2020-08-21|151.34|151.35|147.95|149.26
2020-08-24|150.05|150.4|148.25|149.52
2020-08-25|150.36|151.31|149.31|149.68
2020-08-26|149.19|149.46|147.41|149.26
2020-08-27|150.58|150.94|148.94|148.97
2020-08-28|148.84|149.1518|146.98|147.34
2020-08-31|147.35|148.795|147.03|148.39
2020-09-01|148.61|149.2|146.645|147.3
2020-09-02|146.79|150|146.51|149.55
2020-09-03|152.19|153.37|147.46|149.02
2020-09-04|148.77|152.58|147.95|150.91
2020-09-08|150.95|151.31|148.5|149.31
2020-09-09|150.62|154.12|150.31|151.97
2020-09-10|149.88|150.6|145.715|146.22
2020-09-11|147.56|149.185|146.88|148.09
2020-09-14|149.09|150.505|147.47|149
2020-09-15|149.96|151.87|149.415|150.08
2020-09-16|151.72|152.68|150.79|150.96
2020-09-17|150.13|152.68|149.455|152.47
2020-09-18|152.04|154.5|152.04|154.17
2020-09-21|153.17|153.66|149.06|151.18
2020-09-22|150.91|151.57|149.15|149.86
2020-09-23|150.05|151.59|148.7|149.81
2020-09-24|149.26|149.66|147.37|148.81
2020-09-25|148.39|150.4|147.85|150.26
2020-09-28|151|151.58|147.9|148.1
2020-09-29|147.98|148.44|145.93|146.26
2020-09-30|146.4|148.445|145.06|148.02
2020-10-01|148.33|148.705|144.06|144.29
2020-10-02|143.67|146.94|143.27|145.21
2020-10-05|145.07|147.47|144.18|146.63
2020-10-06|146.93|147.83|143.93|144.13
2020-10-07|148.52|149.89|146.85|148.96
2020-10-08|152.4|153.94|150.5|153.5
2020-10-09|154.09|157.15|154.07|156.88
2020-10-12|156.83|157.15|154.42|154.49
2020-10-13|153|154.3269|148.55|150.08
2020-10-14|150.38|150.6|147.71|148.46
2020-10-15|146.51|146.91|145.38|146.78
2020-10-16|147.11|148.38|146|146.12
2020-10-19|147|147.4088|142.21|142.8
2020-10-20|143.36|144.12|142.11|143.59
2020-10-21|142.29|143.33|141.21|141.31
2020-10-22|141.53|142.265|140.8|141.65
2020-10-23|142.24|144.7|141.72|142.38
2020-10-26|141.9|142.2899|140.05|141.7
2020-10-27|133.02|136.08|131.87|131.9
2020-10-28|130.455|134.1008|130.31|131.31
2020-10-29|132|133.13|130.38|132.55
2020-10-30|131.76|133.105|129.21|130.46
2020-11-02|132.54|133.95|129.99|131.63
2020-11-03|133.64|134.07|130.7|130.98
2020-11-04|134.905|151.98|134.905|148.59
2020-11-05|147.68|148.81|144.7|145.52
2020-11-06|145.05|147.39|139.1|142.74
2020-11-09|142.54|144.75|140.6|142.33
2020-11-10|147.6|149.2|143.79|146.56
2020-11-11|147.76|147.76|143.37|144.76
2020-11-12|142.93|143.46|139.86|141.03
2020-11-13|142.43|143.21|141.3201|142.38
2020-11-16|143.06|144.3|140|140.59
2020-11-17|139.57|141.96|138.61|141.2
2020-11-18|141.9|142.42|140.13|140.17
2020-11-19|140.25|143.89|138.92|143.41
2020-11-20|142.84|147.09|142.84|145.49
2020-11-23|145.54|145.62|141.16|143.38
2020-11-24|143.39|145.64|143.11|144.9
2020-11-25|144.9|145.34|142.61|144.75
2020-11-27|145.65|147.92|145.36|147.44
2020-11-30|146.34|148.17|144.9|145.65
2020-12-01|146.69|148.06|145.26|145.56
2020-12-02|145.36|147.09|144.38|145.16
2020-12-03|145.7|146.5|143.13|144.11
2020-12-04|144.07|148.72|144|148.45
2020-12-07|147.3|148.33|146.48|147.42
2020-12-08|146.98|150.14|146.91|149.3
2020-12-09|154.59|158.94|153.68|158
2020-12-10|159.87|162|158.18|161
2020-12-11|159.72|161.18|159.06|160.04
2020-12-14|160.69|162.2871|157.83|157.91
2020-12-15|159.43|168.23|158.05|167.43
2020-12-16|169.69|173.19|166.75|172.05
2020-12-17|171.73|173.895|171.1|172.63
2020-12-18|172.52|172.89|169|171.4
2020-12-21|168.88|169|165.8|168.78
2020-12-22|167.71|168.39|165.87|166.72
2020-12-23|167.45|167.9997|165.47|165.48
2020-12-24|165.85|167.94|165.85|166.66
2020-12-28|167.21|167.6028|165.21|166.5
2020-12-29|166.63|167.75|165.91|166.58
2020-12-30|167.44|168.39|166.68|167.01
2020-12-31|167.07|169.135|166.29|168.84
2021-01-04|169.02|169.4776|163.105|165.5
2021-01-05|165.19|166.66|163.2|166.32
2021-01-06|162.98|167.28|162.97|164.32
2021-01-07|164.18|167.12|161.78|165.83
2021-01-08|166.22|166.86|164.64|166.41
2021-01-11|185|189.3012|182.02|185.94
2021-01-12|182.79|184.24|177.438|178.8
2021-01-13|179.83|187.62|179.34|185.5
2021-01-14|185.27|188.96|184.58|186.69
2021-01-15|186.8|191.78|186.8|190.77
2021-01-19|196|199.5199|194.07|198.48
2021-01-20|198.77|201.7731|198.68|201.26
2021-01-21|203.7|204.72|198.01|202.35
2021-01-22|202.04|206.54|200.56|206.14
2021-01-25|208.24|212.53|208.0879|212.35
2021-01-26|212.55|213.23|210.6|212.72
2021-01-27|211.07|212.02|205.1|207.57
2021-01-28|208|211.84|207.57|210.12
2021-01-29|211.96|218|204.46|207.97
2021-02-01|209.46|209.89|203.1|203.14
2021-02-02|204.38|205.9|197.35|197.56
2021-02-03|197.81|200.59|196.89|196.96
2021-02-04|196.81|201.88|195.64|201.62
2021-02-05|201.62|202.9199|200.85|201.77
2021-02-08|202.38|206.43|201.91|205.77
2021-02-09|203.75|204.9499|200.32|201.71
2021-02-10|204.47|205.55|201.64|204.39
2021-02-11|202.87|204.18|201.62|202.58
2021-02-12|201.65|208.22|201.15|207.29
2021-02-16|205.98|207.49|203.61|205.76
2021-02-17|205.01|206.69|204.265|206.46
2021-02-18|205.3|205.415|200.95|201.12
2021-02-19|201.13|202.8789|200.3301|200.92
2021-02-22|199.18|201.61|197.96|200.68
2021-02-23|200.31|204.31|198.68|202.48
2021-02-24|201.67|206.455|201.63|204.52
2021-02-25|203.57|205.55|201.75|203.82
2021-02-26|206.7|206.99|202.06|204.89
2021-03-01|205.78|208.24|204.78|206.47
2021-03-02|208.89|209.95|204.1|204.14
2021-03-03|203.37|204.31|199.705|202
2021-03-04|203.79|204.74|198.61|200.54
2021-03-05|201.02|207.67|200.88|206.92
2021-03-08|207|210.8896|206.32|207.03
2021-03-09|208.34|212.16|206.06|206.11
2021-03-10|206.885|208.04|204.39|205.45
2021-03-11|206.51|207.25|204.27|205.21
2021-03-12|204.89|208.4599|202.28|208.08
2021-03-15|193.01|193.18|188.2|189.16
2021-03-16|191.5365|191.62|187.23|190.9
2021-03-17|189.73|189.83|186.56|186.73
2021-03-18|186.02|187.09|183.8|183.93
2021-03-19|184.7|185.8|183.88|184.29
2021-03-22|184.05|185.91|183.2|185.84
2021-03-23|185.35|186.655|183.25|183.68
2021-03-24|183.7|183.835|179.82|180.17
2021-03-25|181|183.64|180.22|183.09
2021-03-26|184.05|185.91|182.63|185.31
2021-03-29|184.66|187.6696|183.505|186.34
2021-03-30|185.53|186.86|184.71|185.5
2021-03-31|185.57|187.94|185.26|186.82
2021-04-01|186.82|188.07|184.66|185.24
2021-04-05|185.59|185.9|183.1|184.89
2021-04-06|184.69|185.63|182.49|182.8
2021-04-07|182.9|183.18|181.22|182.32
2021-04-08|182.95|183.97|182.47|182.61
2021-04-09|182.53|185.14|182.41|184.49
2021-04-12|183.43|183.94|180.88|181.82
2021-04-13|181.18|183.64|181.18|182.53
2021-04-14|182.59|184.469|182.05|183
2021-04-15|183.79|187.72|183.41|185.92
2021-04-16|187.38|190.3|186.88|189.25
2021-04-19|189.24|190.88|188.07|189.64
2021-04-20|190.41|193.5|190.17|190.61
2021-04-21|191.56|193.01|189.8|190.95
2021-04-22|190|191.27|186.75|187.05
2021-04-23|187.03|189.13|187.03|188.72
2021-04-26|188.57|188.65|186.06|187.22
2021-04-27|184|185.87|180.79|182.21
2021-04-28|181.45|182|178.5779|180.55
2021-04-29|181.06|182.63|180|182.2
2021-04-30|181.84|183.95|181.19|182.77
2021-05-03|182.99|186.35|182.92|185.92
2021-05-04|187.53|190.08|186.78|188.2
2021-05-05|188.65|193.57|188.17|192.81
2021-05-06|191.55|194.1|189.3227|193.89
2021-05-07|194.82|196.2668|193.9|195.42
2021-05-10|196.17|196.61|193.5|194.76
2021-05-11|193.39|195.75|193.01|194.75
2021-05-12|194.75|195.65|192.73|193.2
2021-05-13|192.25|196.11|191.75|194.94
2021-05-14|195.71|197.27|194.92|196.21
2021-05-17|196.48|199.61|195.09|195.53
2021-05-18|195|196.35|193.58|194.63
2021-05-19|193.61|197.39|193.11|196.51
2021-05-20|197.16|201.08|196.17|199.53
2021-05-21|200|201.92|199.47|199.88
2021-05-24|201|203.615|200.04|201.02
2021-05-25|201.43|201.85|199.14|199.22
2021-05-26|199.23|202.44|198.25|200.99
2021-05-27|200.65|201.38|195.5|199.2
2021-05-28|199.12|202.28|198.53|199.74
2021-06-01|200.32|200.89|196.68|198.42
2021-06-02|199.01|200.92|198.25|199.13
2021-06-03|198.99|203.64|198.61|202.7
2021-06-04|202.79|204.45|201.2902|202.02
2021-06-07|201.99|233.33|201.83|222.52
2021-06-08|221.71|222.27|217.37|220.7
2021-06-09|221.35|226.73|220.26|226
2021-06-10|226.97|235.847|226.25|233.54
2021-06-11|227.03|229.59|221.56|224.09
2021-06-14|224.23|226.66|223.02|226.1
2021-06-15|226.1|226.66|222.87|223.52
2021-06-16|223.53|224.36|220.2|220.76
2021-06-17|220.27|223.095|220.27|222.21
2021-06-18|220.43|221.05|218.32|218.55
2021-06-21|219.1|223.77|218.08|222.67
2021-06-22|222.63|223.61|220.5128|221.44
2021-06-23|222.19|222.24|217|217.1
2021-06-24|234.92|239.37|230.42|232.97
2021-06-25|233.12|233.4899|229.39|230.22
2021-06-28|229|229.88|226.8784|228.22
2021-06-29|228.25|231.4|227.85|229.37
2021-06-30|230.09|230.8459|229.06|229.52
2021-07-01|229.51|231.5|228.66|231.13
2021-07-02|231.97|234.21|231.33|233.96
2021-07-06|233.63|235.575|233.2301|235.42
2021-07-07|234.68|236.59|233.46|235.82
2021-07-08|233.83|237.27|232.1|237.12
2021-07-09|237.17|238.4717|232.75|234.99
2021-07-12|235.17|238|235.15|236.01
2021-07-13|235.98|236.65|234.03|235.3
2021-07-14|235.79|237.23|234.73|236.35
2021-07-15|235.01|235.99|230.69|231.47
2021-07-16|232.5|233.04|231.21|232.46
2021-07-19|231.88|234.3|230.57|234.14
2021-07-20|235|237.75|233.935|235.02
2021-07-21|236.38|237.37|233.59|237.29
2021-07-22|237.28|239.7|236.37|238.49
2021-07-23|239.28|244.55|238.56|244.15
2021-07-26|242.57|245.28|242.57|243.21
2021-07-27|243.71|244.06|242.66|243.58
2021-07-28|243.37|248.4|242.64|246.51
2021-07-29|247.5|248.24|242.2401|245.33
2021-07-30|244.9|245.95|242.63|243.5
2021-08-02|245.73|247.885|244.25|246.6
2021-08-03|244.75|259.37|243.5|255.99
2021-08-04|256|270.65|255.42|262.47
2021-08-05|263.28|265.51|261.33|264.19
2021-08-06|263.51|264.27|260.74|263.44
2021-08-09|264.58|273.04|264.5|267.16
2021-08-10|266.75|271.08|266.18|269.45
2021-08-11|269.59|270.94|262.66|264.1
2021-08-12|263.2|264.535|261.49|263.47
2021-08-13|263.15|265.69|263.02|264.21
2021-08-16|264.88|270.26|264.265|269.94
2021-08-17|271.16|275.87|267.18|272.71
2021-08-18|272.01|274.76|268.03|268.52
2021-08-19|266.15|271.8475|265.43|270.4
2021-08-20|269.38|272.8665|269.06|270.91
2021-08-23|272.3|272.91|267.7|267.82
2021-08-24|266.2|267.44|261.78|262.77
2021-08-25|262.78|264.52|261.29|263.87
2021-08-26|264|265.59|260.58|261.32
2021-08-27|262.52|263.1257|258.58|259.75
2021-08-30|261.03|264.07|259.61|262.31
2021-08-31|262.84|263.635|257.86|258.29
2021-09-01|258.54|258.77|254.49|257.4
2021-09-02|257.41|259.73|256.47|259.57
2021-09-03|260.83|260.99|256.7836|259.53
2021-09-07|259|260.82|254.41|254.8
2021-09-08|254.6|255.71|253.68|254.84
2021-09-09|253.29|254.02|239.67|240
2021-09-10|242.2|243.89|238.57|239.5
2021-09-13|240.04|241.15|235.15|237.96
2021-09-14|238.72|239.7939|231.98|233.09
2021-09-15|233.58|239.38|233.06|233.73
2021-09-16|234.08|234.69|229.73|231.04
2021-09-17|229.71|230.83|228.23|230.1
2021-09-20|228.09|232.73|227.29|231.64
2021-09-21|232.06|233.72|229.74|230.17
2021-09-22|230|231.03|227.58|228.3
2021-09-23|229.3|234.2|229.01|232.18
2021-09-24|232.77|235.385|231.34|231.68
2021-09-27|229.97|231.06|225.613|226.4
2021-09-28|226.39|226.4|220.2|221.6
2021-09-29|225.41|231.44|224.56|230.36
2021-09-30|232.78|237.16|230.8|231.05
2021-10-01|231|231.68|225.45|229.59
2021-10-04|227.8|230.19|224.22|224.85
2021-10-05|226.44|232.56|226.1747|230.93
2021-10-06|230.56|230.85|226.05|227.85
2021-10-07|229.12|234.11|229|233.18
2021-10-08|233.42|235.81|231.55|233.94
2021-10-11|236.7|237.99|233.6|233.67
2021-10-12|234.7|235.07|231.98|232.78
2021-10-13|234.07|237.92|232.8|236.44
2021-10-14|237.01|238.44|234.11|236.69
2021-10-15|237.42|239.2986|235.82|237.88
2021-10-18|237.95|242.66|236.7|238.98
2021-10-19|239.06|242.55|239.06|242.31
2021-10-20|243.73|245.9|243.04|243.72
2021-10-21|244.95|244.95|239.834|241.17
2021-10-22|240.96|244.04|239.56|243.75
2021-10-25|244.66|246.2667|240.52|245.05
2021-10-26|244.5|248.92|237.09|248.44
2021-10-27|248.61|254.46|248.32|250.17
2021-10-28|250.16|256.75|250.08|253.35
2021-10-29|253.78|256.47|251.77|254.76
2021-11-01|255.11|256.48|248.05|249.31
2021-11-02|251.25|259.3|249.4|256.85
2021-11-03|257.77|266.79|257.76|266.26
2021-11-04|265.48|271.11|265.27|271
2021-11-05|268.99|269.49|258.56|265
2021-11-08|263.99|266.91|259.155|260.53
2021-11-09|260.53|262.16|258.39|262.02
2021-11-10|262|266|261.6|264.65
2021-11-11|262.32|264.32|261.95|262.63
2021-11-12|261.78|262.52|258.93|259.65
2021-11-15|259.39|259.61|257.16|258.43
2021-11-16|256.96|260.35|255.99|257.72
2021-11-17|256.81|264.55|256.07|261.18
2021-11-18|262|263.8|259.82|261.33
2021-11-19|266.43|270.8|260.3|260.7
2021-11-22|262.22|263.9899|259.13|260.44
2021-11-23|259.47|262.76|259.25|261.96
2021-11-24|262.77|264.94|260.05|262
2021-11-26|261.8|265.88|259.03|260.37
2021-11-29|260.02|262.32|254.5|254.83
2021-11-30|253.27|254|246.48|248.04
2021-12-01|249.44|255.2991|247.89|249.13
2021-12-02|246.52|249.98|245.12|247.88
2021-12-03|252.13|253.48|243.08|245.58
2021-12-06|245.92|246.94|241.53|246.33
2021-12-07|244.24|245.435|241.45|245.11
2021-12-08|246.61|248.1815|239.47|244.32
2021-12-09|244.49|245.91|242.75|242.9
2021-12-10|241.2|244.585|241.2|244.14
2021-12-13|245.51|250.7|245.46|248.53
2021-12-14|247.74|250.01|246.39|249.38
2021-12-15|262.07|275.54|257.2098|275.28
2021-12-16|275.67|283.905|272.05|279.04
2021-12-17|276.67|276.67|265.3346|267.42
2021-12-20|269.23|270.005|260.35|263.48
2021-12-21|264|265.95|260.57|264.88
2021-12-22|264.74|266.56|262.85|266.5
2021-12-23|269.05|275.27|266.68|273.1
2021-12-27|275.04|280.3|274.72|278.41
2021-12-28|279.34|279.4|275.8901|276.43
2021-12-29|275.82|279.36|275.74|278.42
2021-12-30|279.19|280.65|276.37|277.25
2021-12-31|277.47|278.73|276.01|276.22
2022-01-03|274.41|274.41|267.0637|271.73
2022-01-04|269|269.875|263.58|266.81
2022-01-05|268.16|268.77|260.42|260.65
2022-01-06|260.1|261.295|255.46|259.33
2022-01-07|259.74|261.25|256.71|259.5
2022-01-10|258.19|260.16|255.89|260.11
2022-01-11|261.59|262.41|257.06|262.32
2022-01-12|252.9|257.4376|250.97|255.92
2022-01-13|254.07|255.5|248.55|249.67
2022-01-14|250.15|250.54|242.9|244.12
2022-01-18|242.75|248.52|242.09|247.07
2022-01-19|246.33|250.4091|244.725|245.05
2022-01-20|245.58|247.95|242.5|243.13
2022-01-21|246.88|247.875|242.12|243.06
2022-01-24|242.55|243.76|232.68|240.42
2022-01-25|236.81|241.53|235.12|239.46
2022-01-26|239.63|242.43|235.91|237.86
2022-01-27|239.98|243.27|235.76|236.72
2022-01-28|237.49|245.22|235.05|245.1
2022-01-31|243.27|245.49|241.915|245.39
2022-02-01|247.05|248.84|243.2621|248.28
2022-02-02|245.35|251.8756|244.025|250.83
2022-02-03|247.5|248.12|241.1|244.81
2022-02-04|242.72|244.1|241.22|242.27
2022-02-07|242.41|244.03|240.3038|243.55
2022-02-08|241.9|242.89|237.47|239.91
2022-02-09|241.26|244.46|241.06|243.27
2022-02-10|239.9|244.09|238.11|239.64
2022-02-11|239.23|240.63|234.85|235.74
2022-02-14|234|236.88|231.87|234.69
2022-02-15|236.65|244.79|236.65|243.84
2022-02-16|242.58|247.02|242.58|245.58
2022-02-17|245.58|245.585|240.41|240.97
2022-02-18|238.02|242.43|238.02|240.31
2022-02-22|239.21|240.86|237.52|239.13
2022-02-23|240.55|242.68|238.015|238.31
2022-02-24|235.18|243.93|234|243.08
2022-02-25|243.84|252.9|243.725|250.85
2022-02-28|246.14|250.06|244.59|249.95
2022-03-01|247.56|250.34|245.44|249.5
2022-03-02|249.88|256.48|249.055|254.17
2022-03-03|254.83|259.58|254.385|258.64
2022-03-04|256.21|263.455|255.52|262.87
2022-03-07|259.86|263.63|257.86|261.64
2022-03-08|259.93|265.3|258.91|259.93
2022-03-09|263.3|267.79|262.07|262.79
2022-03-10|262.84|267.73|262.84|266.02
2022-03-11|265.07|271.72|265.07|266.3
2022-03-14|268.99|270.9|267.32|269
2022-03-15|269.87|276.48|269.87|275.46
2022-03-16|277.85|278.61|273.01|276.44
2022-03-17|277.01|285.8882|276.45|285.51
2022-03-18|285.84|291.35|284.86|287.64
2022-03-21|287.76|295.33|287.76|289.64
2022-03-22|289.67|290.56|283.39|285.02
2022-03-23|284.42|288.18|283.35|284.19
2022-03-24|286.29|288.85|284.66|287.69
2022-03-25|288.5|291.65|286.58|289.02
2022-03-28|291.328|292.45|288.31|291.66
2022-03-29|292.03|293.14|287.58|288.39
2022-03-30|290.58|292.29|287.99|289.89
2022-03-31|289.37|291.8|285.92|286.37
2022-04-01|286.15|293.14|284|292.67
2022-04-04|292.75|294.98|290.95|291.42
2022-04-05|291.72|295.83|289.1|292.49
2022-04-06|296.09|306.56|294.77|305.84
2022-04-07|305|314|305|308.43
2022-04-08|308|312.38|307.95|311.69
2022-04-11|313.09|313.76|308.05|308.96
2022-04-12|306.58|309.61|304.18|308.08
2022-04-13|307.28|308.3|300.41|302.67
2022-04-14|303.75|304.47|300.19|301.86
2022-04-18|301.07|302.06|296.8|298.82
2022-04-19|298.41|299.69|293.8|297.01
2022-04-20|297.02|299|292.3|292.92
2022-04-21|292.92|293.4525|286.66|289.61
2022-04-22|289.3|289.62|278.4|278.73
2022-04-25|278.75|285.95|276.83|285.2
2022-04-26|286.18|290.21|282.7919|282.83
2022-04-27|283.1|288.13|280.59|285.09
2022-04-28|295.99|300.51|288.56|297.27
2022-04-29|295.79|297.31|289.14|292.13
2022-05-02|291.23|292.84|284.28|289.56
2022-05-03|288.63|289.81|284.11|288.07
2022-05-04|288.5|296.98|284.12|294.9
2022-05-05|293.42|294.99|288.3|292.37
2022-05-06|290.17|298.25|288.52|296.9
2022-05-09|293.51|294.93|286.65|289.23
2022-05-10|292|293.43|285|285.7
2022-05-11|283.67|294.5|283|286.69
2022-05-12|283.325|291.99|283.325|291.8
2022-05-13|292.63|292.8|286.51|291.63
2022-05-16|292.11|309.44|291.6|299.38
2022-05-17|300|303.4|293.39|301.4
2022-05-18|300|302.6|294.03|295.19
2022-05-19|293.58|293.58|284.37|286.27
2022-05-20|290.73|299.24|288.92|298.85
2022-05-23|300.6|304.92|299.35|302.6
2022-05-24|303.71|307.67|299.8|305.96
2022-05-25|307|310.42|304.64|307.01
2022-05-26|305.23|313.91|303.61|313.46
2022-05-27|312.65|324.08|311.26|323.48
2022-05-31|316.63|318.46|309.03|313.44
2022-06-01|313.44|313.9|305.59|311.08
2022-06-02|310.57|310.665|298.165|302.43
2022-06-03|302.16|305.81|300.7|301.65
2022-06-06|315.13|315.13|303.09|303.36
2022-06-07|303.992|312.15|303.02|312.1
2022-06-08|312.43|315.5|310.81|313.49
2022-06-09|311.6|311.92|303.11|303.25
2022-06-10|299.23|301.66|296.87|297.01
2022-06-13|290.432|293.16|288.51|291.28
2022-06-14|289.17|292|287.29|290.79
2022-06-15|291.6|296.34|288.53|292.99
2022-06-16|290.2|290.2|283.11|288.07
2022-06-17|290.01|300.99|289.68|290.9
2022-06-21|292.38|299.28|290.31|297.34
2022-06-22|296.96|309.65|296.43|306.69
2022-06-23|309.5|313.19|307.19|312.72
2022-06-24|319.55|325.82|319.01|325.62
2022-06-27|324.23|330.85|322|327.27
2022-06-28|326.52|329.065|316.76|317.62
2022-06-29|318.16|324.7|317.65|323
2022-06-30|322.13|327.05|320.01|324.23
2022-07-01|323.88|325.4|317.76|324.71
2022-07-05|322.44|327.43|318.93|327.18
2022-07-06|328|332.74|326.75|330.15
2022-07-07|327.25|330.5|326.24|327.95
2022-07-08|326.55|334.52|326.16|330.47
2022-07-11|330.61|332.68|329.4276|331.07
2022-07-12|330|331.99|323.36|323.59
2022-07-13|322.01|324.68|320.83|322.46
2022-07-14|317.54|327.76|315.51|326.89
2022-07-15|331.97|335.33|328.17|331.6
2022-07-18|330.12|331.97|319.71|321.77
2022-07-19|324.09|327.38|321.84|326.2
2022-07-20|327.09|327.82|320.31|322.03
2022-07-21|321.45|328.05|319.71|326.92
2022-07-22|326.95|329.22|325.83|328.75
2022-07-25|328.75|332.27|328.06|331.55
2022-07-26|330.99|332.57|328.61|331.56
2022-07-27|328.98|330.87|325.1901|328.94
2022-07-28|330.24|333.59|321.74|330.8
2022-07-29|331.06|331.06|326.82|329.69
2022-08-01|327.51|330.43|323.46|324.15
2022-08-02|327.19|328.98|319.36|320.2
2022-08-03|320.63|320.98|310.22|313.83
2022-08-04|310.2|310.25|302.24|305.79
2022-08-05|302.48|305.32|300.31|301.32
2022-08-08|300.65|306.12|296.53|302.5
2022-08-09|305.09|306.6973|301.3|303.02
2022-08-10|304.5|307.13|302.59|304.61
2022-08-11|301.03|305.42|299.63|301.17
2022-08-12|302.92|308.49|301.3|308.08
2022-08-15|309.21|314.61|307.31|313.94
2022-08-16|313.93|314.365|309.63|310.31
2022-08-17|310.01|320.6|310.01|316.82
2022-08-18|316.75|318.96|314.2|316.72
2022-08-19|317.51|325.75|317.5|322.77
2022-08-22|322.28|325.77|320.39|323.1
2022-08-23|321.24|321.84|313.87|315.1
2022-08-24|316.47|320.86|315.22|318.87
2022-08-25|320.6|323.37|315.83|323.14
2022-08-26|323.59|324.5899|315.265|315.56
2022-08-29|313.34|314.87|309.6801|310.15
2022-08-30|310.14|311.97|306.01|307.04
2022-08-31|307.14|308.82|301.11|301.23
2022-09-01|301|309.41|300.5|309.13
2022-09-02|310.11|310.22|299.76|301.33
2022-09-06|302.95|312.8331|302.23|306.82
2022-09-07|308.77|312.4|304.88|311.6
2022-09-08|311.95|315.73|307.59|315.5
2022-09-09|316.45|320.17|315.22|317.7
2022-09-12|318.89|320.45|314.88|315.22
2022-09-13|310.01|312.31|304.99|306.48
2022-09-14|307.21|311.8129|305.9|309.61
2022-09-15|309.71|312.28|305.75|309.47
2022-09-16|307.97|311.96|306.7375|308.89
2022-09-19|306.48|306.52|297.65|305.09
2022-09-20|303.82|303.82|298.94|301.73
2022-09-21|301|304.53|296.32|296.48
2022-09-22|300.8|312.61|299.96|310.87
2022-09-23|311.87|315.18|305.12|311.46
2022-09-26|308.8|311.73|304.88|307.5
2022-09-27|309.15|313.95|308.32|311.1
2022-09-28|333.53|341.7|328.1|334.38
2022-09-29|333.97|334.68|327.27|330.01
2022-09-30|327.15|329.5072|322.42|323.35
2022-10-03|325.99|329.345|317.05|321.55
2022-10-04|322.18|330.1|321.78|329.89
2022-10-05|328.3|333.85|327.52|331.78
2022-10-06|327.94|339.26|326.87|332.95
2022-10-07|332.97|333.07|324.9|326.66
2022-10-10|326.23|327.0068|320.24|323.89
2022-10-11|320|329.03|319.43|327.6
2022-10-12|327.38|333.65|323.88|324.57
2022-10-13|319.12|333.374|319.1001|332.1
2022-10-14|331.56|335.2874|328.2269|331.39
2022-10-17|332.79|337.58|331.75|332.76
2022-10-18|334.14|335.33|330.37|335.03
2022-10-19|335.25|335.63|325.97|329.29
2022-10-20|331.15|331.435|325.9|329.07
2022-10-21|329.07|342.43|326.77|340.77
2022-10-24|344.22|351.77|344.22|347.9
2022-10-25|346.52|352.3299|343.0501|351.31
2022-10-26|352.5|361.48|350.44|357.86
2022-10-27|358.99|361.1175|355.32|356.33
2022-10-28|360.32|362|357.04|359.9
2022-10-31|358.65|363.9199|350.46|362.09
2022-11-01|345.83|358.99|340.75|352.58
2022-11-02|354.16|363.1467|350.21|354.96
2022-11-03|354.06|362.83|351.51|361.68
2022-11-04|365.2|365.8754|353.335|357.41
2022-11-07|358|367|357.5|365.07
2022-11-08|365.15|368.75|361.9333|366.66
2022-11-09|368.44|369.8|361.91|363.27
2022-11-10|367.24|369|363.0001|368.72
2022-11-11|366.16|367.83|344.52|352.3
2022-11-14|359.07|360.8|340.12|356.06
2022-11-15|356.94|356.99|346.355|349.95
2022-11-16|350|356.88|349.96|352.93
2022-11-17|352.91|362.3|352.71|360.77
2022-11-18|362.55|364.67|359.35|361.67
2022-11-21|360.39|363.76|355.37|361.17
2022-11-22|362|362.8|357.3|360.88
2022-11-23|361.34|362.47|358.63|361.72
2022-11-25|362.9|365.83|361.55|365.25
2022-11-28|363.45|369.51|361|365.77
2022-11-29|364.62|366.11|360.64|363.95
2022-11-30|365.07|372.35|361.8|371.08
2022-12-01|374.79|375.185|368.49|370.33
2022-12-02|366.08|375.04|365|374.76
2022-12-05|373.76|375.25|368.28|369.29
2022-12-06|367|370.64|365.5193|368.54
2022-12-07|369.32|375.235|368.76|371.97
2022-12-08|373.26|373.26|366.5|371.79
2022-12-09|373|374|360.81|360.99
2022-12-12|362.93|367.8299|362.5|367.25
2022-12-13|361.63|372.74|358.32|358.66
2022-12-14|359.01|369.425|357.055|363.5
2022-12-15|360.66|363.965|356.69|360.01
2022-12-16|357.93|360.48|355.17|359.87
2022-12-19|357.81|359.7|354.6101|357.78
2022-12-20|358.5|361.45|356.34|359.64
2022-12-21|362.63|370.68|361.21|368.01
2022-12-22|367.32|369.76|362.29|365.31
2022-12-23|364.82|367.9|362.47|367.9
2022-12-27|369.5|369.73|364.33|364.88
2022-12-28|366.17|368.01|363.94|365.22
2022-12-29|368.1|370.95|366.46|367.02
2022-12-30|367.49|367.95|362.113|365.84
2023-01-03|366.26|369|361.46|364.99
2023-01-04|364.64|367.115|360.34|363.1
2023-01-05|360.95|361.49|352.96|358.92
2023-01-06|360|366.7|357.5815|362.94
2023-01-09|364|364.97|348.79|349.83
2023-01-10|349|353.21|343.34|352.75
2023-01-11|354.34|361.76|351|360.41
2023-01-12|359.25|360.4962|353.08|359.12
2023-01-13|359.57|363.31|358.64|361.62
2023-01-17|361.62|362|356.55|357.74
2023-01-18|356.32|359|351.58|352.01
2023-01-19|352.37|355.8|350.42|351.08
2023-01-20|347|349.065|341.58|346.07
2023-01-23|346.61|346.61|340.22|342.21
2023-01-24|354.17|365.22|340|346.39
2023-01-25|345.55|349.78|345.1|349.73
2023-01-26|351|352.18|346.73|348.01
2023-01-27|346.11|348.09|341.5255|342.1
2023-01-30|344.33|347.8|339.46|340.5
2023-01-31|340.68|344.4|339.38|344.15
2023-02-01|342.79|345.94|337.52|342.57
2023-02-02|334|335.3|317|330.7
2023-02-03|332.95|342.329|329.37|339.08
2023-02-06|341.98|343.42|334.62|337.66
2023-02-07|336.05|340.96|332.69|339.68
2023-02-08|338.56|342.87|337.82|340.73
2023-02-09|340.89|347.35|340.5|341.79
2023-02-10|343.27|348.43|342.73|345.12
2023-02-13|346.47|350.81|346|350.4
2023-02-14|350.54|353.815|347.28|347.56
2023-02-15|345.85|346.8673|334.35|335.01
2023-02-16|331|332.935|325.72|326.07
2023-02-17|323.15|331.585|320.5|328.4
2023-02-21|327.15|331.72|326.33|327.51
2023-02-22|328.71|332.6|326.33|329.07
2023-02-23|328.01|332.83|325.69|327.52
2023-02-24|326|327.2255|320.09|321.64
2023-02-27|322.6|323.4|315.9|316.62
2023-02-28|315.49|315.49|309.64|311.22
2023-03-01|310|316.9055|309.2|314.17
2023-03-02|311.79|316.3|310.53|315.05
2023-03-03|316.37|320.16|315.2407|318.43
2023-03-06|316.94|320.24|316.5|318.96
2023-03-07|319|320.35|309.6|310.63
2023-03-08|310.5|313.03|309.32|312.54
2023-03-09|312.31|318.7699|312.31|316.85
2023-03-10|318.85|326.53|314.34|315.02
2023-03-13|317.24|331.8|317.24|324.49
2023-03-14|324.05|327.28|321.44|327.07
2023-03-15|326|331.36|324.5|329.47
2023-03-16|327.64|331.6999|325.04|329.53
2023-03-17|331.5|334.9457|328.1|329.18
2023-03-20|329.18|333.94|329.0125|333.6
2023-03-21|334.39|334.44|328.0763|331.08
2023-03-22|331.77|335.6|330.65|330.97
2023-03-23|330.89|335.34|330.21|332.64
2023-03-24|332.99|336.93|328.77|336.13
2023-03-27|327.8|336.22|323.26|334.6
2023-03-28|335.8|338.83|334.715|337.65
2023-03-29|339|339.77|334.58|335.87
2023-03-30|336.07|341.31|336.07|340.69
2023-03-31|342|343.65|340.69|343.42
2023-04-03|343.24|351.535|342.3|350.74
2023-04-04|352.07|359|351.27|354.62
2023-04-05|358.08|364.85|357.93|362.24
2023-04-06|364.85|369.5|364.25|368.29
2023-04-10|368.18|368.345|363.038|367
2023-04-11|367.76|368.8|363.59|364.04
2023-04-12|364.02|372.44|363.33|369.05
2023-04-13|372.62|375.56|370.31|375.15
2023-04-14|374.24|376.31|372.51|374.73
2023-04-17|375|375.895|371.16|372.35
2023-04-18|373|374.26|369.66|369.91
2023-04-19|370.55|371.28|367.35|370.47
2023-04-20|371.39|376.06|369.755|374.81
2023-04-21|378.01|386.27|378|385.24
2023-04-24|385.24|387.05|381.625|383.35
2023-04-25|385.05|390.48|384|384.84
2023-04-26|381.12|381.5|370.68|376.27
2023-04-27|391.26|398.53|380.771|390.35
2023-04-28|398|404.3131|392.505|395.86
2023-05-01|397.26|407.35|392.255|405.81
2023-05-02|407|411.54|399.26|404.2
2023-05-03|415.03|434.2|414.31|431.19
2023-05-04|431.45|432.7|425.22|428.44
2023-05-05|428.1|431.27|424.56|427.81
2023-05-08|426.2|435|423|432.72
2023-05-09|431.77|435.6|428.045|428.38
2023-05-10|426.06|438.39|426.06|435.92
2023-05-11|436.7|436.85|431.1155|435.55
2023-05-12|440.16|445.54|434.42|434.43
2023-05-15|435.37|436|430.67|434.51
2023-05-16|434.2|438.475|430.66|436.65
2023-05-17|438.8|438.95|432.73|437.47
2023-05-18|436.505|439.52|433.5948|437.89
2023-05-19|439|447.51|439|442.38
2023-05-22|444.31|454.95|432.39|433.99
2023-05-23|432.92|435.89|421.51|423.21
2023-05-24|424|428.9574|420.26|425.77
2023-05-25|426.38|428.2|419.8|427.31
2023-05-26|424.9|431.67|423.67|425.79
2023-05-30|423.79|428.73|422.0601|427.24
2023-05-31|427|430.56|424.01|429.46
2023-06-01|430.27|436.79|428.13|436.49
2023-06-02|439.96|444.7|436.7849|442.33
2023-06-05|443|447.8|441.2488|444.26
2023-06-06|447.83|448.87|440.02|443.07
2023-06-07|440.2|446.69|435.68|436.37
2023-06-08|435.88|447.47|432.34|445.66
2023-06-09|449.3|449.3|442.6|446.04
2023-06-12|446.15|446.99|438.68|445.31
2023-06-13|443.67|447.4006|442.25|445.72
2023-06-14|444.29|448.78|443.54|447.72
2023-06-15|448|456.575|447.69|453.93
2023-06-16|455.8|456.98|447.5|447.71
2023-06-20|445.86|454.88|445.11|451.95
2023-06-21|454.5|455.34|450.2122|453
2023-06-22|455|462.26|453.82|457.68
2023-06-23|457|460.01|452.32|458.84
2023-06-26|465.26|465.26|448.92|452.76
2023-06-27|462.5|467.98|451.7|464.5
2023-06-28|468.51|468.53|457.32|458.7
2023-06-29|459.06|465.83|457.5062|464.49
2023-06-30|464.65|469.87|464|468.98
2023-07-03|466.26|466.26|457.37|461.42
2023-07-05|462.1|467.2525|460|465.7
2023-07-06|463.12|467.6|461.62|463.21
2023-07-07|462.33|463.61|451.24|452.08
2023-07-10|452.96|454.67|449.71|453.16
2023-07-11|450|450.56|437.61|439.39
2023-07-12|438.47|444.3|435.01|440.6
2023-07-13|440.23|442.24|434.34|434.7
2023-07-14|441.1|450.45|440.87|449.46
2023-07-17|449.45|450.62|443.26|447.14
2023-07-18|446.95|453.3224|445.04|451.2
2023-07-19|451.4|455|448.56|453.56
2023-07-20|455.15|465.22|455|463.82
2023-07-21|465.41|467.04|461.97|462.04
2023-07-24|462|465.64|457.67|459.32
2023-07-25|457.76|460.92|456.6|457.54
2023-07-26|455|455|446.56|453.59
2023-07-27|453.32|458.68|452.2529|454.99
2023-07-28|455.13|459.57|451.7801|458.48
2023-07-31|459.02|459.02|450.8|454.55
2023-08-01|455.35|457.37|451.4501|453.09
2023-08-02|455.23|461.64|451.32|454.48
2023-08-03|450.775|454.095|448.26|449.16
2023-08-04|449.24|452.47|446.89|449.49
2023-08-07|453.25|455|450.58|454.08
2023-08-08|506|538|502.71|521.6
2023-08-09|520.37|532.53|516.89|526.23
2023-08-10|523.47|528.74|519.99|521.34
2023-08-11|523.72|531.81|520|528.28
2023-08-14|531.28|542.3|529.25|538
2023-08-15|537.73|547.29|533.78|546.62
2023-08-16|547.4|552.87|542.5012|546.24
2023-08-17|543.21|548.805|537.39|537.66
2023-08-18|535.03|547.77|533.9001|546.43
2023-08-21|546.99|553.5|545.75|550.05
2023-08-22|549.53|556.095|547.28|553.66
2023-08-23|556.72|557.4|548.21|553.36
2023-08-24|552.7|556.98|547.3|548
2023-08-25|549.63|556.095|547.08|553.65
2023-08-28|550.13|556.23|550.12|553.92
2023-08-29|553.45|556.345|549.86|553.9
2023-08-30|555.01|557.75|547.04|547.99
2023-08-31|547.02|557.41|543|554.2
2023-09-01|556.32|559.205|553.51|557.11
2023-09-05|559.23|561.93|556.71|558.19
2023-09-06|561.02|561.59|552.7|559.95
2023-09-07|564.19|576.31|562.6207|573.23
2023-09-08|572.33|587.55|571.22|586.46
2023-09-11|587.15|598.16|584.48|595.56
2023-09-12|590.97|601.13|587.85|599.3
2023-09-13|594.66|600.75|591.7|598.88
2023-09-14|599.24|601.84|590.01|591.61
2023-09-15|592|594.06|575.06|575.66
2023-09-18|578|578|564.41|571.28
2023-09-19|571.62|578.41|570.63|574.96
2023-09-20|573.42|575.25|569.19|569.64
2023-09-21|567.19|568|542.5|550.13
2023-09-22|548.81|555.49|547.6273|550.54
2023-09-25|550.1|552.662|545.7501|552.29
2023-09-26|550.7|554.13|548|550.01
2023-09-27|549.89|551.69|543.665|549.76
2023-09-28|551.32|551.68|541.395|544.45
2023-09-29|545.49|546.085|532.2|537.13
2023-10-02|536.01|540.64|526.81|538.29
2023-10-03|536|537.34|516.57|525.19
2023-10-04|525.56|536.175|523.6301|531.46
2023-10-05|533.54|542.5|531.61|541.48
2023-10-06|544|566.3592|542.71|565.22
2023-10-09|564.02|579.79|563.58|571.76
2023-10-10|570|585.95|569.73|579.31
2023-10-11|596.2|608.79|585.01|605.28
2023-10-12|605.46|613|602.2|610.5
2023-10-13|617.89|629.97|602.56|609.2
2023-10-16|610.99|621.9823|608.43|616.64
2023-10-17|619|620.4|602.53|608.31
2023-10-18|607.24|615.875|603.2401|607.24
2023-10-19|605|605|578.34|590.8
2023-10-20|590|596.92|580.88|584.64
2023-10-23|586.06|588.34|576.14|576.65
2023-10-24|580|594.523|579.105|592.43
2023-10-25|596.94|599.7|585.87|586.46
2023-10-26|580|581|566.16|568.1
2023-10-27|563.01|570.81|556.6401|560.23
2023-10-30|571.21|573.2099|562.55|565.71
2023-10-31|568.97|569.61|547.61|553.93
2023-11-01|555|558.43|551.26|554.46
2023-11-02|578.33|597.4399|571.99|580.29
2023-11-03|578.43|582.995|567.18|567.81
2023-11-06|571.1|597.7096|571.01|595.19
2023-11-07|597|601.94|590.125|599.93
2023-11-08|607.66|625.87|592.18|619.13
2023-11-09|614.76|615.65|583.43|591.32
2023-11-10|595|598.86|586|597.71
2023-11-13|594.35|618.75|578.15|612.71
2023-11-14|608.22|616.04|602.67|610.82
2023-11-15|610.88|612.91|584.4165|588.54
2023-11-16|591.5|595.0899|581.7501|588.75
2023-11-17|592.45|596.1785|587.21|591.71
2023-11-20|591.44|604.86|590.69|597.6
2023-11-21|598.44|601.56|591.77|592.6
2023-11-22|595.4|599.18|586.75|595.09
2023-11-24|598.36|603.5|596.9813|601.1
2023-11-27|601.17|603.69|591.14|591.53
2023-11-28|592|595.38|589.36|591.6
2023-11-29|592.2|594.5399|584.4401|591.86
2023-11-30|591.46|596.23|586.21|591.04
2023-12-01|591.7|601.97|583|584.04
2023-12-04|582.13|587.09|574.33|585.68
2023-12-05|583.28|591.8|579.373|588.15
2023-12-06|590.74|593.9|584.4|589.25
2023-12-07|588.28|588.8699|577.61|588.27
2023-12-08|589|598.3|584.77|598.05
2023-12-11|598.66|601.19|567.41|584.04
2023-12-12|582|585.85|578.1663|584.76
2023-12-13|583.26|598.6699|582.31|597.5
2023-12-14|594.5|594.5|568.69|573.67
2023-12-15|572.1|573.71|561.65|572.04
2023-12-18|576.47|583.05|575.7|579.76
2023-12-19|580.25|585.11|577.25|579.81
2023-12-20|576.48|579.86|570.03|570.21
2023-12-21|571.41|574.9999|567.02|572
2023-12-22|573.02|575.9|567.42|570.39
2023-12-26|569.5|572.7722|567.64|570.67
2023-12-27|570.5|583.68|570.5|581.51
2023-12-28|581.98|586.69|580|580.85
2023-12-29|582.85|586.1704|579.47|582.92
2024-01-02|580.41|592.72|579.05|592.2
2024-01-03|600|619.84|598.8|617.7
2024-01-04|625.26|636.41|613.27|614.5
2024-01-05|614|619.94|610.19|618.55
2024-01-08|622.43|626.0599|609.59|626.03