2018-08-01|132.39|132.96|132.08|132.64
2018-08-02|132.89|133|131.09|131.25
2018-08-03|131.18|132.7|130.9|131.95
2018-08-06|131.64|132.53|131.01|132.02
2018-08-07|131.88|132.17|131.3|131.46
2018-08-08|131.49|131.8|130.89|131.17
2018-08-09|131.54|131.72|130.67|131.2
2018-08-10|131.19|131.63|130.26|130.75
2018-08-13|130.72|130.9|129.85|130.22
2018-08-14|129.67|130.47|129.35|129.5
2018-08-15|129.75|130.74|128.93|130.43
2018-08-16|131.02|132.88|130.57|132.48
2018-08-17|132.45|135|132.19|134.47
2018-08-20|134.93|137.12|134|136.88
2018-08-21|137|137.43|135.3|135.35
2018-08-22|135.56|135.68|134.42|134.61
2018-08-23|134.61|135.49|134.1|135.11
2018-08-24|135.11|136.1464|134.83|135.95
2018-08-27|135.5|136.05|134.21|134.92
2018-08-28|134.78|134.9|133.89|134.32
2018-08-29|134.32|134.944|133.94|134.86
2018-08-30|134.7|135.6|134.6|134.95
2018-08-31|134.6|135|133.97|134.69
2018-09-04|134.69|134.75|133.44|133.72
2018-09-05|133.48|135.94|133.46|135.86
2018-09-06|135.5|137.31|135.18|136.87
2018-09-07|136.78|137.69|135.745|137.32
2018-09-10|137.53|138.4716|137.06|137.21
2018-09-11|137.64|138.91|137.22|138.51
2018-09-12|138.9|139.99|138.56|139.36
2018-09-13|139.89|140.48|139.02|139.89
2018-09-14|140|140.35|139.1|139.49
2018-09-17|139.33|140.4|139.18|139.96
2018-09-18|140.27|140.84|139.83|140.54
2018-09-19|140.76|140.99|140.05|140.46
2018-09-20|140.82|142.14|140.51|141.98
2018-09-21|142.18|143.13|141.69|142.88
2018-09-24|142.1|142.5|140.23|140.47
2018-09-25|140.53|140.96|138.4|138.64
2018-09-26|138.95|140|137.96|138.16
2018-09-27|138.45|139.5786|137.57|138.22
2018-09-28|138.1|138.56|137.41|138.17
2018-10-01|138.26|139.85|138|139.69
2018-10-02|139.79|140.73|139.65|140.48
2018-10-03|140.54|141.27|138.88|139.03
2018-10-04|138.55|139.53|137.32|139.35
2018-10-05|139.8|140.25|138.56|139.1
2018-10-08|138.9|139.68|138.62|139.39
2018-10-09|138.74|139.62|137.81|139.2
2018-10-10|139.35|140.46|137.73|137.73
2018-10-11|137.91|138.66|132.88|133.84
2018-10-12|134.4|134.41|132.23|133.87
2018-10-15|133.88|135.3|133.51|133.95
2018-10-16|134.75|137.99|134.75|136.56
2018-10-17|136.23|140|136.21|139.46
2018-10-18|139.2|139.81|137.71|139.5
2018-10-19|138.34|140|137.91|139.05
2018-10-22|138.61|139.26|138.14|138.68
2018-10-23|137.79|139.49|137.45|138.93
2018-10-24|138.52|140.11|137.17|137.47
2018-10-25|137.46|139.09|135.05|138.47
2018-10-26|137.94|139.3|135.33|136.97
2018-10-29|136.99|139.1|136.22|137.55
2018-10-30|137.93|141.1|137|140.75
2018-10-31|141|141.43|139.61|139.99
2018-11-01|140.07|141.58|139.85|140.82
2018-11-02|141.97|142|139.66|140.68
2018-11-05|141|142.74|140.755|142.2
2018-11-06|141.53|142.83|141.06|142.57
2018-11-07|143.1|144.8735|142.97|144.75
2018-11-08|144.31|145.7921|144|145.3
2018-11-09|145.04|145.74|144.38|145.34
2018-11-12|144.99|146.24|144.73|145.62
2018-11-13|146.19|146.75|143.42|144.68
2018-11-14|145.02|145.31|143.56|144.25
2018-11-15|143.41|144.51|142.48|144.5
2018-11-16|144.71|146.74|144.55|145.99
2018-11-19|146.43|148.44|146.37|147.73
2018-11-20|147.5|148.75|146.35|146.45
2018-11-21|146.23|146.23|140.78|141.99
2018-11-23|141.85|142.73|141.6|142.23
2018-11-26|142|142.05|140.715|141.37
2018-11-27|140.57|143.35|139.66|143.22
2018-11-28|143.83|146.56|143.36|146.44
2018-11-29|145.62|147.2|144.84|145.85
2018-11-30|145.34|147|145.1|146.9
2018-12-03|145.57|146.63|144.94|146.21
2018-12-04|146.32|148.99|145.82|146.03
2018-12-06|144.5|146.45|142.79|145.91
2018-12-07|145.49|147.3367|144.12|145.43
2018-12-10|145.39|145.88|142.38|145.26
2018-12-11|146.29|148.21|145.79|146.5
2018-12-12|147|148.49|147|147.1
2018-12-13|146.96|148.5899|146.8|147.84
2018-12-14|144.34|145.38|130.2|133
2018-12-17|128.32|131.65|126.83|129.14
2018-12-18|132.05|132.8|129.2|130.42
2018-12-19|129.87|131.35|127.09|127.61
2018-12-20|127.72|129.75|126.76|128.27
2018-12-21|127.8|130.6|127.12|128.09
2018-12-24|127.3|128|121|122.84
2018-12-26|123.42|126.76|122.0071|126.71
2018-12-27|125.87|127.41|123.07|127.41
2018-12-28|127.91|128.75|126.75|127.27
2018-12-31|128.18|129.55|127.42|129.05
2019-01-02|128.13|128.38|126.28|127.75
2019-01-03|128.135|128.27|125.36|125.72
2019-01-04|127.12|128.65|126.73|127.83
2019-01-07|127.63|128.3491|126.797|127.01
2019-01-08|128.18|130.5|127.73|129.96
2019-01-09|129.83|130.24|128.33|128.93
2019-01-10|127.69|129.89|127.69|129.71
2019-01-11|129|129.84|128.31|129.75
2019-01-14|128.74|128.96|127.5898|128.28
2019-01-15|128.52|129.49|127.65|129.36
2019-01-16|129.41|129.41|127.9|128.04
2019-01-17|127.71|129.52|127.4628|129.09
2019-01-18|129.9|131.18|129.45|130.69
2019-01-22|128.2|129.5009|127.01|128.8
2019-01-23|128.5|129.3|127.93|128.8
2019-01-24|128.49|128.7|125|127.03
2019-01-25|128.13|128.45|127.18|128.23
2019-01-28|127.81|129.15|127.29|128.99
2019-01-29|128.95|130.47|128.5|130.33
2019-01-30|130.37|132.19|130.3|131.64
2019-01-31|131.63|135.19|130.87|133.08
2019-02-01|134.02|134.69|133.47|134.2
2019-02-04|133.96|134.15|132.21|132.88
2019-02-05|133.52|133.88|132.75|132.88
2019-02-06|133.08|133.565|132.3|133
2019-02-07|132.45|132.64|131.53|132.05
2019-02-08|131.95|132.46|131.54|132.4
2019-02-11|132.31|132.67|131.26|132
2019-02-12|132.08|134.3|132.08|134.16
2019-02-13|134.07|134.98|133.21|134.45
2019-02-14|134.3|134.82|133.35|134.31
2019-02-15|135.19|136.41|135.01|136.38
2019-02-19|136.14|136.38|135.63|135.69
2019-02-20|135.97|136.73|135.7251|136.35
2019-02-21|134.98|135.7875|134.2688|135.42
2019-02-22|135.29|136.64|134.82|136.6
2019-02-25|136.35|137.49|135.86|136.2
2019-02-26|136.44|136.96|136.05|136.11
2019-02-27|135.52|136.25|135.39|135.87
2019-02-28|135.95|137.9549|135.69|136.64
2019-03-01|137.22|138.61|137.01|138.35
2019-03-04|138.85|139.41|137.51|138.48
2019-03-05|138.81|139.14|138.36|138.77
2019-03-06|139.47|139.65|138.6|139.09
2019-03-07|138.53|139.12|137.7|138.24
2019-03-08|138.09|139.3|136.42|138.06
2019-03-11|138.11|139.03|137.52|138.56
2019-03-12|138.65|140|138.5|139.18
2019-03-13|139.59|139.84|139.02|139.41
2019-03-14|138.34|138.8|137.94|138.02
2019-03-15|138|138.26|136.83|137.6
2019-03-18|137.65|137.78|136.72|137.17
2019-03-19|137.61|138.82|137.47|138.44
2019-03-20|138.33|138.51|136.65|137.29
2019-03-21|137|138.78|136.95|138.1
2019-03-22|137.75|138.39|136.86|136.91
2019-03-25|136.91|137.01|135.74|136.61
2019-03-26|136.93|139.27|136.93|138.57
2019-03-27|138.59|139.48|138.07|138.7
2019-03-28|139.06|139.46|138.71|138.88
2019-03-29|139.28|139.88|138.88|139.79
2019-04-01|139.99|140.29|138.735|138.98
2019-04-02|139.01|139.01|136.91|137.71
2019-04-03|138.2|138.24|136.87|137.17
2019-04-04|136.87|137.005|135.13|135.57
2019-04-05|136.04|136.58|135.7|136.18
2019-04-08|136.05|136.51|135.7|136.14
2019-04-09|136|136.26|134.56|135.57
2019-04-10|135.89|136.13|135.33|135.58
2019-04-11|135.96|136.18|134.42|135.21
2019-04-12|135.22|136.35|134.75|135.98
2019-04-15|136|136.79|135.8|136.52
2019-04-16|138.32|140.7|137.56|138.02
2019-04-17|139|140.1458|137.67|138.52
2019-04-18|139.35|140.24|135.75|137.52
2019-04-22|136.98|138.49|136.4575|137.83
2019-04-23|137.42|140.85|137.25|139.9
2019-04-24|139.65|140.14|138.8607|139.2
2019-04-25|138.52|139.77|137.96|139.65
2019-04-26|139.88|140.524|139.31|140.39
2019-04-29|140.35|140.43|139.58|139.84
2019-04-30|140.19|141.45|138.9599|141.2
2019-05-01|140.95|142.35|139.75|141.95
2019-05-02|141.91|142.15|140.12|141.28
2019-05-03|141.29|142.09|141.08|142.01
2019-05-06|140.25|142.24|139.93|142.09
2019-05-07|140.82|141.38|139.06|139.97
2019-05-08|140.2|140.92|139.7|139.79
2019-05-09|138.95|139.32|137.64|138.73
2019-05-10|138.43|139.25|136.41|139.05
2019-05-13|137.85|138.06|136.5302|137.2
2019-05-14|137.04|137.84|136.73|136.82
2019-05-15|136.9|137.49|135.33|136.91
2019-05-16|137.39|139.1929|136.97|138.21
2019-05-17|137|139.03|136.86|138.61
2019-05-20|138.61|138.96|137.68|138.42
2019-05-21|139.12|139.57|138.08|138.12
2019-05-22|138.35|138.95|137.485|138.76
2019-05-23|138.5|139.85|137.67|139.79
2019-05-24|139.5|139.5|138.56|138.85
2019-05-28|139|140.49|137|137.07
2019-05-29|135.89|135.89|128.52|131.33
2019-05-30|131.44|132.82|131.17|132.11
2019-05-31|131.52|132|129.61|131.15
2019-06-03|131.5|132.4|131.04|131.44
2019-06-04|132.6|134.3|132.58|133.73
2019-06-05|134.7|135.13|133.86|134.38
2019-06-06|134.9|137.66|134.59|136.68
2019-06-07|137.59|139.59|137.14|138.55
2019-06-10|138.6|139.15|137.6|139.02
2019-06-11|139.68|140.66|139.5|139.78
2019-06-12|140.3|142.91|140.3|141.68
2019-06-13|141.72|141.95|140.21|140.71
2019-06-14|141.23|141.485|140.04|140.09
2019-06-17|140|140.24|139.21|139.44
2019-06-18|140.56|140.93|139.79|140.23
2019-06-19|140.01|140.97|139.91|140.45
2019-06-20|141.25|142.4|141|142.21
2019-06-21|141.46|142.425|141.01|142.09
2019-06-24|142.42|143.7|142.09|143.06
2019-06-25|143.27|144.98|143.19|144.24
2019-06-26|143.85|143.85|140.76|141.85
2019-06-27|142.23|142.5|140.605|140.69
2019-06-28|140.74|141.1|138.505|139.28
2019-07-01|140.2|140.26|138.72|139.36
2019-07-02|139.22|140.03|138.69|140.03
2019-07-03|141|142.18|140.79|142.14
2019-07-05|141.74|141.8637|140.37|140.57
2019-07-08|140.12|141.08|139.635|140.97
2019-07-09|141.46|142.47|140.91|141.41
2019-07-10|141.78|141.99|140.67|141.21
2019-07-11|140.94|141.21|139.02|140.11
2019-07-12|140.12|140.12|132.32|134.3
2019-07-15|135.39|136.36|134.45|134.71
2019-07-16|132.93|133.83|131.75|132.5
2019-07-17|132.49|133.58|131.41|131.86
2019-07-18|132.13|132.51|131.17|132.07
2019-07-19|132.25|132.39|130.19|130.31
2019-07-22|130|130.15|127.84|128.64
2019-07-23|128.61|129.45|128.155|128.84
2019-07-24|128.88|129.79|128.57|129.78
2019-07-25|130.06|131.53|129.67|131.12
2019-07-26|131.3|131.3|130.49|130.73
2019-07-29|131|133.31|130.21|133.02
2019-07-30|132.47|132.49|131.27|132.08
2019-07-31|131.64|132|130.18|130.22
2019-08-01|130.26|130.74|129.02|130.29
2019-08-02|130.86|131.47|129.7701|131.07
2019-08-05|130.91|131.46|129.01|130.16
2019-08-06|130.34|131.22|129.59|130.77
2019-08-07|129.36|130.905|128.19|130.21
2019-08-08|130.98|131.945|130.23|131.68
2019-08-09|131.8|132.76|131.23|132.04
2019-08-12|131.5|132.7|131.29|132.16
2019-08-13|132.3|134.1|132|133.42
2019-08-14|132.53|132.54|130.13|130.26
2019-08-15|130.17|131.07|129.25|130.54
2019-08-16|131.47|131.67|130.595|131.36
2019-08-19|132.5|132.57|131.82|132.25
2019-08-20|131.96|132.66|130.46|130.6
2019-08-21|131.7|132.41|130.85|131.53
2019-08-22|131.6|132.13|130.8007|131.27
2019-08-23|131.07|131.26|127.13|127.73
2019-08-26|127.42|128.08|126.63|127.8
2019-08-27|129.88|132.4|129.1|129.64
2019-08-28|127.86|128.87|127.01|128.68
2019-08-29|128.84|129.2|126.83|128.24
2019-08-30|128.27|129.1|127.62|128.36
2019-09-03|127.99|128.98|127.51|128.74
2019-09-04|129.49|129.59|128.08|128.86
2019-09-05|129.9|129.9|128.31|128.58
2019-09-06|128.88|129.23|128.07|128.21
2019-09-09|128|128.16|126.59|126.95
2019-09-10|127.34|129.55|126.34|129.55
2019-09-11|129.86|131.28|129.08|131.17
2019-09-12|131.36|131.77|130.06|130.43
2019-09-13|131.33|131.57|129.96|130.78
2019-09-16|130.11|130.75|129.33|129.54
2019-09-17|129.6|130.5|129.11|129.67
2019-09-18|129.9|130.56|128.78|130.41
2019-09-19|129.63|131.19|129.36|130.11
2019-09-20|131|132|130.29|131.65
2019-09-23|131.02|132.05|130.49|131.74
2019-09-24|132.1|132.78|131.34|131.55
2019-09-25|131.5|131.575|130.23|130.99
2019-09-26|131.09|131.3092|128.03|128.85
2019-09-27|128.61|129.4|126.7|128.6
2019-09-30|129.07|130.28|129|129.38
2019-10-01|130.02|130.8|129.77|129.99
2019-10-02|132.76|134.7|131.22|132
2019-10-03|131.64|132.3715|130.01|131.19
2019-10-04|131.34|133.72|131.25|133.66
2019-10-07|133.09|133.825|132.1446|133.16
2019-10-08|132.45|133.265|131.49|131.84
2019-10-09|131.14|131.25|128.52|129.22
2019-10-10|128.95|130.1179|128.63|129.06
2019-10-11|131.14|132.62|130.82|131.33
2019-10-14|131.36|131.36|130.42|130.72
2019-10-15|133|134.25|132.1|132.84
2019-10-16|134.9|136.59|133.8|135.17
2019-10-17|135.96|137.49|135.65|136.17
2019-10-18|133.31|134.3875|127.7|127.7
2019-10-21|128.67|129.67|127.06|128.02
2019-10-22|128.76|130.54|128.09|129.2
2019-10-23|129.66|130.48|129.07|129.9
2019-10-24|130.42|130.58|126.1|127.5
2019-10-25|127.83|129.1|127.31|128.35
2019-10-28|128.62|130|128.51|129.18
2019-10-29|129.7|129.97|128.56|129.1244
2019-10-30|133.3|133.53|131.73|132.84
2019-10-31|132.38|132.84|130.89|132.04
2019-11-01|132.05|133|131.14|131.2
2019-11-04|131.8|131.95|130.09|130.23
2019-11-05|130.53|131.47|129.68|130.42
2019-11-06|130.42|131.48|129.7|130.96
2019-11-07|131.73|132.38|131.01|131.43
2019-11-08|131.3|133.04|130.97|133
2019-11-11|132.27|132.5247|131.33|131.98
2019-11-12|132|132.09|131.02|131.35
2019-11-13|131.04|131.487|130.72|131.27
2019-11-14|131.03|131.36|130.14|130.96
2019-11-15|131.25|134.97|130.78|134.94
2019-11-18|134.22|135.69|132.66|134.83
2019-11-19|135|135.19|134.21|134.82
2019-11-20|135.11|136.34|134.07|135.94
2019-11-21|135.94|136.85|135|136.44
2019-11-22|136.65|138.63|136.5|138.07
2019-11-25|137.06|137.65|136.24|137.18
2019-11-26|136.47|137.34|135.15|137.17
2019-11-27|137.16|138.25|136.9|137.75
2019-11-29|137.6|138.27|136.94|137.49
2019-12-02|137.72|137.85|136.85|137.36
2019-12-03|136.91|137.45|136.16|137.16
2019-12-04|138.5|139.74|138.04|139.38
2019-12-05|139.35|139.745|137.95|139.56
2019-12-06|139.46|141.58|139.46|140.38
2019-12-09|140.39|140.81|140.0601|140.5
2019-12-10|140.8|141|139.91|139.99
2019-12-11|140.93|141.98|140.63|140.98
2019-12-12|141.32|142.06|140.73|141.34
2019-12-13|141.1|141.8|140.31|141.38
2019-12-16|141.73|142.85|141.49|141.79
2019-12-17|143|144.05|142.52|143.56
2019-12-18|143.72|143.88|142.74|143.19
2019-12-19|143.89|145.88|143.61|145.35
2019-12-20|146.88|147.84|144.8|146.06
2019-12-23|145.74|146.76|145.3401|146.44
2019-12-24|146|146.01|145.26|145.93
2019-12-26|145.97|146.1827|145.16|145.83
2019-12-27|146.2|146.55|145.54|145.75
2019-12-30|145.78|146.2|145.03|145.3
2019-12-31|145.1|146.01|144.78|145.87
2020-01-02|145.87|146.02|145.08|145.97
2020-01-03|143.5|145.373|143|144.28
2020-01-06|144|144.2|142.85|144.1
2020-01-07|144.01|145.45|141.38|144.98
2020-01-08|144.87|145.98|143.7|144.96
2020-01-09|145.76|146.03|144.99|145.39
2020-01-10|145.75|146.18|144.9|145.06
2020-01-13|145.48|145.79|144.72|145.7
2020-01-14|145.05|146.61|144.73|146.52
2020-01-15|146.4|147.395|146.24|147.01
2020-01-16|147.42|148.84|146.2|148.2
2020-01-17|148.41|149.41|147.93|149.17
2020-01-21|148.58|150.17|148.5|149.27
2020-01-22|146.7|149.18|146|148.25
2020-01-23|148.04|148.77|146.755|148.53
2020-01-24|148.58|148.945|147.93|148.32
2020-01-27|147.52|149.46|147|148.75
2020-01-28|148.46|150.57|148.15|149.5
2020-01-29|149.45|151.19|149.13|150.54
2020-01-30|150.03|150.51|149.05|150.36
2020-01-31|149.75|150|148.64|148.87
2020-02-03|149.42|150.49|149.24|150.17
2020-02-04|151.49|152.75|151.2|151.6
2020-02-05|151.72|154.02|151.31|153.99
2020-02-06|154.25|154.5|152.74|153.53
2020-02-07|153.34|153.455|151.55|151.89
2020-02-10|151.68|151.91|150.8911|151.86
2020-02-11|152.29|152.38|151.54|151.99
2020-02-12|151.87|152.15|150.92|151.09
2020-02-13|150.16|151.045|149.88|150.09
2020-02-14|150.56|150.64|149.15|150.13
2020-02-18|150.47|150.74|149.06|149.14
2020-02-19|149.21|149.76|148.58|148.94
2020-02-20|148.61|149.38|147.4043|148.37
2020-02-21|148.09|150.24|147.54|149.93
2020-02-24|146.5|149|145.25|145.91
2020-02-25|145.99|146.75|143.83|144.65
2020-02-26|145.35|146.22|143.59|143.68
2020-02-27|142.56|144.77|138.95|139.12
2020-02-28|135.36|137.29|130.82|134.48
2020-03-02|134.78|140.13|134.0138|140.02
2020-03-03|140|140.99|133.1|135.59
2020-03-04|137.68|143.64|137.14|143.48
2020-03-05|140.8|142.68|139.84|142.01
2020-03-06|138.48|143.01|137.41|142.03
2020-03-09|136.33|139.6799|134.9|136.44
2020-03-10|139.97|141.95|134.23|141.64
2020-03-11|138.09|138.75|131.5|131.8
2020-03-12|127.31|133.765|124.5|125.41
2020-03-13|129.32|134.92|124.65|134.29
2020-03-16|123.57|133.76|122.43|127.13
2020-03-17|128.55|136.77|127.81|136.59
2020-03-18|131.02|135.6696|128.71|134.96
2020-03-19|134.99|134.99|126.15|127.05
2020-03-20|126.83|127.44|118.13|119.89
2020-03-23|117|118.56|109.16|111.14
2020-03-24|118.76|119.65|113.86|119.18
2020-03-25|118.91|123.96|116.7008|119.4
2020-03-26|120.57|127.1|120.38|126.57
2020-03-27|121.65|127.62|120.58|123.16
2020-03-30|128.46|133.99|127.5|133.01
2020-03-31|134.99|135.7097|130.05|131.13
2020-04-01|127.7|130.23|125.5|128.81
2020-04-02|129.12|134|127.22|133.15
2020-04-03|132.38|134.785|131.58|134.17
2020-04-06|137.01|140.97|135.54|139.76
2020-04-07|139.86|142.03|137.26|137.48
2020-04-08|137.75|144.13|137.3|143.26
2020-04-09|144.01|145.42|140.28|141.23
2020-04-13|140|141.4899|137.8404|139.77
2020-04-14|145.42|147.42|144.05|146.03
2020-04-15|145.55|147.91|143.54|147.66
2020-04-16|148.31|150.68|146.44|149.67
2020-04-17|151.99|152.3|149.6|152.02
2020-04-20|150.93|153|150.09|151.67
2020-04-21|150.12|151.64|148.57|149.68
2020-04-22|152.81|155|151.73|152.99
2020-04-23|154.25|157|153.6988|155.51
2020-04-24|155.57|156.3|153.64|154.86
2020-04-27|154.81|156.05|154|154.29
2020-04-28|151.25|153.1|150.7|151.39
2020-04-29|151.38|151.63|149.16|150.24
2020-04-30|148.46|150.43|147.16|150.04
2020-05-01|149.62|149.67|146.79|148.29
2020-05-04|148.77|149.08|147.09|148.27
2020-05-05|149|150.78|148.64|149.5
2020-05-06|150|150.32|148.04|148.08
2020-05-07|149.37|149.525|147.1301|147.59
2020-05-08|148.92|149.18|147.89|148.7
2020-05-11|148.45|150.1|148.12|149.11
2020-05-12|150.1|150.34|147.03|147.14
2020-05-13|146.08|148.95|146.01|147.13
2020-05-14|145.39|147.76|144.257|147.64
2020-05-15|147.87|150.48|145.66|150.44
2020-05-18|152.49|153.62|150.46|150.52
2020-05-19|150.1|151.1|148.4|149.02
2020-05-20|149.75|150.39|147.27|147.68
2020-05-21|148.5|148.5|145.82|146.71
2020-05-22|144.57|146.285|144.06|144.37
2020-05-26|146.19|146.44|144.3|144.56
2020-05-27|144.32|145.25|143.01|144.89
2020-05-28|146.02|148.11|145.81|146.97
2020-05-29|147.96|149.35|145.33|148.75
2020-06-01|147.29|148.34|146.01|147.19
2020-06-02|147.06|148.35|146.12|148.25
2020-06-03|148.52|149.14|146.449|148.65
2020-06-04|146.8|148.37|145.58|146.73
2020-06-05|147.69|149.64|146.6|147.3
2020-06-08|145.88|147.61|145.74|146.77
2020-06-09|148.25|149.33|145.65|145.96
2020-06-10|146.6|150.03|146.6|147.8
2020-06-11|148.58|149.17|140.75|140.87
2020-06-12|142.84|143.7067|140.28|142.15
2020-06-15|141|142.397|139.3914|141.25
2020-06-16|144.09|145.4219|142.77|144.46
2020-06-17|144.9|145.42|143.47|144.02
2020-06-18|142.52|144.115|141.87|143.41
2020-06-19|145.79|145.88|143.25|143.83
2020-06-22|143.47|143.66|142.03|143.39
2020-06-23|143.74|144.08|142.68|142.86
2020-06-24|141.49|142.19|138.72|139.82
2020-06-25|140.57|140.57|137.54|139.67
2020-06-26|139.53|139.6|137.02|137.81
2020-06-29|138.74|139.7|137.98|139.04
2020-06-30|139.4|141.02|137.84|140.63
2020-07-01|140.69|141.39|140.06|140.38
2020-07-02|141.25|141.8386|140.33|140.97
2020-07-06|142.17|143.77|141.88|142.98
2020-07-07|141.39|143.97|141.23|142.85
2020-07-08|142.87|143.39|141.7|143.27
2020-07-09|142.76|144.425|140.58|142.49
2020-07-10|142.75|142.87|141.425|142.37
2020-07-13|143.61|146.639|143.28|145.21
2020-07-14|145.32|148.39|145.26|147.92
2020-07-15|149.73|150.205|148.23|148.26
2020-07-16|148.68|149.34|146.68|149.25
2020-07-17|150|150.5776|148.69|149.35
2020-07-20|150.23|150.32|148.43|149.6
2020-07-21|149.6|151.6695|149.5|149.74
2020-07-22|149.93|150.405|147.85|150.01
2020-07-23|150.21|150.85|149.28|149.61
2020-07-24|150.5|150.6|147.03|148.12
2020-07-27|147.37|148.92|146.86|147.18
2020-07-28|147.4|147.99|146.75|146.83
2020-07-29|146.39|147.47|146.07|146.54
2020-07-30|147.44|147.5|146.14|146.84
2020-07-31|146.66|147.45|143.96|145.76
2020-08-03|146.39|147.79|146.15|147.35
2020-08-04|146.99|147.22|145.8247|147.22
2020-08-05|149.1|149.31|147.8|148.4
2020-08-06|148.4|149.25|146.5|147.55
2020-08-07|147.51|148.65|147.15|148.6
2020-08-10|148.86|149.01|147.72|148.03
2020-08-11|149.14|149.23|146.37|146.97
2020-08-12|147.54|150.24|147.49|149.66
2020-08-13|148.54|149.19|147.53|148
2020-08-14|147.61|149.34|147.58|148.24
2020-08-17|148.32|150.23|148.23|148.99
2020-08-18|149.26|150.1|148.57|150.09
2020-08-19|149.58|151.58|149.32|150.39
2020-08-20|149.75|151.58|149.5457|151.42
2020-08-21|151.78|153.65|150.5901|152.76
2020-08-24|152.74|152.9|150.35|152.15
2020-08-25|152.78|153.07|151.535|152.06
2020-08-26|151.86|152.65|150.64|152.3
2020-08-27|152.42|153.26|151.89|152.98
2020-08-28|152.74|153.7|151.9|153.64
2020-08-31|153|154.4|152.2605|153.41
2020-09-01|153.87|154.08|150.07|151.52
2020-09-02|150.79|154.33|149.245|153.83
2020-09-03|154.83|155.47|148.3|149.55
2020-09-04|150.17|150.95|147.13|148.59
2020-09-08|150.25|150.89|146.9|147.26
2020-09-09|148.15|151.1|148.12|149.7
2020-09-10|149.25|149.78|146.52|146.91
2020-09-11|147.05|148.53|146.63|147.78
2020-09-14|148.12|149.47|148.01|148.35
2020-09-15|149.45|150.59|148.52|148.89
2020-09-16|149.39|150.06|148.3501|148.4
2020-09-17|148.04|148.63|146.05|147.17
2020-09-18|146.51|149.65|146.2|149.18
2020-09-21|147.58|147.93|142.96|145.1
2020-09-22|144.69|145.35|143.72|144.21
2020-09-23|147.48|147.55|144.38|144.44
2020-09-24|144.56|145.25|143.34|144.67
2020-09-25|144|146.25|143.89|145.66
2020-09-28|146.73|148.29|146.42|147.11
2020-09-29|147.6|147.92|146.06|147.06
2020-09-30|147.45|149.73|146.84|148.88
2020-10-01|149.31|149.65|146.46|147.32
2020-10-02|146.21|148.41|145.83|146.24
2020-10-05|147|148.38|146.42|148.23
2020-10-06|148.28|148.61|145.87|146.26
2020-10-07|146.49|148.23|145.81|147.88
2020-10-08|148.5|149.85|148.04|148.89
2020-10-09|149.65|151.48|149.445|150.97
2020-10-12|151.6|153.142|151.02|151.84
2020-10-13|149|150.12|147.77|148.36
2020-10-14|148.82|149.03|147.39|148.1
2020-10-15|147.48|147.9|146.33|147.19
2020-10-16|147.6|148.76|147.01|148.1
2020-10-19|148.53|148.9|144.13|144.32
2020-10-20|144.66|145.75|144.12|144.55
2020-10-21|144.12|145.34|143.91|143.93
2020-10-22|144.16|145.69|143.84|145.08
2020-10-23|145.88|147.47|144.35|145.24
2020-10-26|144.43|144.77|142.75|143.97
2020-10-27|143.74|144.29|142.92|143.15
2020-10-28|141.425|141.98|138.18|138.36
2020-10-29|138|138.7|136.05|137.19
2020-10-30|136.68|137.54|133.65|137.11
2020-11-02|138.98|139.01|137.49|138.69
2020-11-03|140.02|140.96|137.78|138.5
2020-11-04|139.49|142.54|138.7|139.4
2020-11-05|140.55|141.83|139.26|139.76
2020-11-06|140.4|143.19|139.65|142.25
2020-11-09|148.425|148.99|144.92|146.08
2020-11-10|147.25|148.75|146.26|148.28
2020-11-11|149.17|149.2|146.86|147.8
2020-11-12|147.61|148.65|146.7536|148.3
2020-11-13|149.09|150.41|148.41|149.9
2020-11-16|150.92|151.3|149.801|150.85
2020-11-17|150|150.63|149.12|149.35
2020-11-18|148.87|149.76|147.37|147.37
2020-11-19|147.3|147.46|145.5869|147.14
2020-11-20|147.05|147.94|146.13|146.36
2020-11-23|146.01|146.01|143.04|143.87
2020-11-24|144|144.765|143.61|143.87
2020-11-25|144.06|144.17|142.86|143.68
2020-11-27|144.5|144.6583|143.22|144
2020-11-30|144.23|144.86|143.06|144.68
2020-12-01|146.29|149.13|145.86|147.45
2020-12-02|147.85|149.71|147.7|148.14
2020-12-03|148.04|149.58|147.69|149
2020-12-04|149.79|150.31|149.27|150.27
2020-12-07|149.35|149.91|148.51|148.97
2020-12-08|150|152.14|149.55|151.55
2020-12-09|152.83|153.5|151.755|153.1
2020-12-10|152.82|152.98|151.68|152.25
2020-12-11|151.53|153.41|151.23|152.95
2020-12-14|153.25|153.48|148.99|149.07
2020-12-15|150|150.75|149.53|150.57
2020-12-16|150.2|150.92|149.55|149.67
2020-12-17|150.09|153.885|149.955|153.62
2020-12-18|153.65|155.1|151.67|154.51
2020-12-21|152.01|153.41|150.05|153.02
2020-12-22|152.4|153.9|151.86|152.72
2020-12-23|152.8|153.603|151.9|151.94
2020-12-24|151.85|153.04|151.82|152.47
2020-12-28|153.32|153.87|152.3|153.19
2020-12-29|154.11|154.93|153.8|154.14
2020-12-30|154.74|156.38|154.6|156.05
2020-12-31|156.53|157.66|155.1098|157.38
2021-01-04|157.24|157.38|154.13|156.5
2021-01-05|156.25|158.76|155.07|158.34
2021-01-06|157.24|160.23|156.72|159.83
2021-01-07|159|161.03|158.35|160.37
2021-01-08|160.51|161.1|159.88|160.04
2021-01-11|160.56|161.32|158.77|159.37
2021-01-12|159.15|159.66|157.33|158.13
2021-01-13|158.23|158.455|156.75|157.89
2021-01-14|160.45|161.95|159.61|160.65
2021-01-15|160.3|161.4058|159.1058|160.3
2021-01-19|162|163.04|161.1|162.78
2021-01-20|163.2|164.14|161.8|162.38
2021-01-21|161.32|162.48|160.06|161.73
2021-01-22|162.36|165.155|161.87|163.55
2021-01-25|165.01|166.09|163.66|165.98
2021-01-26|169.7|173.65|169.39|170.48
2021-01-27|169.12|170.92|167.45|167.88
2021-01-28|168.2|170.86|167.8|169.16
2021-01-29|164.26|166|160.5941|163.13
2021-02-01|165.31|165.31|162.6|162.71
2021-02-02|163.38|163.66|161.18|161.25
2021-02-03|160.94|161.52|159.57|160.5
2021-02-04|161|162.09|159.76|161.99
2021-02-05|164.86|165.44|163.8601|164.45
2021-02-08|165.03|165.9206|163.88|164.92
2021-02-09|165.2|166.59|164.97|166.27
2021-02-10|167.89|167.94|165.7|166.81
2021-02-11|167|167.38|165.6|166.06
2021-02-12|164.4|166.85|164|166.58
2021-02-16|166.58|167.05|164.64|165.07
2021-02-17|164.97|166.09|164.36|165.66
2021-02-18|164.96|166.16|164.3|165.74
2021-02-19|165.6|165.96|162.91|162.98
2021-02-22|161.87|162.54|160.29|161.87
2021-02-23|161.48|163.19|160.4|160.44
2021-02-24|162.4|164.39|160.92|162.59
2021-02-25|163.13|163.7|161.99|162.76
2021-02-26|162|162.41|157.97|158.46
2021-03-01|161.45|161.53|159.09|159.32
2021-03-02|159.78|160.78|158.6|159.02
2021-03-03|158.25|158.9|156.0604|156.22
2021-03-04|155.99|156.1|151.47|153.07
2021-03-05|153.98|156.69|153.13|156.1
2021-03-08|157|159.33|155.98|157.4
2021-03-09|156.89|160.75|156.89|157.7
2021-03-10|158.82|159.895|157.36|159.15
2021-03-11|159.54|160.63|158.92|159.14
2021-03-12|159.28|160.31|159.19|159.6
2021-03-15|159.75|160.66|158.5|160.42
2021-03-16|160.46|161.68|160.24|161.37
2021-03-17|160.83|161.73|159.53|160.77
2021-03-18|160.21|161.49|159.96|160.47
2021-03-19|160.69|161.5|159.47|160.04
2021-03-22|158.31|160.65|158|160.5
2021-03-23|160.21|161.2004|158.88|160.35
2021-03-24|160.1|162.48|159.82|161.91
2021-03-25|162.44|162.45|160.64|161.97
2021-03-26|162.09|165.1|161.38|164.93
2021-03-29|163.83|167.03|163.6314|166.04
2021-03-30|165.02|165.66|164.23|165.01
2021-03-31|164.96|165.39|163.7|164.35
2021-04-01|162.6|163.84|162.26|162.83
2021-04-05|163.64|164.75|162.66|163.43
2021-04-06|164.08|164.52|163|163.39
2021-04-07|163.55|164.28|163.316|163.61
2021-04-08|164|164.1116|162.85|162.97
2021-04-09|162.12|162.93|159.78|161.25
2021-04-12|161.09|162.08|160.34|161.64
2021-04-13|156.86|159.93|156.53|159.48
2021-04-14|157.83|160.11|157.54|159.92
2021-04-15|160.72|162.39|160.23|160.39
2021-04-16|161.34|162.51|160.56|162.24
2021-04-19|162.5|163.11|160.84|162.69
2021-04-20|161|167.7899|161|166.48
2021-04-21|166.37|166.91|165.29|166.59
2021-04-22|165.836|166.28|164.62|165.18
2021-04-23|164.53|166.06|163.9996|165.52
2021-04-26|165.21|165.41|163.76|164.12
2021-04-27|163.76|163.91|162.47|163.18
2021-04-28|162.86|163.2|161.65|161.98
2021-04-29|161.9|164.26|161.9|164.2
2021-04-30|164.15|164.33|162.52|162.73
2021-05-03|163.6|165.32|163.12|165.21
2021-05-04|164.83|167.85|164.67|167.77
2021-05-05|167.5|168.4|166.785|167.07
2021-05-06|166.79|167.885|166.24|167.74
2021-05-07|168.3|169.18|167.83|168.5
2021-05-10|169.9|171.53|169.23|170.27
2021-05-11|170.65|170.87|168.28|168.88
2021-05-12|168.54|169.8|167.95|168.2
2021-05-13|166.97|170.7|166.97|169.96
2021-05-14|171.48|171.61|170.17|170.22
2021-05-17|170.4|171.89|170.305|170.39
2021-05-18|169.98|171.365|169.53|170.45
2021-05-19|169.91|170.16|168.0354|170.08
2021-05-20|169.94|171.59|169.69|171.07
2021-05-21|171.33|172.74|170.87|170.96
2021-05-24|170.9|171.35|169.77|170.55
2021-05-25|170.67|171.03|169.74|170.08
2021-05-26|170|170.08|168.28|169.07
2021-05-27|169.26|170.17|168.38|168.81
2021-05-28|169.52|171.005|169.17|169.25
2021-06-01|170.15|170.2|165.38|165.53
2021-06-02|165.3|166.725|165.11|166.2
2021-06-03|165.89|167.15|165.705|166.04
2021-06-04|167.005|167.565|165.87|165.97
2021-06-07|166|166.32|164.6317|164.84
2021-06-08|165.28|165.66|162.07|163.39
2021-06-09|163.99|165.78|163.66|165.59
2021-06-10|166|167.575|165.95|167.08
2021-06-11|167.07|167.08|164.22|164.96
2021-06-14|164.5|165.46|163.9|165.37
2021-06-15|165.23|165.86|164.39|164.49
2021-06-16|164.8|165.75|163.4801|164.43
2021-06-17|164.19|165.7|163.5|165.22
2021-06-18|163.27|164.19|161.79|161.98
2021-06-21|162.77|164.255|162.25|163.84
2021-06-22|163.71|164.04|163.28|163.62
2021-06-23|163.69|163.69|162.48|162.63
2021-06-24|163.27|164.2|162.8|163.37
2021-06-25|162.94|164.78|162.89|164.21
2021-06-28|164.44|165.07|163.52|164.02
2021-06-29|164|164.64|163.41|164.03
2021-06-30|164|164.97|163.67|164.74
2021-07-01|164.74|166.01|164.63|165.96
2021-07-02|166.02|169.3|165.64|168.98
2021-07-06|167.91|168.86|166.99|167.97
2021-07-07|167.48|169.5|167.48|169.41
2021-07-08|168.7|169.46|167.58|169.08
2021-07-09|169.37|170.37|169.24|169.75
2021-07-12|169.73|171.18|168.54|169.48
2021-07-13|168.97|169.755|168.672|169.27
2021-07-14|170|170.83|169.04|170.42
2021-07-15|169.3|169.9|167.72|168.37
2021-07-16|168.34|169.09|167.95|168.1
2021-07-19|166.48|168.19|165.32|166.88
2021-07-20|166.9|170.81|166.84|168.45
2021-07-21|169.3|169.69|167.48|169.49
2021-07-22|169.36|171.07|168.65|169.98
2021-07-23|171|172.1751|170.38|171.79
2021-07-26|171.82|172.14|170.8619|171.87
2021-07-27|171.8|172.72|170.67|172.66
2021-07-28|172.73|173.3801|172.08|172.18
2021-07-29|172.74|173.34|171.085|172.18
2021-07-30|172.54|172.98|171.84|172.2
2021-08-02|172.47|172.84|171.3|172.27
2021-08-03|172.73|174.5|172.44|174.39
2021-08-04|174.2|174.59|173.259|173.36
2021-08-05|173.85|173.85|172.42|173.69
2021-08-06|173.94|173.94|172.45|173.11
2021-08-09|173.72|174.25|172.93|173.71
2021-08-10|173.26|174.11|172.78|173.77
2021-08-11|174.25|174.47|173.56|173.8
2021-08-12|173.82|175.29|173.59|175.2
2021-08-13|175.29|176.29|175.12|176.25
2021-08-16|176.55|177.89|175.95|177.84
2021-08-17|177.31|179.51|177.31|179.47
2021-08-18|179.5|179.5|177.13|177.19
2021-08-19|176.62|179.3269|176.07|178.57
2021-08-20|178.89|179.92|178.07|179.44
2021-08-23|178.39|178.93|177.54|177.61
2021-08-24|176.99|177.21|175.28|175.39
2021-08-25|175.69|175.9|173.892|174.23
2021-08-26|173.95|174.72|173.05|173.3
2021-08-27|174.28|174.28|172.75|172.93
2021-08-30|172.79|174.28|172.78|173.66
2021-08-31|173.49|174.49|172.48|173.13
2021-09-01|172.9|173.74|172.06|173.74
2021-09-02|174.34|175.19|173.91|174.93
2021-09-03|175.1|175.22|173.81|175.04
2021-09-07|174.35|175.03|171.67|172.32
2021-09-08|171.62|172.98|171.08|171.9
2021-09-09|171.19|171.48|167.7|168.07
2021-09-10|168.55|169.09|166.87|166.97
2021-09-13|167.92|168.12|165.13|165.8
2021-09-14|166.4|166.54|164.51|164.8
2021-09-15|165|165.96|164.31|165.42
2021-09-16|165.65|166.46|164.19|165.22
2021-09-17|164.3|164.91|163.555|164.75
2021-09-20|163.48|165.17|162.165|163.81
2021-09-21|164.61|165.98|164.24|164.53
2021-09-22|165.35|165.95|163.63|163.93
2021-09-23|164.4|165.77|164.15|164.86
2021-09-24|164.75|165.65|163.89|164.36
2021-09-27|164|164.36|162.85|163.17
2021-09-28|163.1|163.91|161.771|162.81
2021-09-29|163|164.66|162.78|164.02
2021-09-30|164.64|165.4|161.41|161.5
2021-10-01|161.53|161.9|158.62|160.47
2021-10-04|159.99|161|157.6737|159.22
2021-10-05|159.86|161.11|159.15|159.58
2021-10-06|159.87|159.95|157.84|159.91
2021-10-07|160.02|162.61|160.02|161.34
2021-10-08|161.32|161.61|160.25|160.93
2021-10-11|160.86|161.855|159.94|160.25
2021-10-12|160|160.18|157.34|157.69
2021-10-13|157.82|160.08|157.75|159.2
2021-10-14|159.71|161.14|159.6|160.11
2021-10-15|161.03|161.81|160.41|161.3
2021-10-18|160.25|160.89|159.2|160.12
2021-10-19|160.9|165.15|160.725|163.87
2021-10-20|163.98|164.75|163.26|163.78
2021-10-21|164.3|164.39|162.28|163.4
2021-10-22|163.06|164.06|162.96|163.72
2021-10-25|163.72|164.31|161.71|164.08
2021-10-26|164.56|166.03|164.05|165.75
2021-10-27|165.68|165.76|163.305|163.74
2021-10-28|163.77|165.2|162.32|162.85
2021-10-29|162.35|163.25|160.61|162.88
2021-11-01|163.16|163.98|159.4|163.02
2021-11-02|163.7|166.9818|162.98|165.59
2021-11-03|165.04|165.77|163.43|165.06
2021-11-04|164.935|164.99|162.67|164.6
2021-11-05|162.48|164.6|162.2|163.43
2021-11-08|163.68|164.17|162.01|162.87
2021-11-09|162.61|163.59|162.02|162.51
2021-11-10|162.53|164.84|162.35|164.27
2021-11-11|163.49|163.81|162.4921|163.06
2021-11-12|167.43|167.62|164.61|165.01
2021-11-15|165|165.46|163.2164|163.52
2021-11-16|163.18|164.35|162.62|162.67
2021-11-17|162.87|163.86|161.79|163.28
2021-11-18|163.45|164.47|162.13|162.4
2021-11-19|163.04|163.19|161.78|162.89
2021-11-22|161.03|162.64|159.65|159.7
2021-11-23|159.52|161|158.78|160.69
2021-11-24|160.14|160.62|159.38|160.24
2021-11-26|160.6|161.16|158.66|159.2
2021-11-29|159.5|160.42|158.42|159.75
2021-11-30|158.51|159|155.85|155.93
2021-12-01|156.88|160.0813|156.25|158.08
2021-12-02|157.26|159.29|156.75|157.09
2021-12-03|157.91|159.67|157.59|159.38
2021-12-06|160.19|163.52|159.83|162.94
2021-12-07|164|164.27|162.41|163.36
2021-12-08|163.47|164.57|162.64|164.34
2021-12-09|164.18|165.98|163.49|165.9
2021-12-10|165.57|166.69|164.65|165.49
2021-12-13|164.75|169.195|163.8|168.45
2021-12-14|168.33|170.97|167.16|170.29
2021-12-15|169.85|171.295|169.42|171.14
2021-12-16|171.26|173.51|170.84|173.01
2021-12-17|169.64|170.78|167.66|168.23
2021-12-20|167.81|168.51|166.55|167.75
2021-12-21|168.06|168.1|165.98|167.21
2021-12-22|167.06|168.17|166.12|167.93
2021-12-23|167.88|168.95|167.36|168.25
2021-12-27|169.14|169.85|168.7|169.67
2021-12-28|169.79|170.64|169.59|170.35
2021-12-29|170|171.99|169.91|171.55
2021-12-30|172.12|172.875|171.75|172.31
2021-12-31|172.53|172.6785|171.03|171.07
2022-01-03|170.21|171.6|169.1|171.54
2022-01-04|171.06|172.29|170.595|171.08
2022-01-05|172|173.47|171.62|172.22
2022-01-06|172.15|172.5|170.8|171.63
2022-01-07|171.46|174.3|171.13|173.95
2022-01-10|173.69|173.69|172.155|173.09
2022-01-11|172.99|173.39|170.11|171.25
2022-01-12|169.61|170.08|168.34|169.79
2022-01-13|169|170.42|168.46|168.76
2022-01-14|168.625|168.65|167.15|167.84
2022-01-18|167.1|167.715|166.01|167.1
2022-01-19|167.2|168.72|166.3165|166.58
2022-01-20|167.29|167.859|164.93|165.25
2022-01-21|166.19|167.99|164.47|164.87
2022-01-24|164|164.17|158.26|162.97
2022-01-25|162.36|168.41|161.58|167.63
2022-01-26|167.54|169.22|166.23|168.38
2022-01-27|169.39|171.91|169|170.59
2022-01-28|170.86|171.84|169.3|171.79
2022-01-31|171.5|172.62|170.82|172.29
2022-02-01|171.74|171.98|169.43|170.88
2022-02-02|169.65|172.99|169.65|172.77
2022-02-03|172.26|173.62|171.04|172.76
2022-02-04|171|172.98|170.1185|171.63
2022-02-07|171.41|171.74|170.01|171.06
2022-02-08|171.02|172.05|170.48|171.51
2022-02-09|172.07|172.24|171.25|171.49
2022-02-10|171.21|171.22|169.3|169.42
2022-02-11|169.12|170.15|167.54|167.71
2022-02-14|167.71|167.97|163.81|165.6
2022-02-15|166.13|168.1|166.01|167.31
2022-02-16|166.49|167.84|165.7114|167.21
2022-02-17|167.21|167.45|164.92|166.19
2022-02-18|164.98|165.36|162.94|163.36
2022-02-22|163.575|163.74|160.44|161.14
2022-02-23|161.51|162.639|160.85|161.22
2022-02-24|159.78|160.13|155.72|158.14
2022-02-25|160|166.985|159.7|166
2022-02-28|162.87|165.18|162.3802|164.57
2022-03-01|163.04|164.75|162.4079|164
2022-03-02|164.41|167.63|164.04|166.04
2022-03-03|166.7|169.335|166.32|168.48
2022-03-04|167.64|169.86|166.85|169.48
2022-03-07|168.3|173.12|167.36|172.21
2022-03-08|172.04|173.12|168.51|168.72
2022-03-09|170.01|170.23|167.89|169.36
2022-03-10|168.56|170.15|168.075|169.66
2022-03-11|169.13|171.46|169.02|169.35
2022-03-14|170.68|174.12|170.35|171.69
2022-03-15|173.33|176.52|172.55|176.14
2022-03-16|175.46|176.95|172.56|174.52
2022-03-17|175.21|176.84|174.2|176.8
2022-03-18|177|177|173.66|174.84
2022-03-21|174.66|177.16|174.32|175.83
2022-03-22|175.83|176.37|173.91|175
2022-03-23|175.23|175.54|174.09|174.34
2022-03-24|175|175.54|174.07|175.24
2022-03-25|175.69|177.7|175.22|176.92
2022-03-28|176.65|178.179|176.35|177.83
2022-03-29|178.62|179.4|176.8|177.74
2022-03-30|178.44|179.86|177.68|179.59
2022-03-31|179.59|180.21|176.98|177.23
2022-04-01|177.05|178.43|175.6|178.19
2022-04-04|178.19|178.19|175.52|176.47
2022-04-05|176.47|179.65|176.29|177.61
2022-04-06|179.39|182.6|178.62|182.23
2022-04-07|181.67|182.95|180.23|181.76
2022-04-08|181.33|183.187|180.43|182.12
2022-04-11|183|184.2|179.6|179.84
2022-04-12|179.2|180.81|178.2|179.9
2022-04-13|179.9|180.84|179.24|180.66
2022-04-14|180|181.4|179.73|179.9
2022-04-18|179.73|180.39|176.74|177.66
2022-04-19|180.72|185.94|179.95|183.08
2022-04-20|182.24|184.32|181.9|183.89
2022-04-21|183.93|184.87|182.56|183.36
2022-04-22|182.47|183.15|181.38|181.54
2022-04-25|182.34|186.69|182.1|186.01
2022-04-26|185.1|186.57|184.1808|184.68
2022-04-27|184.24|184.82|181.74|182.1
2022-04-28|182.25|184.5|181.92|183.46
2022-04-29|182.5|182.545|180.2|180.46
2022-05-02|180.47|181.41|177.03|178.64
2022-05-03|178.8|180.63|177.68|178.29
2022-05-04|178.15|180.5|177.15|180.2
2022-05-05|179.42|179.71|175.27|176.76
2022-05-06|175.14|176.87|174.69|176.37
2022-05-09|175.45|178.56|174.59|177.33
2022-05-10|178.23|179.18|176.5|177.09
2022-05-11|175.96|178.32|175.88|176.13
2022-05-12|176.47|177.95|174.71|177.87
2022-05-13|178.7|178.89|175.8028|176.85
2022-05-16|176.85|179.13|176.17|178.08
2022-05-17|178.72|179.7|176.59|178.82
2022-05-18|178.84|179.37|175.17|175.5
2022-05-19|174.72|174.8|172.69|173.94
2022-05-20|174.85|177.16|174.05|176.98
2022-05-23|177.6|179.93|177.46|179.44
2022-05-24|179.25|181.74|179.1|181.4
2022-05-25|180.53|181.55|179.06|179.62
2022-05-26|181|181|178.6038|179.46
2022-05-27|179.76|181.16|178.23|181.09
2022-05-31|178|180.17|175.01|179.53
2022-06-01|179.15|179.83|175.9|177.71
2022-06-02|177.74|177.81|174.5884|177.15
2022-06-03|177.07|178.6707|176.15|176.42
2022-06-06|177.21|178.5|175.995|176.4
2022-06-07|176.98|179.3|176.4|178.34
2022-06-08|178.1|179.45|176.8|177.28
2022-06-09|177.21|178.65|173.64|173.71
2022-06-10|172.17|173.97|170.6212|172.55
2022-06-13|170.08|172.25|170.0788|170.81
2022-06-14|171.06|171.11|167.26|168.19
2022-06-15|169.64|171.44|168.64|169.99
2022-06-16|168.4|170.21|167.41|170.08
2022-06-17|170.63|172.2|169.24|169.46
2022-06-21|170.75|173.86|169.56|173.01
2022-06-22|172|177.92|171.69|175.74
2022-06-23|177|179.815|176.52|179.66
2022-06-24|180.78|182.53|179.9775|182.29
2022-06-27|181.64|183.3506|181.5|182.12
2022-06-28|182.17|182.97|176.31|176.94
2022-06-29|177.22|178.3|176.43|176.99
2022-06-30|176.86|178.29|175.03|177.51
2022-07-01|177.45|179.72|176.69|179.52
2022-07-05|178.83|179.125|174.61|178.14
2022-07-06|178.07|179.44|177.41|178.3
2022-07-07|177.86|179.12|177.51|178.5
2022-07-08|178.33|179.99|177.77|178.28
2022-07-11|177.7|179.02|177.52|178.35
2022-07-12|177.98|178.45|175.1951|175.85
2022-07-13|175.66|176.33|174.5|175.44
2022-07-14|172.53|176.01|172.2968|175.68
2022-07-15|177.71|178.51|176.55|178.23
2022-07-18|177.74|178.19|173.91|174.23
2022-07-19|176.33|176.75|169.88|171.69
2022-07-20|172.2|172.55|169.76|170.71
2022-07-21|170.05|171.39|169.77|171.31
2022-07-22|171.595|172.49|171.06|172.12
2022-07-25|172.12|172.975|171.72|172.46
2022-07-26|172.56|174.98|172.49|173.68
2022-07-27|172.63|174.1|171.13|173.2
2022-07-28|173.4|176.09|171.44|174.2
2022-07-29|173.79|174.85|172.91|174.52
2022-08-01|174.17|175.155|173.5425|173.91
2022-08-02|175.01|175.49|172.7|172.92
2022-08-03|172.55|175.26|171.77|174.59
2022-08-04|174.81|175.09|171.6|171.79
2022-08-05|171.3|171.53|169.79|171.11
2022-08-08|171.3|171.48|169.4354|170.2
2022-08-09|170.54|171.12|169.73|170.18
2022-08-10|171.02|171.24|169.53|170.67
2022-08-11|168.52|169.95|166.98|167.14
2022-08-12|167.54|167.94|165.15|165.3
2022-08-15|166|166.75|165.125|166.09
2022-08-16|165.86|168.2539|165.6|167.57
2022-08-17|166.41|168.56|166.41|167.58
2022-08-18|167.68|168.3|165.93|166.77
2022-08-19|167.1|170.12|167|169.31
2022-08-22|168.9|168.92|167.17|167.59
2022-08-23|167|167.77|165.8|166.13
2022-08-24|166.56|166.59|165.07|165.58
2022-08-25|165.95|167.24|164.7|167.13
2022-08-26|167.46|167.5|164.195|164.27
2022-08-29|163.47|163.84|162.02|163
2022-08-30|163.3|163.54|162.03|162.43
2022-08-31|163.23|163.55|161.27|161.34
2022-09-01|161.49|165.5|161.48|165.34
2022-09-02|165.86|166.2|162.01|162.74
2022-09-06|163.94|166.215|162.82|163.18
2022-09-07|162.91|164.42|162.16|164.07
2022-09-08|163.88|165.42|163.08|165.39
2022-09-09|164.99|166.2|164.3884|165.71
2022-09-12|166.11|166.57|165.22|165.64
2022-09-13|163.57|164.44|160.81|161.33
2022-09-14|162.38|165.36|162.38|164.66
2022-09-15|164.45|166.07|164.1|165.08
2022-09-16|165.32|167.63|164.75|167.6
2022-09-19|166.3|166.43|164.08|166.28
2022-09-20|165.22|165.9|164.32|164.97
2022-09-21|165.02|166.795|163.24|163.28
2022-09-22|163.15|167.16|162.83|166.18
2022-09-23|165.74|167.48|164.66|166.72
2022-09-26|165.8|166.84|164.38|165.7
2022-09-27|166.36|167.67|164.4|164.94
2022-09-28|166.245|167.38|165.1|166.36
2022-09-29|166.48|167.17|163.89|164.53
2022-09-30|165|165.74|163.32|163.36
2022-10-03|164.29|164.38|161.7|163.2
2022-10-04|163.85|166|162.92|165.62
2022-10-05|165.02|166.04|164.21|165.11
2022-10-06|164.79|165|161.69|161.91
2022-10-07|161.77|162.22|159.17|160.2
2022-10-10|160.63|161.28|159.18|160.41
2022-10-11|160.37|164.11|160.37|162.73
2022-10-12|162.94|164.88|162.495|162.69
2022-10-13|160.89|165.99|160.7481|165.15
2022-10-14|164.44|165.68|163.6|164.46
2022-10-17|165.4|167.21|165.01|166.59
2022-10-18|165|167.17|163.05|166.01
2022-10-19|166|166.25|163.89|164.69
2022-10-20|165|165.74|164.33|165.11
2022-10-21|164.71|169.37|164.43|168.71
2022-10-24|169.81|172.08|169.25|170.98
2022-10-25|170.17|171.11|168.52|170.71
2022-10-26|171.32|172.57|170.52|172.21
2022-10-27|172.35|173.43|171.72|172.31
2022-10-28|173|175.39|172.594|174.87
2022-10-31|174.52|175.16|173.42|173.97
2022-11-01|174.06|174.63|170.42|173.09
2022-11-02|172.89|173.94|170.29|170.43
2022-11-03|169.81|171.47|168.94|170.72
2022-11-04|171.56|172.5|169.24|171.48
2022-11-07|171.67|173.85|171.44|172.98
2022-11-08|173.13|174.6908|172.18|173.84
2022-11-09|174.27|175|172.34|172.45
2022-11-10|174.35|174.77|172.04|174.47
2022-11-11|172.73|173.11|166.82|169.25
2022-11-14|170.25|173.26|170.25|171.91
2022-11-15|172.19|173|170.521|172.39
2022-11-16|173.64|174.99|173.13|173.46
2022-11-17|173|174.99|172.98|174.86
2022-11-18|175|176.64|174.623|176.2
2022-11-21|175.89|176.55|174.83|175.97
2022-11-22|176.4|177.19|176.33|176.82
2022-11-23|176.44|177.4|176.01|177.01
2022-11-25|177.38|178.12|176.86|177.24
2022-11-28|176.75|177.77|176.56|177.33
2022-11-29|177.01|177.26|174.66|176.09
2022-11-30|176.37|178.01|174.78|178
2022-12-01|179|179.96|177.77|178.74
2022-12-02|177.5|178.96|176.96|178.88
2022-12-05|178.36|179.36|178|178.78
2022-12-06|179.92|180|175.93|176.1
2022-12-07|176.57|177.88|176.23|177.17
2022-12-08|176.82|177.47|176.34|177.2
2022-12-09|177.12|177.89|175.66|175.74
2022-12-12|175.95|177.87|175.6|177.84
2022-12-13|179.1|180.2|178.3083|179.21
2022-12-14|178.58|181.039|178.58|179.76
2022-12-15|179.2|179.84|176.4|177.49
2022-12-16|177|177|174.86|175.67
2022-12-19|175.35|176.165|174.07|175.48
2022-12-20|176|176.44|175.17|175.67
2022-12-21|176.27|178.18|175.65|177.68
2022-12-22|176.77|177.51|175.34|177.03
2022-12-23|176.67|177.52|175.81|177.48
2022-12-27|178.11|178.35|176.99|177.43
2022-12-28|177.76|178.45|176.65|176.66
2022-12-29|177.55|178.3|177.07|177.56
2022-12-30|177.49|177.77|175.4|176.65
2023-01-03|176.16|178.38|176.01|178.19
2023-01-04|178.89|180.19|178.48|180.13
2023-01-05|179.02|179.99|178.41|178.8
2023-01-06|180.13|180.93|179.39|180.25
2023-01-09|179.3|179.76|175.175|175.58
2023-01-10|175.7|176.14|174.32|175.16
2023-01-11|175.57|175.72|172.11|174.88
2023-01-12|174.26|174.706|172.8|174
2023-01-13|173.19|174.01|172.38|173.43
2023-01-17|174|174.58|172.09|172.36
2023-01-18|171.65|172|169.71|169.76
2023-01-19|169.03|171.28|168.71|169.53
2023-01-20|170.1|170.11|167.48|168.74
2023-01-23|169.1|169.63|167.9474|168.31
2023-01-24|175|175|166.01|168.31
2023-01-25|167.17|169.51|167.08|169.51
2023-01-26|169.55|169.91|168.65|168.89
2023-01-27|168.54|168.866|167.77|168.23
2023-01-30|167.93|168.54|161.08|162
2023-01-31|161.7|163.43|161.05|163.42
2023-02-01|162.99|165.98|162.4|164.92
2023-02-02|163|166.22|162.8224|165.54
2023-02-03|166.03|166.34|163.89|164.61
2023-02-06|164.55|164.8525|163.1|163.36
2023-02-07|161.6|163.88|161.42|163.4
2023-02-08|163.3|164.56|162.8995|163.61
2023-02-09|163.63|164.795|161.07|161.4
2023-02-10|161.77|162.79|161.35|162.15
2023-02-13|161.33|162.82|161.15|162.75
2023-02-14|162.74|162.9699|161.76|162.04
2023-02-15|161.95|161.98|159.29|159.37
2023-02-16|159.075|159.65|157.92|158.24
2023-02-17|157.02|161.11|156.62|160.39
2023-02-21|159.65|160.35|157.89|158
2023-02-22|158.5|158.85|157.37|157.78
2023-02-23|157.71|158.585|156.67|157.73
2023-02-24|156.65|156.85|155.21|155.97
2023-02-27|156.45|156.9|155.08|155.63
2023-02-28|154.98|155.27|153.04|153.26
2023-03-01|153.01|153.24|151.91|152.57
2023-03-02|151.75|152.76|151.231|152.45
2023-03-03|153.37|154.12|152.84|154.02
2023-03-06|154.66|155.73|154.565|155.56
2023-03-07|156.09|156.25|153.35|154.09
2023-03-08|153.98|154.1955|152.48|152.96
2023-03-09|153.46|153.6|150.71|151.24
2023-03-10|151.86|153.49|151.1|151.61
2023-03-13|152.09|155.91|151.57|153.06
2023-03-14|153.28|154.03|151.9|153.92
2023-03-15|152.84|154.89|152.5259|154.35
2023-03-16|153.45|154.365|152.605|154.03
2023-03-17|154.48|154.9499|152.3|152.38
2023-03-20|152.47|154.075|152.38|153.89
2023-03-21|154|154.13|152.17|153.89
2023-03-22|153.85|154.06|151.03|151.05
2023-03-23|151.175|151.69|150.11|151.13
2023-03-24|151.48|152.76|150.83|152.65
2023-03-27|154.2|154.54|153.11|153.3
2023-03-28|152.39|153.45|151.725|151.82
2023-03-29|152.24|153.38|152.07|153.31
2023-03-30|153.58|153.8|152.81|153.43
2023-03-31|153.79|155.19|153.24|155
2023-04-03|154.95|157.01|153.94|156.85
2023-04-04|156.97|158.97|156.59|158.49
2023-04-05|164.37|165.66|162.76|165.61
2023-04-06|165.99|167.23|164.8|165.15
2023-04-10|164.63|164.84|163.64|164.32
2023-04-11|164.42|165.28|164.0401|164.27
2023-04-12|163.94|164.84|163.1|163.92
2023-04-13|164.18|166.33|163.805|166.11
2023-04-14|165.97|166.115|164.06|165.84
2023-04-17|165.735|166.24|164.94|165.67
2023-04-18|164.25|164.69|159.65|161.01
2023-04-19|161.99|162.68|161.17|162.53
2023-04-20|162.43|163.82|160.96|163.58
2023-04-21|164.44|164.97|161.97|162.69
2023-04-24|162.69|163.805|161.87|163.68
2023-04-25|164.31|165.35|164.155|165.18
2023-04-26|164.09|164.39|162.24|162.62
2023-04-27|162.9|163.4067|162.13|163
2023-04-28|162.81|163.76|162.5566|163.7
2023-05-01|163.6|164.298|162.24|163.6
2023-05-02|164.34|165.48|163.555|165.03
2023-05-03|165.55|166.18|162.51|162.87
2023-05-04|162.68|162.9|161.25|162.13
2023-05-05|162.84|163.13|161.69|162.68
2023-05-08|161.99|162.57|161.34|162.31
2023-05-09|161.75|162.13|160.79|161.05
2023-05-10|161.2|161.97|160.06|161.65
2023-05-11|161.83|162.19|159.3901|160.99
2023-05-12|161.36|161.56|160.01|160.78
2023-05-15|160.8|161.03|158.94|159.55
2023-05-16|159.06|160.25|158.53|159.34
2023-05-17|159.79|160.055|157.77|158.99
2023-05-18|158.66|158.93|157.56|158.48
2023-05-19|158.59|159.9344|158.14|158.91
2023-05-22|158|159.14|156.78|156.87
2023-05-23|157.1|158.27|156.37|156.81
2023-05-24|157.08|157.14|155.92|156.66
2023-05-25|156.05|156.29|153.72|154.41
2023-05-26|154.69|155.275|154.2|154.35
2023-05-30|153.97|155.38|153.32|154.37
2023-05-31|154.695|155.69|153.85|155.06
2023-06-01|154.54|155.04|153.15|154.54
2023-06-02|154.72|157.31|154.09|156.97
2023-06-05|156.75|158.64|156.39|158.32
2023-06-06|159.58|159.61|157.4|158.18
2023-06-07|158.1|158.8|157.44|158.52
2023-06-08|158.5|160.42|157.82|160.26
2023-06-09|160.42|160.725|159.465|160.01
2023-06-12|160|160.25|158.73|159.9
2023-06-13|159.73|160.84|159.15|160.74
2023-06-14|161.6|162.08|160.98|161.56
2023-06-15|162.05|163.91|161.43|163.73
2023-06-16|164.48|164.99|163.87|164.23
2023-06-20|164.26|165.31|163.81|164.13
2023-06-21|163.58|164.92|162.69|163.88
2023-06-22|163.9|165.72|163.79|165.62
2023-06-23|166.11|166.27|165.03|165.48
2023-06-26|164.98|164.98|161.33|163.63
2023-06-27|163.68|163.88|162.44|163.29
2023-06-28|163.2|163.2|161.91|162.96
2023-06-29|162.64|164.32|162.23|164.1
2023-06-30|164.86|165.94|164.35|165.52
2023-07-03|164.34|164.39|162.96|163.35
2023-07-05|162.99|163.92|162.73|162.81
2023-07-06|162.25|162.37|161|161.6
2023-07-07|160.47|161.04|159.2|159.25
2023-07-10|159.43|160.3|159|159.51
2023-07-11|159.13|160.3|157.6|158.63
2023-07-12|158.94|158.94|157.88|158.08
2023-07-13|158|159.13|157.41|158.81
2023-07-14|159.18|160.225|158.98|159.87
2023-07-17|159.75|159.87|158.15|159.07
2023-07-18|159.07|160.89|158.19|159.06
2023-07-19|157.91|160.41|157.33|158.74
2023-07-20|161.94|169.14|161.3|168.38
2023-07-21|168.18|170.82|168.18|170.19
2023-07-24|171.5|173.82|170.99|171.08
2023-07-25|170.45|172.68|169.75|172.39
2023-07-26|172|173.85|171.4|172.72
2023-07-27|172.18|174.29|172.04|173.69
2023-07-28|174|175.36|173.23|174.48
2023-07-31|169.69|170.22|166.71|167.53
2023-08-01|166.365|169.09|166.06|168.89
2023-08-02|168.85|171.24|168.85|169.91
2023-08-03|169.95|171.32|169.67|170.64
2023-08-04|170.34|172.68|167.89|169.04
2023-08-07|169.49|173.34|169.36|173.1
2023-08-08|172.99|173.55|171.39|173.18
2023-08-09|173|174.25|172.05|173.07
2023-08-10|174|175.97|171.64|172.17
2023-08-11|172.48|173.95|171.62|173.85
2023-08-14|173.52|175.6|171.75|173.44
2023-08-15|172.8|174.56|172.14|172.94
2023-08-16|172.53|174.73|172.13|172.39
2023-08-17|172.86|175.39|172.76|174.01
2023-08-18|173.17|173.99|171.31|172.49
2023-08-21|169.69|169.85|165.96|167.35
2023-08-22|166.86|167.84|165.41|166.02
2023-08-23|165.9|166.5|163.47|164.53
2023-08-24|164.03|166.67|163.86|165.09
2023-08-25|164.3|167.78|164.06|166.25
2023-08-28|165|166.21|163.165|164.29
2023-08-29|164.87|165.68|162.77|164.31
2023-08-30|165.11|165.83|163.68|163.73
2023-08-31|163.37|163.57|161.279|161.68
2023-09-01|161.42|162.48|160.015|160.48
2023-09-05|160.56|161.97|160.28|160.68
2023-09-06|159.84|160|157.35|158.01
2023-09-07|159.14|161.06|158.98|160.03
2023-09-08|159.59|160.68|159.19|160.56
2023-09-11|161.06|162.69|160.45|162.66
2023-09-12|162.22|163.925|161.53|163.58
2023-09-13|163.76|164.95|163|163.99
2023-09-14|164.68|165.27|163.44|163.74
2023-09-15|163.98|164.82|161.21|161.45
2023-09-18|162.12|163.145|160.75|162.47
2023-09-19|162.25|162.85|161.38|162.2
2023-09-20|162.19|163.5354|161.66|162.91
2023-09-21|162.57|163.5|161.59|161.66
2023-09-22|161.3|161.4|160.25|160.5
2023-09-25|160.07|160.36|158.73|160.26
2023-09-26|159.81|160.08|158.86|159.02
2023-09-27|158.58|158.76|155.255|157.11
2023-09-28|157.5|157.96|156.22|156.88
2023-09-29|157.37|157.6|155.35|155.75
2023-10-02|155.42|155.42|153.32|155.15
2023-10-03|154.68|155.495|153.89|155.34
2023-10-04|155.57|155.93|154.57|155.52
2023-10-05|156.27|158.0399|156.07|157.14
2023-10-06|157.08|158.3|156.59|157.64
2023-10-09|157.18|158.88|157.09|158.54
2023-10-10|158.38|159.27|157.9|158.36
2023-10-11|158.46|159.05|156.04|156.18
2023-10-12|155.92|156.5599|155.0663|156.33
2023-10-13|156.73|157.36|156.05|156.85
2023-10-16|157.82|158.25|156.84|157.53
2023-10-17|155.98|158.9499|154.6085|156.09
2023-10-18|155.41|155.95|152.05|152.73
2023-10-19|151.67|153.1093|150.15|152.32
2023-10-20|152.74|153.87|152.33|153
2023-10-23|152.86|153.5|151.21|151.39
2023-10-24|150.75|151.96|150.13|151.23
2023-10-25|151.24|152.17|150.23|151.57
2023-10-26|151.97|151.97|148.88|149
2023-10-27|148.49|148.66|144.95|145.6
2023-10-30|146.09|147.24|146|147.03
2023-10-31|147.54|148.545|146.6416|148.34
2023-11-01|149.19|149.76|148.46|148.69
2023-11-02|147.71|150.4|147.54|150.24
2023-11-03|151.21|152.27|150.145|151.34
2023-11-06|151.78|152.425|151.37|151.7
2023-11-07|151.93|152.25|150.68|150.9
2023-11-08|151.35|151.83|150.34|150.35
2023-11-09|150.5|150.5|147.26|147.42
2023-11-10|148.25|148.5|145.64|147.25
2023-11-13|147.25|147.9|146.65|147.63
2023-11-14|147.64|148.54|146.97|147.66
2023-11-15|147.35|149.42|147.27|148.8
2023-11-16|149.5|150.17|148.64|150.1
2023-11-17|150.55|150.785|149.065|149.79
2023-11-20|147.91|150.4|147.54|149.91
2023-11-21|150.1|151.29|149.61|151.12
2023-11-22|151.63|152.04|150.39|150.82
2023-11-24|150.86|152.6794|150.86|152.5
2023-11-27|152.29|152.32|150.97|151.28
2023-11-28|151.4|151.81|150.84|151.63
2023-11-29|151.33|152.2|151.07|152.11
2023-11-30|152.26|155.14|151.92|154.66
2023-12-01|156.44|158.46|155.47|158.38
2023-12-04|158|160.02|158|158.88
2023-12-05|158.8|159.63|158.22|158.55
2023-12-06|158.52|158.6592|156.17|156.62
2023-12-07|156.58|156.58|154.71|155.4
2023-12-08|155.42|155.85|153.84|154.42
2023-12-11|154.5|155.48|154.35|155.06
2023-12-12|155|155.32|153.65|155.07
2023-12-13|153.66|155.94|151.77|155.79
2023-12-14|156.47|157.16|155.0474|156.87
2023-12-15|155.49|156.69|153.76|155.16
2023-12-18|155.21|156.44|154.76|155.44
2023-12-19|155.3|156.5|154.94|156.46
2023-12-20|156.54|156.66|153.11|153.27
2023-12-21|153.69|155.13|153.3|154.84
2023-12-22|155.25|156.53|155.02|155.46
2023-12-26|155|156.35|154.85|156.14
2023-12-27|155.5|156.52|155.42|156.35
2023-12-28|156|157.24|155.99|156.58
2023-12-29|156.51|156.9|155.98|156.74
2024-01-02|156.93|161.6393|156.79|159.97
2024-01-03|160.64|161.44|159.8|160.97
2024-01-04|161.59|161.98|160.42|160.63
2024-01-05|160.5|161.34|159.47|161.13
2024-01-08|161.1|161.66|159.61|161.53