2018-08-01|138|140.9|137.51|137.68
2018-08-02|137.05|141.3|136.75|141.14
2018-08-03|141.53|141.74|138.42|141.04
2018-08-06|140.89|142.85|140.65|142.71
2018-08-07|143.53|144.6138|142.73|144.44
2018-08-08|144.46|145.635|143.16|145.17
2018-08-09|145.3|146.85|145.09|145.82
2018-08-10|144.93|147|144.3535|145.51
2018-08-13|145.63|147.18|144.22|144.45
2018-08-14|146.18|146.77|144.57|146.57
2018-08-15|146.08|147.88|143.6|145.04
2018-08-16|146.51|146.91|145.22|145.73
2018-08-17|145.5|146.01|143.95|145.02
2018-08-20|145.21|146.06|144.32|145.71
2018-08-21|146.41|148.79|145.36|145.53
2018-08-22|145.59|147.199|145.05|146.46
2018-08-23|146.83|148.34|146.07|147.83
2018-08-24|148.5|152.38|148.5|152.3
2018-08-27|154.71|154.88|150.2|151.68
2018-08-28|152.03|153.4|151.56|152.99
2018-08-29|153.33|154.97|153.05|154.8
2018-08-30|151.12|153.735|149.5|152.14
2018-08-31|152.14|153.87|151.9|152.68
2018-09-04|152.11|153.34|151.51|153.21
2018-09-05|152.39|152.78|147.08|148.65
2018-09-06|148.75|149.16|147.08|148.83
2018-09-07|147.84|151.41|147.5|150.43
2018-09-10|150|151.579|148|151.32
2018-09-11|151.08|153.75|150.615|152.84
2018-09-12|152.84|155.77|151.808|155.37
2018-09-13|155.87|158.78|155.82|158.18
2018-09-14|157.95|158.79|156.32|157.49
2018-09-17|157|158.43|154.62|154.92
2018-09-18|154.76|158.03|154.75|156
2018-09-19|156.37|157.33|152.3914|152.9
2018-09-20|153.29|156.065|151.65|155.5
2018-09-21|157.07|157.955|154.96|155.52
2018-09-24|155.38|158.91|153.33|158.78
2018-09-25|159|159.14|157.17|158.87
2018-09-26|159.06|159.93|157.35|158.33
2018-09-27|159.05|161.08|158.93|160.43
2018-09-28|160|160.86|158.936|159.03
2018-10-01|160.11|161.19|159.02|159.86
2018-10-02|159.27|159.58|156.7|157.26
2018-10-03|158.56|159.76|157.02|159.1
2018-10-04|158.2|158.84|153.78|154.9
2018-10-05|154.86|156.6|152.47|155.07
2018-10-08|154.24|154.62|145.6|148.65
2018-10-09|148.32|150.87|147.21|148.5
2018-10-10|147.52|147.585|137.54|137.81
2018-10-11|137.44|142.16|136.45|139.24
2018-10-12|145.77|148.75|143.22|146.74
2018-10-15|146.7|146.7|141.32|141.95
2018-10-16|145.47|147.91|144.01|147.44
2018-10-17|148.35|148.35|145.42|147.01
2018-10-18|146.09|147.5935|141.43|142.84
2018-10-19|143.61|145.37|140.38|140.49
2018-10-22|141.7|143.8|139.2|142.95
2018-10-23|139.32|141.97|137.78|140.66
2018-10-24|141.23|141.5|133|133.26
2018-10-25|133.69|141.69|133.67|140.8
2018-10-26|135.75|139.21|132.6107|135.52
2018-10-29|138.1|139.55|128.53|130.99
2018-10-30|130.44|132.99|128.03|132.17
2018-10-31|134.92|138.71|134.77|137.24
2018-11-01|138.4|139.8|136.41|139.59
2018-11-02|140.14|140.55|136.1|136.79
2018-11-05|137.34|137.34|133.46|135.44
2018-11-06|135.4|138|132.98|133.95
2018-11-07|136.85|142.31|136.4319|141.79
2018-11-08|143.22|143.63|140.6821|141.87
2018-11-09|141.06|141.06|135.05|136.92
2018-11-12|135.74|136.66|130.0798|130.5
2018-11-13|131.48|133.7712|128.95|132.16
2018-11-14|134.21|134.94|128.58|129.35
2018-11-15|129.2|132.95|126.3|132.49
2018-11-16|131.85|133.47|130.08|132.55
2018-11-19|131.6|132.26|120.42|121.01
2018-11-20|114.33|124.94|113.6|120.67
2018-11-21|124.2|125.75|121.61|123.59
2018-11-23|121.33|123.71|120.71|122.03
2018-11-26|124.48|126.95|123.66|126.41
2018-11-27|125.15|127.61|123.72|127.54
2018-11-28|138.48|140.89|131.97|140.64
2018-11-29|139.85|142.88|139.27|139.72
2018-11-30|138.89|143.22|138.28|142.76
2018-12-03|146.3|147.07|142.56|144.15
2018-12-04|142.73|145.2|138.8|139.24
2018-12-06|134.8|142.06|132.75|142.06
2018-12-07|141.9|142.37|134.735|135.95
2018-12-10|135.16|139.49|133.18|137.27
2018-12-11|140.59|140.7|135.59|136.79
2018-12-12|141.79|144.03|139.55|140.09
2018-12-13|141.5|143.63|139.579|141.14
2018-12-14|138.88|140.71|136.38|137.04
2018-12-17|134.31|135.5|129.97|130.83
2018-12-18|132.14|133.68|130.13|132.32
2018-12-19|131.98|136.5|129.5|131.16
2018-12-20|129.25|132.33|122.64|127.73
2018-12-21|128.57|129.39|122.46|122.91
2018-12-24|121.14|124.84|120.16|121.33
2018-12-26|122.52|130.9|122.12|130.84
2018-12-27|128.8|135.2|127.84|135.2
2018-12-28|136|136.8799|132.61|134.68
2018-12-31|136|137.97|134.49|136.97
2019-01-02|133.4|136.83|133.05|135.55
2019-01-03|133.48|134.78|130.1001|130.4
2019-01-04|133.5|139.32|132.22|137.96
2019-01-07|141.02|143.39|138.79|142.22
2019-01-08|144.73|146.46|142.8909|145.72
2019-01-09|146.89|147.5|144.53|145.99
2019-01-10|143.77|147.21|143.76|147.04
2019-01-11|146.56|148.0345|145.61|147.55
2019-01-14|145.75|146.73|144.7|146.05
2019-01-15|146.35|149.86|145.8|149.19
2019-01-16|149.15|149.79|147.8|148.54
2019-01-17|148.54|150.72|147.685|149.82
2019-01-18|151.83|153.27|150.24|152.51
2019-01-22|150.34|151.38|147.4|148.95
2019-01-23|149.73|150.8|147.65|149.75
2019-01-24|149.95|150.5|146.52|146.87
2019-01-25|148.53|149.89|147.55|149.74
2019-01-28|148.17|148.2|146.1|147.33
2019-01-29|147.07|148|144.6414|145.18
2019-01-30|147.19|149.69|146.08|149.16
2019-01-31|149.02|153.38|148.71|151.97
2019-02-01|152.4|155.95|151.07|155.87
2019-02-04|156.02|158.8998|155.41|157.72
2019-02-05|158.34|159.88|157.815|158.99
2019-02-06|159|159.1|155.08|158.13
2019-02-07|155.96|157.06|153.36|154.93
2019-02-08|152.91|156.7|152.71|156.67
2019-02-11|158.2|161.5|157.57|159.91
2019-02-12|161.25|163.39|160.03|162.79
2019-02-13|163.44|163.57|160.27|160.4
2019-02-14|159.47|160.44|156.706|159.47
2019-02-15|160.99|161.22|158.09|159.05
2019-02-19|159.66|161.48|159.14|160.61
2019-02-20|160.33|161.49|157.21|158.54
2019-02-21|157.7|160.48|157.3|159.63
2019-02-22|160.47|161.71|160.2|161.31
2019-02-25|162.51|163.06|160.93|161.36
2019-02-26|160.81|163.38|159.87|163
2019-02-27|162.29|163.53|160.5|163.12
2019-02-28|163|164.6|162.17|163.65
2019-03-01|165.15|166.15|161.75|164.53
2019-03-04|165.56|165.79|155.42|158.5
2019-03-05|159.92|160.88|154.8|156.97
2019-03-06|157.13|160.25|156.278|156.79
2019-03-07|156.09|157.59|154.81|155.6
2019-03-08|152.02|155.41|150.25|155.06
2019-03-11|155.9|157.77|153.4301|157.65
2019-03-12|158|159.37|157.16|158.28
2019-03-13|158.85|162|158.61|159.81
2019-03-14|160.95|161.59|159.74|160.67
2019-03-15|160.64|162.18|159.19|161.51
2019-03-18|161.4|163.33|160.8799|161.95
2019-03-19|162.52|164.62|161.6|163.93
2019-03-20|163.84|164.95|161.51|163.51
2019-03-21|163.17|166.99|162.75|166.95
2019-03-22|165.96|166.49|161.35|161.5
2019-03-25|160.23|161.5988|159.2241|160.88
2019-03-26|161.43|162.07|157.39|159.4
2019-03-27|159|159.3|152.37|155.12
2019-03-28|155.69|156.48|153.51|155.18
2019-03-29|156.87|158.5|155.425|158.37
2019-04-01|160.1|161.68|158.5111|161.18
2019-04-02|160.86|160.99|158.91|160.51
2019-04-03|161.78|163.14|160.65|162.62
2019-04-04|162.71|162.8|155.83|158.52
2019-04-05|159.63|160.24|158.02|158.56
2019-04-08|158.4|158.79|156.45|158.47
2019-04-09|157.04|158.3525|156.65|156.97
2019-04-10|158.2|160.38|157.65|160.24
2019-04-11|160.16|160.83|159.02|160.73
2019-04-12|162|162.5|159.5|160.71
2019-04-15|161|162.031|159.49|160.09
2019-04-16|160.04|160.26|157.7501|158.69
2019-04-17|159.05|159.05|155.07|155.34
2019-04-18|154.9|156.2078|153.17|155.99
2019-04-22|155.45|159.14|155.28|158.76
2019-04-23|159.76|161.4|158.41|161.23
2019-04-24|161.88|162.49|159.4|159.56
2019-04-25|162|163.89|161|163.09
2019-04-26|162.42|166.06|161.28|165.96
2019-04-29|166.71|167.56|165.33|165.36
2019-04-30|165.19|166.44|163.62|165.35
2019-05-01|166.01|166.22|162.14|162.15
2019-05-02|161.69|162.7|159.63|161.83
2019-05-03|162.58|163.5|160.86|163.34
2019-05-06|158.62|162.84|157.86|162.5
2019-05-07|161.33|161.67|154.75|156.9
2019-05-08|157.11|157.93|155.04|156.86
2019-05-09|154.65|157.1|152.3888|156.31
2019-05-10|156.28|160.614|154.38|159.94
2019-05-13|154.92|156.9|152.78|153.15
2019-05-14|155.05|158.59|152.92|158.07
2019-05-15|153.82|156.38|151.7|155.06
2019-05-16|156.76|159.45|155.9|158.48
2019-05-17|156.18|157.155|153.17|154.57
2019-05-20|152.47|156.09|151.7044|155.98
2019-05-21|157.36|157.84|155.18|155.78
2019-05-22|155.87|158.19|155.84|157.64
2019-05-23|156.03|156.34|152.15|153.71
2019-05-24|154.89|156.93|154.16|154.51
2019-05-28|155.35|157.81|154.39|155.19
2019-05-29|153.76|154.06|151.2|152.89
2019-05-30|154.32|155.87|153.9|155.66
2019-05-31|152.66|154.48|151.26|151.41
2019-06-03|150.7|150.7|143.39|145.1
2019-06-04|146.05|150.92|142.51|150.81
2019-06-05|157.15|158.5|154.55|158.44
2019-06-06|158.5|160|157.33|159.31
2019-06-07|159.84|162.99|159.5|161.27
2019-06-10|153.48|157.45|150.83|152.79
2019-06-11|155.31|155.71|148.79|150.15
2019-06-12|151.11|152.32|150.15|151.28
2019-06-13|152.16|152.24|150.25|151.34
2019-06-14|151.04|151.98|149.48|150.01
2019-06-17|150.2|151.2843|149.87|150.29
2019-06-18|151.88|152.95|150.5|150.59
2019-06-19|151.69|154.47|150.515|154.14
2019-06-20|156.29|158.29|155.42|157.2
2019-06-21|156.67|157.79|155.94|156.84
2019-06-24|157.39|157.73|152.51|152.56
2019-06-25|152.83|152.9699|148.59|149.34
2019-06-26|151.28|151.38|148.92|149.04
2019-06-27|149.89|150.76|148.47|150.69
2019-06-28|150.42|151.77|149.6|151.73
2019-07-01|154.57|154.74|151.8503|154.06
2019-07-02|154.29|154.36|152.58|154.12
2019-07-03|154.54|155.75|154.16|155.59
2019-07-05|153.95|154.805|152.57|154.58
2019-07-08|153.52|153.69|152.044|152.81
2019-07-09|152.08|154.19|151.68|153.95
2019-07-10|154.57|156.4|154.57|156.27
2019-07-11|156.82|159.3|156.62|158.9
2019-07-12|159.4|159.62|157.4|158.08
2019-07-15|158.76|159.84|157.48|159.65
2019-07-16|159.96|161.61|156.8|157.13
2019-07-17|157.68|159.92|157.66|158.24
2019-07-18|157|158.58|156.2059|157.98
2019-07-19|159.73|160.74|156.29|156.75
2019-07-22|157.65|159.05|157.145|157.7
2019-07-23|157.98|158.45|155.28|156.25
2019-07-24|155.98|160.25|155.7|159.75
2019-07-25|160.12|161.13|158.67|159.35
2019-07-26|159.56|160.82|158.73|159.97
2019-07-29|160.4|161.2|155.52|156.21
2019-07-30|155.34|158.22|154.62|156.96
2019-07-31|157.39|157.89|152.3|154.5
2019-08-01|154.73|157.78|150.41|150.81
2019-08-02|149.8|149.9|145.31|145.7
2019-08-05|141.34|143.75|139.8|142.82
2019-08-06|143.79|144.96|141.96|142.8
2019-08-07|140.93|143.1|139.06|141.64
2019-08-08|143.52|144.96|142.32|143.82
2019-08-09|143.61|144.47|141.69|143.37
2019-08-12|141.55|141.97|140.05|140.72
2019-08-13|140.93|145|140.4324|143.88
2019-08-14|141.29|142.36|137.87|139.72
2019-08-15|141.1|143.3|139.7465|142.13
2019-08-16|143.06|145.34|142.5235|143.89
2019-08-19|145.6|146.1395|142.88|143.67
2019-08-20|144.16|146.5|143.06|145.54
2019-08-21|146.9|148.39|146.16|147.38
2019-08-22|149.49|149.9|145.47|148.24
2019-08-23|157.7|158.42|150.65|151.57
2019-08-26|153.51|155.21|151.52|155.14
2019-08-27|154.26|155.9|152.53|153.57
2019-08-28|152.5|152.78|150.87|151.83
2019-08-29|153.4|156|152.66|155.93
2019-08-30|156.42|158.22|153.7|156.07
2019-09-03|154.21|155.32|151.76|152.73
2019-09-04|154.09|154.92|152.32|152.46
2019-09-05|154.64|154.74|151.95|153.77
2019-09-06|153.97|154.05|150.77|151.07
2019-09-09|151.66|152.15|148.09|149.54
2019-09-10|148.77|151.66|147.74|149.65
2019-09-11|150.09|154.65|149.04|154.09
2019-09-12|155.04|156.8|154.41|154.75
2019-09-13|154.32|154.91|152.74|152.98
2019-09-16|151.65|154.105|151.36|153.01
2019-09-17|153|153.45|151.73|152.82
2019-09-18|152.35|152.91|150.57|152.77
2019-09-19|153.52|154.25|152.77|153.6
2019-09-20|154.69|156.88|153.62|155.2
2019-09-23|154.15|155.197|152.96|154.65
2019-09-24|154.28|156.27|151.09|152.05
2019-09-25|152.05|153.21|148.9|152.99
2019-09-26|152.42|153.4|151.84|152.34
2019-09-27|153.12|153.15|146.75|148.26
2019-09-30|147.95|148.97|147.41|148.44
2019-10-01|149.49|150.16|147.25|147.69
2019-10-02|146.06|146.5|143.2|144.22
2019-10-03|144|147.06|142.08|147
2019-10-04|148.28|148.92|146.21|148.03
2019-10-07|147.28|149.33|147|148.8
2019-10-08|147.54|148.34|145.81|145.91
2019-10-09|147.27|147.85|146.61|147.05
2019-10-10|146.84|147.5588|145.51|146.41
2019-10-11|148.14|150.71|148.09|149.37
2019-10-14|149.4|150.28|148.8|149.37
2019-10-15|149.66|152.97|149.62|152.74
2019-10-16|147.26|150.845|145.82|146.97
2019-10-17|147.58|148.04|145.51|146.17
2019-10-18|146.3|146.44|142.4|144.09
2019-10-21|144.1|145.19|143|144.55
2019-10-22|145.05|145.96|142.14|142.33
2019-10-23|142.11|145.569|141.49|145.13
2019-10-24|146.59|148.79|146.4|148.12
2019-10-25|147.05|150.66|146.3|150.49
2019-10-28|151.2|154.92|149.43|154.79
2019-10-29|154.78|156.13|154.42|155.09
2019-10-30|155.74|158.42|155.01|158.28
2019-10-31|156.56|158.28|155.2137|156.49
2019-11-01|157.91|160.09|156.75|159.74
2019-11-04|160.94|161.25|156.69|157.6
2019-11-05|157.59|159.12|155.47|158.15
2019-11-06|158.94|160|157.75|158.93
2019-11-07|158.93|161.13|158.08|159.5
2019-11-08|159.25|161.21|158.91|161.11
2019-11-11|161.22|162.23|160.25|161.78
2019-11-12|162|164.37|161.59|162.86
2019-11-13|163.05|164.42|162.02|162.6
2019-11-14|163.03|163.58|162.39|163.05
2019-11-15|163.72|163.93|160.99|163.21
2019-11-18|164|164|161.89|162.77
2019-11-19|163.64|164.45|161.84|163.96
2019-11-20|163.44|166.34|162.25|164.2
2019-11-21|165.32|165.91|162.21|162.88
2019-11-22|162.98|163.49|161.38|162.81
2019-11-25|163.78|164.65|161.45|161.71
2019-11-26|161.56|162.61|161.31|162.54
2019-11-27|161.92|162.8303|161.11|161.51
2019-11-29|161.61|163.41|161.32|162.89
2019-12-02|163.1|163.21|158.1|161
2019-12-03|156.96|161.85|156.19|161.57
2019-12-04|160.38|160.69|154.5|156.43
2019-12-05|155.74|158.92|155.25|158.22
2019-12-06|158.1|159.5|157.59|158.01
2019-12-09|157.38|158.9|157.06|157.48
2019-12-10|157.01|157.67|156.17|156.4
2019-12-11|156.84|156.88|155.48|156.39
2019-12-12|155.77|158.99|155.31|158.59
2019-12-13|158.86|161.49|158.55|161.13
2019-12-16|160.85|162.74|160.82|161.96
2019-12-17|162|162.37|159.74|161.63
2019-12-18|161.8|163.28|161.48|161.48
2019-12-19|161.59|163.34|160.83|163.33
2019-12-20|164.73|165.17|163.63|164.55
2019-12-23|164.04|164.87|163.35|163.74
2019-12-24|163.31|163.8421|162.875|163.25
2019-12-26|163.4|164.53|163.27|164.51
2019-12-27|164.86|165.46|163.9|164.98
2019-12-30|164.86|164.94|161.2|162.44
2019-12-31|162.04|163.26|161.8|162.64
2020-01-02|163.92|167.07|163.58|166.99
2020-01-03|165.06|166.77|165|166.17
2020-01-06|165|173.67|164.45|173.45
2020-01-07|173.23|176.87|172.09|176
2020-01-08|175.23|178.85|174.75|177.33
2020-01-09|178.84|179.9|177.29|179.6
2020-01-10|179.84|180.68|178.69|180.2
2020-01-13|181.26|184.45|181.13|183.85
2020-01-14|183.5|183.85|182.04|182.12
2020-01-15|181.68|183.085|180.615|181.06
2020-01-16|182.23|183.11|180.96|182.69
2020-01-17|183.23|183.34|181.36|182.23
2020-01-21|181.51|186|181.5|185.27
2020-01-22|185.39|186.44|182.69|182.75
2020-01-23|183.21|184.3|181.3|183.98
2020-01-24|185|186.13|181.13|182.11
2020-01-27|178.77|181.73|177.3|180.71
2020-01-28|181.14|183.855|180.3503|182.85
2020-01-29|184|184.1|181.62|181.77
2020-01-30|180.9|185.94|180.54|185.67
2020-01-31|184.86|186.03|180.79|182.31
2020-02-03|183.26|185.874|181.85|185.42
2020-02-04|188|189.69|186.65|188.34
2020-02-05|190.4|190.55|182.86|185.49
2020-02-06|186.83|187.56|184.24|186.73
2020-02-07|186.85|188.65|185.65|185.72
2020-02-10|186.17|189.27|185.5618|189.12
2020-02-11|191.48|192.6|188.65|189.11
2020-02-12|189.71|190.52|186.77|189.46
2020-02-13|188.5|191.05|188.42|188.64
2020-02-14|189.35|190.25|188.1|189.95
2020-02-18|190.95|191.5|188.92|191.09
2020-02-19|192|193.92|191.8|192.87
2020-02-20|194|195.72|189.77|193.36
2020-02-21|191.84|192.04|186.72|189.5
2020-02-24|178.79|187.15|178.79|185.94
2020-02-25|188.47|189.98|179.43|181.27
2020-02-26|176.54|182.665|174.25|178.87
2020-02-27|172.21|178.33|170.05|172.15
2020-02-28|164.99|171.77|163.12|170.4
2020-03-02|172.2|176.79|168.59|176.76
2020-03-03|178.41|178.42|167.09|169.37
2020-03-04|172.25|175.81|169.63|175.69
2020-03-05|172.57|173.75|168.1|169.6
2020-03-06|165.67|167.57|158.54|164.08
2020-03-09|151.7|157.71|150.64|151.21
2020-03-10|157.23|161.47|151|161.34
2020-03-11|157.68|159.62|150.15|154.57
2020-03-12|144.34|151.23|140.1|140.59
2020-03-13|149.47|149.5|135.32|147.78
2020-03-16|134.01|141.55|123.39|124.3
2020-03-17|127|138.01|122.92|135.42
2020-03-18|125.54|133.42|115.29|132.24
2020-03-19|131.59|144|128.86|139.46
2020-03-20|140.42|146.2|134.6|139.35
2020-03-23|138.76|143.72|134.11|140.52
2020-03-24|144.63|154.14|143.176|153.64
2020-03-25|152.67|158.02|146.96|147.06
2020-03-26|148.3|155.08|147.73|154.73
2020-03-27|150.63|151.45|144.91|146
2020-03-30|147.72|153|146.56|149.85
2020-03-31|149.03|151.95|142.78|143.98
2020-04-01|138.32|139.06|133.1|134.06
2020-04-02|134.01|135.39|130.0362|134.32
2020-04-03|134.45|136.19|131.6608|134.31
2020-04-06|139|149.85|138.3|147.55
2020-04-07|150.33|150.8|144.51|145.07
2020-04-08|146.3|152.16|145|151.12
2020-04-09|152.39|156.1|151.68|154.55
2020-04-13|154.12|155.3147|149.995|152.5
2020-04-14|155.71|158.79|155.15|157.71
2020-04-15|155.08|157.2728|154|155.63
2020-04-16|157|158|154.25|157.06
2020-04-17|160|163.26|157.63|162.62
2020-04-20|160.75|164.31|160.56|162.76
2020-04-21|160|160.09|148|150.56
2020-04-22|154|155.7|150.6742|154.14
2020-04-23|153.5|156.4696|151.5|151.72
2020-04-24|153.59|154.5|151.3|153.98
2020-04-27|155.54|158.44|154.2|157.63
2020-04-28|159.5|160.81|154.18|154.46
2020-04-29|157.88|161.89|156.52|160.43
2020-04-30|161.63|165.3|160.01|161.95
2020-05-01|158.49|160.17|155.26|156.37
2020-05-04|155.58|162.02|155.08|161.47
2020-05-05|162.53|164.14|160.25|163.25
2020-05-06|164.44|165.71|162.9229|163.67
2020-05-07|166.5|171.27|166.02|169.9
2020-05-08|172.95|176.08|171.15|175.9
2020-05-11|175.56|183.3|174.16|182.67
2020-05-12|183|183.02|177.01|177.54
2020-05-13|175.17|175.21|166.2691|169.64
2020-05-14|168.44|168.57|164.57|167
2020-05-15|167.27|171.72|166.18|171.33
2020-05-18|174|177|172.13|172.5
2020-05-19|172.75|178.2|172.75|176.04
2020-05-20|178.57|179.14|174.9|176.93
2020-05-21|176.93|178.292|174.93|175.26
2020-05-22|176.6|178.64|175.45|177.85
2020-05-26|182|182|176.22|176.52
2020-05-27|176.29|176.61|171.37|176.6
2020-05-28|180|184.8|177.1|181.1
2020-05-29|174.3|175|170.69|174.79
2020-06-01|173.1|177.52|172.68|176.36
2020-06-02|174.85|174.895|171.22|174.23
2020-06-03|174.83|175.93|172.841|174.99
2020-06-04|175|175.43|170|171.44
2020-06-05|170.11|174.185|167|173.88
2020-06-08|173.63|176.57|172.66|176.55
2020-06-09|176|176|173.53|174.56
2020-06-10|176.25|182.5|176.09|182.1
2020-06-11|176.64|178.43|172|172.05
2020-06-12|175.9|177.69|171.86|175.11
2020-06-15|172|178.9|171.27|178.61
2020-06-16|180.01|182.5|178.01|180.48
2020-06-17|180.97|182.745|180.68|181.4
2020-06-18|181.91|189|181.615|187.66
2020-06-19|189.5|191.25|185.49|186.95
2020-06-22|187.03|192.5|187|191.65
2020-06-23|192|194.09|188.59|189.06
2020-06-24|187.51|189.3|184.04|185.55
2020-06-25|186.14|188.7661|184.44|188.34
2020-06-26|188|188.22|183.02|183.17
2020-06-29|183.32|183.7099|180|183.33
2020-06-30|183.45|187.89|183.13|187.33
2020-07-01|188.1|192.82|187.46|191.89
2020-07-02|193.16|195.39|192.29|192.53
2020-07-06|194.44|199.45|193.84|197.72
2020-07-07|197.66|200.22|196.21|196.38
2020-07-08|198|201.2|197.35|200.28
2020-07-09|202.02|202.82|195.64|200.74
2020-07-10|200.06|200.725|197.0834|198.88
2020-07-13|200|200.26|188.03|188.34
2020-07-14|185.99|189.96|183.3|189.56
2020-07-15|191.03|192.1|186.75|188.09
2020-07-16|186.42|186.8584|181.93|185.51
2020-07-17|187.14|188.4|183.36|187.78
2020-07-20|187.9|195.31|187.27|195.09
2020-07-21|196|196.5|189.48|190.8
2020-07-22|190.78|191.87|188.87|191.31
2020-07-23|191.48|194.57|187.51|188.54
2020-07-24|186.06|188.94|184.375|188.49
2020-07-27|189.9|191.56|188.65|190.96
2020-07-28|191|192.97|189.05|189.5
2020-07-29|190.15|194.555|189.75|193.61
2020-07-30|190.09|191.92|187.37|191.7
2020-07-31|193|194.99|190.6696|194.85
2020-08-03|197.8|204.79|196.57|203.19
2020-08-04|203|203.39|198.9|201.41
2020-08-05|202.8|203.9|201.58|202.64
2020-08-06|202.97|209.95|202.4|207.79
2020-08-07|206.62|206.94|198.58|201.05
2020-08-10|200.4|201.48|195.72|197.16
2020-08-11|193.62|195.84|191.72|191.99
2020-08-12|193|195.418|192.12|192.62
2020-08-13|193.32|198.07|193.23|195.14
2020-08-14|195.22|195.48|192.52|193.46
2020-08-17|195.34|197.07|194.416|196.74
2020-08-18|199.33|204.8|199|204.01
2020-08-19|204|207.1|200.03|205.11
2020-08-20|203.85|210.11|203.51|209.51
2020-08-21|209.94|210|206.25|207.53
2020-08-24|208.88|209.29|205.15|208.46
2020-08-25|213.22|218.35|210.8|216.05
2020-08-26|251.96|277.97|249.47|272.32
2020-08-27|267|278.28|260.84|276.32
2020-08-28|271.28|275.75|267.4|271.1
2020-08-31|270|274.71|265.91|272.65
2020-09-01|271|281.93|270.58|281.25
2020-09-02|283.47|284.5|268.57|276.69
2020-09-03|270.58|271.75|257.41|265.01
2020-09-04|262.98|265.67|243.2|254.7
2020-09-08|240.565|253.675|240.1401|241.27
2020-09-09|246.4|253.45|242.96|250.43
2020-09-10|254.81|256.5071|246.97|247.8
2020-09-11|250.72|251.3|239.45|243.1
2020-09-14|246.31|248.87|244.04|246.64
2020-09-15|251.37|251.94|248.5101|251.68
2020-09-16|254.67|255.43|250.23|250.6
2020-09-17|246.12|248.815|241.31|244.53
2020-09-18|245.13|248.11|238.7101|242.78
2020-09-21|238.97|245.13|236.8|245.05
2020-09-22|246.74|248.57|241.26|247.78
2020-09-23|248.485|248.77|235.35|235.99
2020-09-24|235.84|239.9574|233.63|237.55
2020-09-25|237.39|243.945|235.05|242.74
2020-09-28|247.56|248.58|242.21|246.67
2020-09-29|245.26|247.8965|244.5|247.45
2020-09-30|246.65|255.4068|246.221|251.32
2020-10-01|253.18|254.67|250.81|253.45
2020-10-02|249.75|254.95|247.21|247.85
2020-10-05|250|253.28|249|251.53
2020-10-06|252.73|257.29|249|250.14
2020-10-07|252.2|260.74|252.2|259.98
2020-10-08|264.2|264.62|257.08|260.22
2020-10-09|262.9|266.05|261.5|265.98
2020-10-12|270|270|265.2927|267.07
2020-10-13|266.42|268.7894|264.23|266.83
2020-10-14|270|270.16|258.7459|261.83
2020-10-15|258.11|260.52|254.02|257.72
2020-10-16|259.24|262.52|258.49|258.55
2020-10-19|259.76|261.4799|254.5|255.01
2020-10-20|256.12|259.18|254.05|255.97
2020-10-21|256.45|258.31|251.85|254.23
2020-10-22|253.89|255.22|246.13|249.67
2020-10-23|250.1|250.57|246.81|250.52
2020-10-26|245.3|248.11|237.38|241.98
2020-10-27|248|251.75|245.765|250.3
2020-10-28|244.6|245.45|238.01|238.43
2020-10-29|242.52|242.52|237.13|237.14
2020-10-30|235.82|237.75|228.66|232.27
2020-11-02|235.12|238.5|228.99|232.45
2020-11-03|235.1|240.94|233.28|237.13
2020-11-04|246.02|252.875|243.24|250.74
2020-11-05|258.11|260.9186|255.44|260.22
2020-11-06|260|261.75|254.49|260.15
2020-11-09|260.95|270.92|257.25|259.28
2020-11-10|258.06|259|242.9|247.66
2020-11-11|253.51|256.74|251.21|254.18
2020-11-12|247.4|254.97|246.3607|249.42
2020-11-13|252.84|253.79|247.56|249.51
2020-11-16|249.52|253.49|248.18|249.89
2020-11-17|253.74|258.27|250.463|256.17
2020-11-18|256.4|262.66|255.85|257.16
2020-11-19|256.84|267.09|255.66|264.65
2020-11-20|263.59|265.02|257.82|258.04
2020-11-23|261.23|261.74|254.61|257.64
2020-11-24|260|262.31|257.82|260.84
2020-11-25|263.73|266.095|245.05|246.82
2020-11-27|251|251.84|247.03|247.63
2020-11-30|245.48|247.63|236.07|245.8
2020-12-01|245|246.7|238.7|241.35
2020-12-02|225.48|226|215.63|220.78
2020-12-03|226.11|226.11|220.1301|220.97
2020-12-04|223.82|228.5978|221.8212|225.86
2020-12-07|228.11|229.87|226.25|227.7
2020-12-08|228.65|229.5|225.66|227.86
2020-12-09|228.05|228.84|220.0672|220.57
2020-12-10|220.57|224.31|220.16|222.92
2020-12-11|221.92|222.74|219.98|222.42
2020-12-14|223.09|223.47|220.45|221.27
2020-12-15|222.07|222.14|218.2|220.15
2020-12-16|221.48|224|220.25|223.62
2020-12-17|224.9|226.73|224.5|225.92
2020-12-18|227.02|227.82|224.4|227.43
2020-12-21|224.9|227.44|224.71|226.47
2020-12-22|227|231.87|226.6|231.17
2020-12-23|232.5|233.18|227.11|227.43
2020-12-24|228.3|229.19|224.8252|225.78
2020-12-28|227.2216|227.84|222.05|224.64
2020-12-29|224.97|225.3|220.86|222.46
2020-12-30|223.13|223.6416|221.58|222.4
2020-12-31|222.27|222.79|220.17|222.53
2021-01-04|222.64|223.75|215.72|220.31
2021-01-05|219.49|223|217.99|221.52
2021-01-06|218|220.46|215.78|216.15
2021-01-07|217.03|220.66|216.5|217.98
2021-01-08|220|222.32|219.22|222.04
2021-01-11|219.63|220.58|216.23|218.25
2021-01-12|218|218.3|214.09|215.52
2021-01-13|217|218.9|215.53|218.18
2021-01-14|218.23|219.5|215.55|215.6
2021-01-15|216.17|217.87|212.985|213.14
2021-01-19|215.35|217.28|213.7|216.76
2021-01-20|221.99|224.64|219.97|223.44
2021-01-21|223.69|224.74|220.82|222.17
2021-01-22|224.9|227.79|223.75|225.77
2021-01-25|229.69|230.3|221.32|225.92
2021-01-26|227.8|227.91|224.54|226.26
2021-01-27|223.7|227.81|221.58|224.78
2021-01-28|225|229.6|225|226.5
2021-01-29|224.66|228.79|223.02|225.56
2021-02-01|227.21|229.9|224.745|228.46
2021-02-02|231.47|235.95|231.38|234.2
2021-02-03|235|236|232.26|234.82
2021-02-04|235.52|238.23|235.47|237.98
2021-02-05|239.15|239.36|236.41|238.89
2021-02-08|239.51|241.11|237.13|238.93
2021-02-09|239.56|240.08|236.2366|236.7
2021-02-10|237.45|238.22|233.96|236.72
2021-02-11|238.93|242.89|238.58|241.24
2021-02-12|240.95|241.56|238.91|240.37
2021-02-16|245|251.23|243.8|248.59
2021-02-17|248.59|249.5|245.5|247.66
2021-02-18|245.97|248.01|242.5701|247.01
2021-02-19|248|249.39|245.98|246.56
2021-02-22|244.26|244.52|240.38|240.95
2021-02-23|235.26|238.96|229.01|235.64
2021-02-24|235.53|241.5|231.51|240.47
2021-02-25|238.53|240.35|229.77|231.08
2021-02-26|229.39|230.5|216.34|216.5
2021-03-01|219.9|220.2|215.03|217.54
2021-03-02|218.4|218.6|213.34|213.47
2021-03-03|212.83|213.32|205.395|206
2021-03-04|206.84|209.09|201.51|205.33
2021-03-05|210.01|212.35|203.22|210.76
2021-03-08|213.62|214.9|207.57|207.72
2021-03-09|212.18|215.79|211.17|211.53
2021-03-10|214.72|216.15|211.77|211.96
2021-03-11|215|218.17|214.3537|215.95
2021-03-12|213.45|213.85|209.3|212.21
2021-03-15|211.85|212.94|209.5|212.8
2021-03-16|214.84|216.69|213.475|214.48
2021-03-17|213.52|214.81|210.86|213.12
2021-03-18|210.7|211.38|208.4|209.48
2021-03-19|209.81|212.75|209.07|212.2
2021-03-22|211.48|216.98|211.365|215.17
2021-03-23|214.76|217.43|214.33|215
2021-03-24|215.13|215.28|209.41|209.53
2021-03-25|206.17|208.17|204.37|205.44
2021-03-26|205.64|209.41|204.77|209.09
2021-03-29|209.01|211.652|205.99|210.77
2021-03-30|208.64|211.29|207.355|210
2021-03-31|210.44|213.6699|210.11|211.87
2021-04-01|213.6|218.93|213.37|218.72
2021-04-05|219.61|221.84|218.93|220.29
2021-04-06|219.82|221.55|218.25|221.09
2021-04-07|221.96|222.68|219.39|220.79
2021-04-08|223|225.71|222.45|224.45
2021-04-09|224.33|231.31|223.63|231.28
2021-04-12|229.52|229.85|227.15|228.76
2021-04-13|229|233.49|228.5|232
2021-04-14|232.85|233.14|227.66|228.02
2021-04-15|229.87|233.08|229.5|233
2021-04-16|234|234|229.8935|231.91
2021-04-19|230.83|232.1953|228.87|230.5
2021-04-20|230|231.45|226.89|227.96
2021-04-21|227.11|230.79|226.67|230.56
2021-04-22|230|233.89|229.01|231.35
2021-04-23|232.94|235.49|231.75|233.51
2021-04-26|234.04|235.8044|232.4155|235.46
2021-04-27|235.46|235.9|231.91|234.21
2021-04-28|235|238.33|233.53|236.88
2021-04-29|237.32|237.67|232.17|234.36
2021-04-30|232.8|234.5|229.52|230.32
2021-05-03|230.77|231.46|223.07|223.76
2021-05-04|221.67|222|214.3601|217.18
2021-05-05|218.82|219.5666|214.84|215.4
2021-05-06|215.805|218.28|213.5|218.05
2021-05-07|220.51|221.2462|215.09|216.5
2021-05-10|215.498|215.96|213.23|213.89
2021-05-11|209|216.565|208.91|215.56
2021-05-12|213.34|213.3699|209|210.54
2021-05-13|212.97|215.64|210.471|211.86
2021-05-14|214.19|218.27|214.15|217.66
2021-05-17|216.59|217.72|212.82|215.06
2021-05-18|215.44|217.3523|213.79|214.33
2021-05-19|215.85|221.6|214.51|221.34
2021-05-20|222.98|226.83|222.36|223.78
2021-05-21|225.21|225.7842|222.44|222.58
2021-05-24|225|227.6|224.21|226.99
2021-05-25|228|229.72|226.28|227.71
2021-05-26|228.48|230.24|228.29|229.68
2021-05-27|229.52|229.52|225.39|225.83
2021-05-28|239.22|243.5|237.83|238.1
2021-06-01|238|238.4|232.46|236.2
2021-06-02|234.4|238.29|233.9|234.62
2021-06-03|232.89|233.18|229.43|230.84
2021-06-04|231.63|237.89|231.52|237.48
2021-06-07|236.6|239.47|235.84|238.14
2021-06-08|238.8|241.79|235.67|236.42
2021-06-09|238.87|238.87|235.51|236.09
2021-06-10|236|240.29|235.15|240.19
2021-06-11|239.03|240.37|238.41|240.31
2021-06-14|240.7|246.64|240.48|246.26
2021-06-15|245.21|245.355|242.01|242.58
2021-06-16|242|245.01|239.48|242.39
2021-06-17|242|247.18|241.2|244.43
2021-06-18|241.85|246.01|241.06|242.78
2021-06-21|243.45|244.72|238.89|244.48
2021-06-22|243.8|244.72|240.8895|243.11
2021-06-23|243.75|244.5|240.85|241.84
2021-06-24|243.35|247.69|242.7|243.77
2021-06-25|244.19|244.2|240.99|241.87
2021-06-28|244.21|247.59|243.6|244.57
2021-06-29|244.44|246.78|242.43|245.81
2021-06-30|245.48|246.625|243.5|244.27
2021-07-01|244.5|246.59|242.62|244.98
2021-07-02|246.92|248.96|245.84|248.2
2021-07-06|249|252.92|248.3759|250.25
2021-07-07|253|253.5|247.86|248.44
2021-07-08|244.84|246.58|241.74|245.8
2021-07-09|245.59|248|244.09|245.06
2021-07-12|247.22|247.26|241.85|242.91
2021-07-13|242.29|247.155|241.68|244.02
2021-07-14|244.5|246.145|239.87|242.43
2021-07-15|241.22|242.025|235.8201|237.58
2021-07-16|238.3|240.88|237.77|238.43
2021-07-19|236.51|238.5|234.3101|237.55
2021-07-20|238.7|243.18|236.27|240.11
2021-07-21|241.44|242.98|238.27|242.11
2021-07-22|243.5|248.7|243.34|248.28
2021-07-23|250|250.56|246.68|248.25
2021-07-26|248.2|248.48|245.82|247.6
2021-07-27|247.21|248.13|241.19|243.51
2021-07-28|243.82|246.08|243|243.96
2021-07-29|243.49|246.16|243.49|244.04
2021-07-30|243|244.24|241.63|241.93
2021-08-02|242.31|242.47|238.88|240.86
2021-08-03|241.38|243.05|239.04|241.13
2021-08-04|241.62|244.65|239.67|244.17
2021-08-05|244.68|250.9015|243.5418|250.56
2021-08-06|249.23|252.08|249.22|250.59
2021-08-09|251.42|252.42|247.85|249.32
2021-08-10|250.87|251.25|243.04|243.39
2021-08-11|244.67|246.15|240.1|242.28
2021-08-12|242.5|248.43|241.93|248.39
2021-08-13|251.71|253.77|248.87|251.56
2021-08-16|250.17|251|244.47|249.2
2021-08-17|248.26|249.2|245.94|246.99
2021-08-18|248|256.795|247.72|251.22
2021-08-19|249.17|255.4399|248.38|253.07
2021-08-20|253|257.87|252.61|256.13
2021-08-23|257|261.855|256.57|260.52
2021-08-24|261.92|262.5|259.0588|259.66
2021-08-25|260.86|261.9|258.745|260.85
2021-08-26|269.8|275.22|267.36|267.79
2021-08-27|267.86|270.91|265.43|266.53
2021-08-30|265.81|267.58|264.75|264.97
2021-08-31|264.77|266.77|262.7|265.27
2021-09-01|266.27|273.26|265.59|268.32
2021-09-02|269|269.26|263.92|264.15
2021-09-03|263.6|267.41|261.8001|267.08
2021-09-07|266.54|267.9|264.07|265.21
2021-09-08|263.62|264.34|261.58|262.62
2021-09-09|261.82|263.71|260.451|260.74
2021-09-10|261|261.5899|256.5|257.2
2021-09-13|257|257.6891|252.19|254.11
2021-09-14|254.11|255.11|253|254.37
2021-09-15|254.54|256.745|252.95|256.16
2021-09-16|255.53|261.22|255|260.36
2021-09-17|259.27|261.7|258.68|260.53
2021-09-20|256.59|259.215|254.94|258.22
2021-09-21|259.47|262.55|257.77|257.97
2021-09-22|258.9|260.359|256.21|259.17
2021-09-23|270|279.39|266.4|277.86
2021-09-24|278.5|286.36|278.21|285.63
2021-09-27|282.44|283.76|279.04|279.68
2021-09-28|275.11|276.7|270.04|272.28
2021-09-29|273.49|274.6822|269.24|270.5
2021-09-30|270.65|274.26|270.44|271.22
2021-10-01|271.5|276.34|268.77|275.26
2021-10-04|275.22|275.3|266.14|270.86
2021-10-05|272.11|273.549|271.03|271.77
2021-10-06|269.67|275.49|267.5|275.27
2021-10-07|276.9|279.5|274.085|274.58
2021-10-08|275.54|276.92|272.27|272.48
2021-10-11|271.78|276.27|271.51|273.75
2021-10-12|276.42|280.7496|276.0242|279
2021-10-13|280|285.1|278.6|284.41
2021-10-14|286|290.64|284.66|290.02
2021-10-15|292.49|292.87|289.32|291.66
2021-10-18|290.78|293.25|288.71|291.7
2021-10-19|292.1|295.53|291.36|292.34
2021-10-20|293.11|295.41|287.95|290.09
2021-10-21|289.47|291.5741|288.27|289.81
2021-10-22|289|293|288.18|292.56
2021-10-25|293.3|295.13|291.72|293.92
2021-10-26|295.78|298.36|293.62|295.11
2021-10-27|296.53|299.19|295.09|295.15
2021-10-28|295.07|298.8099|293.53|298.38
2021-10-29|298|300.78|296.27|299.69
2021-11-01|301.5|304.86|299.72|302.76
2021-11-02|301.72|303.44|299.41|302.95
2021-11-03|303.95|303.95|298.19|302.89
2021-11-04|303.5|308.41|302.4|308.04
2021-11-05|308.5|311.4|303.34|307.25
2021-11-08|307.2|311.39|305.9001|309.96
2021-11-09|310|311.75|307.22|309.71
2021-11-10|306.57|308.59|297.885|299.67
2021-11-11|301.5|305.75|301.5|302.98
2021-11-12|304.5|307.22|301.63|306.65
2021-11-15|306.9|307.76|303.23|305.49
2021-11-16|304.08|307.58|302.721|307.09
2021-11-17|307.78|309.9|307.25|308.02
2021-11-18|306.16|306.99|299.58|302.99
2021-11-19|305.71|306|301.1|301.17
2021-11-22|301.84|305.49|296.72|296.84
2021-11-23|293.65|296.47|288.31|291.42
2021-11-24|286.04|289.4499|283.2|289.17
2021-11-26|284.5|287.57|283.04|284.21
2021-11-29|289.52|298.39|284.7|296.74
2021-11-30|296.19|299.27|283.4|284.96
2021-12-01|271.26|276.94|251.46|251.5
2021-12-02|252.82|262.58|252.1401|261.2
2021-12-03|261.55|261.75|251.7|258.32
2021-12-06|256.1|259.23|250.71|258.75
2021-12-07|265.47|270.23|263.6|266.99
2021-12-08|268.31|268.5|264.57|266.31
2021-12-09|266.04|266.68|262.64|264.32
2021-12-10|266.1|270.57|264.44|266.03
2021-12-13|265.8|270.56|264.61|265.76
2021-12-14|262|262.15|253.3|255.59
2021-12-15|254.85|260.19|251.9|260.04
2021-12-16|260|261.3499|252.22|253.12
2021-12-17|251.24|253.9|246.79|252.93
2021-12-20|249.89|251.54|246.5|247.21
2021-12-21|248|253.01|245.25|252.55
2021-12-22|253.42|254.26|249.51|252.8
2021-12-23|251.23|254.31|249.335|253.14
2021-12-27|253.39|258.43|253.24|258.3
2021-12-28|259.73|260.78|254.938|255.45
2021-12-29|256|256.43|253.12|254.54
2021-12-30|255.3|257.9|254.46|255.33
2021-12-31|254.47|256.49|253.63|254.13
2022-01-03|255.01|256.7|248.65|255.46
2022-01-04|256.85|256.87|243.395|248.23
2022-01-05|236.17|238.2|227.31|227.67
2022-01-06|228.04|234.48|226.0532|229.15
2022-01-07|228.5|232.28|226.05|228.31
2022-01-10|225.5|229.83|218.89|229.63
2022-01-11|228.8|236.35|226.56|234.84
2022-01-12|237|239.28|235.76|237.83
2022-01-13|237.5|238.79|227.92|228.63
2022-01-14|228.03|233.29|227.6074|231.23
2022-01-18|228.45|230.73|225.3|226.06
2022-01-19|227.47|232.21|226.17|226.27
2022-01-20|229.07|231.4|222.49|222.94
2022-01-21|223.06|224.77|218.25|218.63
2022-01-24|212.39|223.38|207.51|223.03
2022-01-25|221|223.9|214.67|215.39
2022-01-26|219.61|221.46|209.07|211
2022-01-27|214.08|223.15|212.06|212.74
2022-01-28|214.3|222.29|210.88|222.13
2022-01-31|222.95|232.91|222.26|232.63
2022-02-01|232.37|232.78|226.32|232.12
2022-02-02|233.74|234.49|223.0169|225.01
2022-02-03|218.07|220.7909|210.4|212.77
2022-02-04|214.99|221.67|213.19|219.23
2022-02-07|219|221.44|216.66|216.97
2022-02-08|215.6|217.94|212.15|217.43
2022-02-09|221.14|222.19|215.57|222.04
2022-02-10|217.7|221.99|215.81|217.67
2022-02-11|217.62|219.93|206.1121|207.9
2022-02-14|205.8|209.9|204.63|206.4
2022-02-15|209.75|214.57|208.52|214.25
2022-02-16|211|212.42|208.21|211.74
2022-02-17|208.33|209.75|199.5|200.03
2022-02-18|200.4|202.6|195.79|196.84
2022-02-22|195.53|201.46|193.525|195.13
2022-02-23|196.35|199|190.13|190.54
2022-02-24|184.74|204.9|184.44|204.29
2022-02-25|204.724|208.4674|201.61|208.09
2022-02-28|207.79|211.67|206.95|210.53
2022-03-01|213.4|214.39|208.46|208.89
2022-03-02|216.1|217.3096|201.1501|210.39
2022-03-03|210.39|211.63|204.22|204.75
2022-03-04|204.7|206.38|199.26|203.01
2022-03-07|203.45|204.93|196.04|196.23
2022-03-08|194.28|197.2|189.2|192.08
2022-03-09|198.35|205.23|197.22|203.16
2022-03-10|199.1|201.2|197.53|200.15
2022-03-11|204.77|204.77|197.63|197.9
2022-03-14|198.24|200.16|191.82|193.12
2022-03-15|198.53|199.96|192.74|196.14
2022-03-16|198.66|205.9|197.33|205.57
2022-03-17|204.62|210.68|202.5601|210.41
2022-03-18|209.23|219.58|208.305|218.8
2022-03-21|218.19|219.1|210.61|213.72
2022-03-22|213.72|221.85|212.615|218.21
2022-03-23|213.87|213.93|208.31|211.11
2022-03-24|212.35|214.11|209.87|213.98
2022-03-25|214.27|215.86|208.48|211.03
2022-03-28|210.38|215.38|209.3|215.28
2022-03-29|218.62|222.155|216.77|221.29
2022-03-30|219.71|219.85|213.4|214.94
2022-03-31|214.5|216.79|211.79|212.32
2022-04-01|212.48|214.03|210.04|212.25
2022-04-04|214.63|221|214.1|218.85
2022-04-05|218|218.27|208.67|210.14
2022-04-06|205.21|205.465|198.08|200.82
2022-04-07|199.12|202.72|198.19|200.16
2022-04-08|198.64|200.14|196.62|197.17
2022-04-11|194.21|197.1|192.16|195.45
2022-04-12|199.75|201.12|194.58|194.81
2022-04-13|191.985|197.1|189.32|195.72
2022-04-14|196.32|196.45|189.22|189.41
2022-04-18|188.3|189.35|185.53|187.01
2022-04-19|187.24|192.2|185.52|191.39
2022-04-20|192.89|193.3|186.08|186.23
2022-04-21|188.78|190.17|176.74|177.23
2022-04-22|177.7|179.05|171.1|171.43
2022-04-25|169.69|174.76|169.2278|174.57
2022-04-26|172.62|173.72|167.55|170.08
2022-04-27|171|177.23|170.625|174.68
2022-04-28|181.41|186.93|178.98|185.74
2022-04-29|182.57|185.36|175.3|175.94
2022-05-02|175.09|177.78|173.12|177.57
2022-05-03|176.95|180.385|176.13|178.36
2022-05-04|179.71|185.98|174.74|185.48
2022-05-05|180.49|182.235|169.82|172.3
2022-05-06|169.49|172.43|165.58|169.7
2022-05-09|166.72|170.2885|162.13|163.6
2022-05-10|167.42|171.26|163.275|167.15
2022-05-11|165.5|169.98|160.83|161.27
2022-05-12|156.93|166.85|154.64|160.42
2022-05-13|163.55|168.68|162.01|166.91
2022-05-16|164.74|166.11|161.88|164.12
2022-05-17|167.33|169.1|158.27|163.73
2022-05-18|162.82|164.52|156.19|157.33
2022-05-19|155.23|159.25|154.73|155.6
2022-05-20|158.74|160.73|154.55|159.65
2022-05-23|159.84|160.73|155.91|160.32
2022-05-24|157.77|158.39|154.55|156.93
2022-05-25|155.32|161.89|155.32|159.65
2022-05-26|159.69|163.69|157.57|162.46
2022-05-27|160.67|165.23|160.25|165.1
2022-05-31|166.96|167.28|159.35|160.24
2022-06-01|178.01|184.42|174.37|176.07
2022-06-02|175|190.13|174.7|188.4
2022-06-03|185|189.64|183.8|184.91
2022-06-06|188.93|190.42|181.7|182.87
2022-06-07|181.71|188.6|181.71|187.15
2022-06-08|187|190.5599|185.39|189.19
2022-06-09|188.53|192.6799|186.61|187.11
2022-06-10|183.63|183.95|177.2044|178.45
2022-06-13|170.55|172.68|165.06|166.03
2022-06-14|168.73|169.63|162.15|164.45
2022-06-15|166.73|171.5|164.68|168.55
2022-06-16|163.73|166.9|158.62|159.85
2022-06-17|158.56|166.23|158.17|163.26
2022-06-21|165.05|169.35|164.9|166.83
2022-06-22|164.7|170.45|164.21|167.45
2022-06-23|169.09|173.3899|167.12|173.05
2022-06-24|177.72|186.405|176.55|185.92
2022-06-27|186.11|186.58|180.4715|181.31
2022-06-28|180.29|182.33|171.44|171.46
2022-06-29|172.5|173.78|168.06|170.61
2022-06-30|165.05|167.5|161.11|165.04
2022-07-01|164.76|169.15|164.05|168.2
2022-07-05|166.1|172.35|164.61|172.2
2022-07-06|173.52|175.06|170.83|172.73
2022-07-07|174.17|176.9392|173.17|176.64
2022-07-08|174.05|176.61|172.84|175.5
2022-07-11|174|176.32|171.26|174.36
2022-07-12|172.21|173.38|164.35|166.33
2022-07-13|162.41|165.84|161.17|163.49
2022-07-14|161.03|161.71|157.65|161.04
2022-07-15|163.71|167.61|162.22|167.38
2022-07-18|168.95|172.64|167.11|167.89
2022-07-19|170.92|174.1|167.81|173.81
2022-07-20|176.1|183.4999|175.61|182.45
2022-07-21|180.66|185.53|179.905|185.35
2022-07-22|185.07|187.56|180.93|182.47
2022-07-25|181.83|181.99|175.075|177.29
2022-07-26|177.11|177.13|169.7601|170.46
2022-07-27|174.86|182.23|174.35|180.3
2022-07-28|178.41|181.88|175.93|181.29
2022-07-29|181.82|184.42|180.22|184.02
2022-08-01|181.3|185.18|179.76|182.98
2022-08-02|180.81|185.14|179.4311|183.79
2022-08-03|185.53|190.68|185.37|189.65
2022-08-04|188.56|191.58|187.25|191.27
2022-08-05|187|191.8|186.28|190.17
2022-08-08|191.09|194.37|189.08|189.75
2022-08-09|186.3|187.13|179.82|182.24
2022-08-10|188.16|189.569|186.21|188.61
2022-08-11|192.13|192.5|186.32|186.73
2022-08-12|186.63|190.02|185.505|189.89
2022-08-15|189.05|192.105|188.9|191.06
2022-08-16|189.55|190.85|186.36|189.59
2022-08-17|187.72|189.43|186.47|187.96
2022-08-18|188.42|188.57|186.61|187.93
2022-08-19|185.22|185.44|181.58|183.77
2022-08-22|180|180.59|176.06|176.98
2022-08-23|175.88|178.1093|174.905|176
2022-08-24|176.67|181.23|176.06|180.01
2022-08-25|168.58|174.14|165.56|173.91
2022-08-26|173.96|176.3|164.63|165.23
2022-08-29|164.28|165.815|160.05|160.21
2022-08-30|162.14|163.85|158.38|159.67
2022-08-31|159.79|161.21|155.97|156.12
2022-09-01|154.87|155.33|150.87|153.53
2022-09-02|156.46|158.67|152.96|153.69
2022-09-06|152.88|154.43|150.82|151.72
2022-09-07|151.29|154.0615|150.48|153.28
2022-09-08|152.32|157.03|151.78|156.9
2022-09-09|158.6|163.295|158.47|162.59
2022-09-12|163.69|165.66|162.74|165.63
2022-09-13|158.25|161.255|157.81|158.1
2022-09-14|158.59|161.65|158.01|160.28
2022-09-15|156.8|159.84|154.31|154.78
2022-09-16|151.92|152.206|149.56|151.51
2022-09-19|150.71|153.54|150.4|152.83
2022-09-20|151|151.58|148.852|149.8
2022-09-21|151.22|153.3|147.51|147.63
2022-09-22|149.51|152.86|149.15|150.15
2022-09-23|148.07|149.84|144.79|147.01
2022-09-26|147|151.19|145.35|146.32
2022-09-27|148.37|150.61|146.255|148.89
2022-09-28|146|150.875|145.6665|150.17
2022-09-29|148.45|148.98|145.01|146.81
2022-09-30|146.01|148.63|143.75|143.84
2022-10-03|144.98|148.96|143.9|147.9
2022-10-04|151.7|157.415|151.22|155.73
2022-10-05|152.2|156.96|151.9399|156.23
2022-10-06|155.72|158.25|154.441|155.46
2022-10-07|151.8|153.17|149.27|150.29
2022-10-10|150.62|150.9626|144.58|145.64
2022-10-11|144.51|144.97|139.52|142.57
2022-10-12|142.31|143.44|139.58|142.29
2022-10-13|138.96|146.34|137.59|145.44
2022-10-14|147.33|147.7|142|142.22
2022-10-17|146.07|149|145.942|147.18
2022-10-18|156.45|158.97|151.9|153.53
2022-10-19|151.86|155.95|150.64|153.67
2022-10-20|155|161.3|153.6|157.5
2022-10-21|157.5|160.43|154.8182|160.17
2022-10-24|161.18|161.57|158.3968|160.65
2022-10-25|161.7|166.03|161.685|165.27
2022-10-26|159.8|164.12|158.7|159.91
2022-10-27|161.8|164.66|159.32|159.75
2022-10-28|159.51|163.09|158.17|163.02
2022-10-31|162.12|164|161|162.59
2022-11-01|165|165.6999|159.64|159.82
2022-11-02|159.51|159.77|149.96|150.01
2022-11-03|149|150.415|146.13|146.33
2022-11-04|146.5|146.95|136.04|139.77
2022-11-07|140.62|144.93|138.7701|144.59
2022-11-08|145.09|151.56|145.08|147.1
2022-11-09|145.85|146.3255|141.94|142.06
2022-11-10|151|156.37|149.73|156.3
2022-11-11|156.49|159.92|155.58|157.73
2022-11-14|155.82|160.16|154.645|158.66
2022-11-15|162.68|165.25|160.7492|162.07
2022-11-16|160|160.82|153.83|155.12
2022-11-17|150.19|151.76|148.34|149.69
2022-11-18|151.84|152.32|145.645|148.04
2022-11-21|146.02|147.34|143.395|144.85
2022-11-22|145.2|149.38|142.92|149.25
2022-11-23|147.62|152.91|147.55|152.24
2022-11-25|152.07|154.04|151.38|153.35
2022-11-28|152|155.32|152|153.69
2022-11-29|152.72|154.02|151.26|151.68
2022-11-30|150.75|160.25|150.13|160.25
2022-12-01|147.55|147.586|142.08|147
2022-12-02|144.29|145.21|142.78|144.56
2022-12-05|142.8|144.39|132.88|133.93
2022-12-06|132.71|134.55|130.91|133.27
2022-12-07|132.5|133.75|130.02|130.48
2022-12-08|128.43|131.46|127.02|130.13
2022-12-09|129.74|133.37|128.36|131.11
2022-12-12|131.1|134.0889|130.95|133.11
2022-12-13|137.39|139.88|134.04|135.62
2022-12-14|135.01|137.27|133.23|134.75
2022-12-15|131.67|134.115|129.68|130.44
2022-12-16|128.92|129.88|126.8904|128.27
2022-12-19|127.77|129.5799|127.2|129.01
2022-12-20|127.5|129.9865|127.19|128.45
2022-12-21|127.956|132.16|126.6|130.3
2022-12-22|128.67|129.54|126.34|129.19
2022-12-23|128.73|129.86|127.59|129.44
2022-12-27|128.56|131.75|127.65|130.66
2022-12-28|129.71|131.14|128.17|128.47
2022-12-29|129.7|132.95|129.5|132.54
2022-12-30|130.61|132.64|130.36|132.59
2023-01-03|135.19|136.95|133.03|134.78
2023-01-04|141.22|141.85|137.615|139.59
2023-01-05|137.64|138.59|134.24|136.34
2023-01-06|137.58|141.65|135.55|140.51
2023-01-09|142.59|149.2|142.59|147.1
2023-01-10|145.81|149.28|145.6039|147.44
2023-01-11|145.28|147.04|143.56|144.9
2023-01-12|147.84|149.82|143.94|149.6
2023-01-13|146.2|149.96|146.0942|149.51
2023-01-17|149.6|150.49|146.1001|148.47
2023-01-18|148.86|149.54|145.29|145.45
2023-01-19|143.52|146.68|143.16|146.41
2023-01-20|144.3|151.525|144.3|151.25
2023-01-23|157.35|157.87|153.23|155.87
2023-01-24|154.61|160.21|154.5|154.86
2023-01-25|151.21|156.4|149.82|156.17
2023-01-26|158.19|165.17|158.1|165.09
2023-01-27|165.05|167.24|163.6|164.52
2023-01-30|164.07|166.44|163.4|164.75
2023-01-31|164.28|168.01|164.28|167.97
2023-02-01|167.73|173.08|167|171.82
2023-02-02|175.71|178.84|172.9|174.64
2023-02-03|170.02|175.08|169.86|171.04
2023-02-06|168|171.17|167.35|169.05
2023-02-07|167.57|171.73|166.61|171.28
2023-02-08|170|172.45|169.2317|169.63
2023-02-09|173.33|175.38|172.01|173.66
2023-02-10|167.655|169.74|165.33|167.03
2023-02-13|168.28|171.16|166.95|171.08
2023-02-14|168.22|172.79|167.85|169.96
2023-02-15|168.85|171.605|168.24|171.1
2023-02-16|168.99|170.37|167.9573|168.11
2023-02-17|165.03|167.11|162.74|165.17
2023-02-21|163.74|164.51|161.45|161.62
2023-02-22|163.11|165|162.11|163.36
2023-02-23|165.29|165.47|161.57|164.12
2023-02-24|160.59|162.39|159.655|162.2
2023-02-27|163.84|164.77|162.22|163.14
2023-02-28|162.53|164.45|161.53|163.61
2023-03-01|162.99|167.98|162.98|167.35
2023-03-02|193.12|193.91|185.2|186.59
2023-03-03|188.07|189.77|184.29|186.43
2023-03-06|185.07|189|183.625|183.8
2023-03-07|184.455|186.16|183.03|183.32
2023-03-08|183.3|184.9|181.8|182.95
2023-03-09|183.1|183.8441|178.54|178.72
2023-03-10|178.5|179.36|171.71|173.18
2023-03-13|171|177.1|170|175.51
2023-03-14|180|185.31|179.11|182.89
2023-03-15|179.16|183.86|178.21|182.91
2023-03-16|183.3|187.65|182.98|187.3
2023-03-17|186.04|187.66|184.175|184.85
2023-03-20|184.21|185.52|182.65|185.25
2023-03-21|185.87|189.28|184.89|188.68
2023-03-22|190|191.44|186.41|186.51
2023-03-23|187.4|190.56|185.58|187.44
2023-03-24|186.5|190.32|186.09|190.06
2023-03-27|188.92|192.11|188.905|191.26
2023-03-28|191.18|192.83|191.18|192.3
2023-03-29|193.14|197.43|192.88|196.64
2023-03-30|197.77|198.17|195.49|196.6
2023-03-31|197.49|200|196.99|199.78
2023-04-03|198.22|198.93|195.53|196.49
2023-04-04|198.15|198.7025|196.62|197.2
2023-04-05|198|198.29|193.73|195.31
2023-04-06|194|194.07|189.6|192.55
2023-04-10|190.59|192.55|189.28|191.49
2023-04-11|189.06|190.46|187.31|188.89
2023-04-12|190.3|191.885|189.53|190.32
2023-04-13|190.45|194.375|190.45|194.02
2023-04-14|191.85|195.17|191.19|194.65
2023-04-17|195.16|197.52|195.03|197.08
2023-04-18|199.08|200.12|197.06|198.5
2023-04-19|196.3|199.07|195.73|198.92
2023-04-20|197.18|200.0828|196.82|197.51
2023-04-21|197.03|199.12|196.465|199.03
2023-04-24|198.45|198.77|194.0601|194.92
2023-04-25|193.97|194.12|190.63|190.67
2023-04-26|192.62|194.37|190.57|191.52
2023-04-27|194.17|197.51|193.27|195.94
2023-04-28|196.15|198.645|195.27|198.37
2023-05-01|197.76|199.05|197.12|197.79
2023-05-02|198.02|198.41|192.931|193.84
2023-05-03|194.21|195.79|192.56|192.61
2023-05-04|191.9|194.56|190.76|192.38
2023-05-05|193.95|198.11|193.25|197.59
2023-05-08|198.72|200.4999|196.08|197.9
2023-05-09|196.78|203.8|196.78|201.18
2023-05-10|204.94|206.28|203.04|204.85
2023-05-11|202.91|203.8|198.5543|203.47
2023-05-12|203.43|203.964|200.13|201.81
2023-05-15|203.75|205.3999|202.475|203.33
2023-05-16|201.93|205.67|201.75|204.56
2023-05-17|206.495|209.49|204.8|209.38
2023-05-18|209.5|213.88|209.33|213.32
2023-05-19|212.96|213.24|209.93|210.36
2023-05-22|209.17|212.82|209.04|210.26
2023-05-23|207.74|209.64|206.47|206.64
2023-05-24|206.04|210.21|205.42|209.06
2023-05-25|212.02|212.33|208.44|209.91
2023-05-26|212.8|216.15|212.55|215.44
2023-05-30|219.27|222.14|215.73|218.87
2023-05-31|219.55|225|217.06|223.38
2023-06-01|208.22|215.36|206.06|212.9
2023-06-02|212.9|216.14|210.43|213.03
2023-06-05|210.47|212.32|207.055|209.86
2023-06-06|208.55|213.4|208.37|212.85
2023-06-07|214.88|216.66|204.78|205.73
2023-06-08|205.38|210.38|204.85|209.53
2023-06-09|210.69|218.66|210.69|215.31
2023-06-12|216.15|220.39|212.14|213.69
2023-06-13|215.5|216.2326|207.92|208.98
2023-06-14|207.7|211.71|205.02|209.4
2023-06-15|207.95|213.325|207.37|211.92
2023-06-16|213.54|213.65|210.6|211.76
2023-06-20|208.65|217.05|208.61|216.97
2023-06-21|216.52|217.795|208.0701|209.59
2023-06-22|209.63|213.9564|209.09|213.29
2023-06-23|210.5|211|208.07|210.09
2023-06-26|209.02|211.75|207.35|207.36
2023-06-27|208.14|210.48|207.52|208.82
2023-06-28|208.41|212.2|207.6|212.17
2023-06-29|211.9|212.65|209.72|210.43
2023-06-30|211.86|213.85|210.9619|211.26
2023-07-03|210.57|211.96|209.92|211.65
2023-07-05|210.49|214.62|210.09|213.82
2023-07-06|211.2|212.5|207.831|210.14
2023-07-07|209.77|212.11|209.28|209.59
2023-07-10|209|212.87|208.315|212.81
2023-07-11|222.06|222.35|217.24|221.17
2023-07-12|221.9|228.09|221.6132|227.28
2023-07-13|228.26|230.96|227.6|230.37
2023-07-14|229.7|232.2|228.15|229.33
2023-07-17|229.24|230.28|227.81|228
2023-07-18|227.05|229.6208|225.465|227.63
2023-07-19|233.98|238.22|231.2301|234.37
2023-07-20|231.1|233.5|227.32|228.16
2023-07-21|230|230.81|227.29|228.06
2023-07-24|227.26|227.59|223.5401|225.66
2023-07-25|225.88|227.52|225.19|226.03
2023-07-26|224.46|227.51|223.12|225.58
2023-07-27|228.04|230.1399|224.01|225.15
2023-07-28|226|227.31|223.98|225.6
2023-07-31|222.35|225.38|221.75|225.01
2023-08-01|223.89|224.81|221.63|224.27
2023-08-02|221.98|222.85|218.795|220.5
2023-08-03|216.2|218.21|214.6|215.56
2023-08-04|216.41|217.25|213.07|214.59
2023-08-07|215.31|216.8909|214.37|216.06
2023-08-08|213.55|214.19|211.14|211.58
2023-08-09|211.65|211.66|204.91|205.86
2023-08-10|208.18|210.34|206.44|208.25
2023-08-11|206.13|209.5|205.5|208.7
2023-08-14|207.9|212.1|207.12|212.06
2023-08-15|210.33|212.37|207.84|208.78
2023-08-16|208|209.69|206.95|206.99
2023-08-17|206.57|206.93|203.39|203.84
2023-08-18|200.97|205.497|200.2|204.83
2023-08-21|206|209.42|204.22|209.03
2023-08-22|209.85|210.105|206.0018|206.76
2023-08-23|208|210.99|207.14|209.13
2023-08-24|211.01|211.99|205.44|205.51
2023-08-25|205.51|210.79|205.48|209.47
2023-08-28|210.45|213.4767|209.64|211.72
2023-08-29|206.75|212.46|206.52|211.96
2023-08-30|211.77|215.59|209.43|215.04
2023-08-31|228|228.79|221.2|221.46
2023-09-01|223.5|223.97|220.52|221.53
2023-09-05|219.33|220.3199|217.61|218.69
2023-09-06|219.47|222.2099|219.02|221.62
2023-09-07|219.77|222.73|219.31|222.53
2023-09-08|223.32|225.47|222.86|224.76
2023-09-11|226.01|226.825|222.79|225.31
2023-09-12|223.45|224.79|221.26|221.66
2023-09-13|221.18|221.86|218.295|218.8
2023-09-14|219.42|220.574|218.34|218.78
2023-09-15|218.87|219.1899|213.46|214.61
2023-09-18|214.56|216.38|214.18|215
2023-09-19|214.39|216.06|212.26|215.7
2023-09-20|215.2|217.18|212.92|213.03
2023-09-21|209.8|211.8925|208.07|208.61
2023-09-22|209.31|209.72|205.88|206.43
2023-09-25|205|206.53|203.87|206.34
2023-09-26|205.47|206.44|201.28|202.49
2023-09-27|202.99|203.93|200.94|202.73
2023-09-28|200.76|205.15|199.5503|203.2
2023-09-29|205.08|207.79|202.1|202.78
2023-10-02|200.8|205.11|200.52|203.71
2023-10-03|202.75|203.565|197.42|199.83
2023-10-04|200.88|202.7399|199.51|201.87
2023-10-05|202|202.15|198.4901|202.01
2023-10-06|200.48|208.27|199.89|207.36
2023-10-09|204.89|208.28|204.69|207.22
2023-10-10|207.64|209.2154|206.26|206.88
2023-10-11|207.23|209.2|204.41|206.85
2023-10-12|207.83|208.58|203.27|205.68
2023-10-13|205.11|207.14|203.21|204.59
2023-10-16|205.84|209.49|205.04|208.53
2023-10-17|206.49|211.94|206|209.84
2023-10-18|208.88|209.63|204.19|204.83
2023-10-19|206.45|210.95|205.53|208.32
2023-10-20|207.36|208.11|202.12|203.73
2023-10-23|199.9|203.57|197.85|202
2023-10-24|203.73|204.64|200.925|204.22
2023-10-25|203.2|203.74|195.43|197.06
2023-10-26|197.42|199.66|193.68|196.25
2023-10-27|197.3|198.31|195.41|196.57
2023-10-30|199|200.58|197.08|199.27
2023-10-31|200.42|201.91|198.66|200.83
2023-11-01|200.92|204.49|200.49|203.91
2023-11-02|206.31|208.26|205.95|208.11
2023-11-03|209.39|210.18|207.2|207.47
2023-11-06|208.21|208.48|204.69|207.42
2023-11-07|209.5|213.34|208.955|211.84
2023-11-08|212.42|212.52|209.65|211.47
2023-11-09|213.57|213.58|209.07|210.01
2023-11-10|209.4|214.265|208.8448|213.63
2023-11-13|212.57|216.14|211.76|215.28
2023-11-14|219|221.25|217.95|221.18
2023-11-15|220.75|221.37|217.66|219.42
2023-11-16|220|222.77|218.94|221.45
2023-11-17|221.17|222.79|220.38|221.22
2023-11-20|221.43|226.1|220.62|225.13
2023-11-21|224|225.97|223.54|224.32
2023-11-22|224.3|225.6894|223.21|223.84
2023-11-24|224.36|224.49|222.12|224.38
2023-11-27|225.5|226.22|224.25|224.79
2023-11-28|223.61|225.53|222.23|224.92
2023-11-29|228.61|231.5|227.26|230.35
2023-11-30|249.05|252.5|243.65|251.9
2023-12-01|250|263.43|249.7|260
2023-12-04|252.8|255.12|249.85|250.66
2023-12-05|249.99|251.67|248.64|251.02
2023-12-06|251.52|253.9827|248.85|249.13
2023-12-07|248.75|250.73|246.8861|248.85
2023-12-08|248.55|252.09|248|250.81
2023-12-11|250|253.52|249.71|252.1
2023-12-12|251.8|256.58|251.02|256.45
2023-12-13|257.51|259.12|255.16|257.32
2023-12-14|256.5|258.77|253.22|257.21
2023-12-15|255.01|262.31|254.51|261.6
2023-12-18|259.82|265.59|259.68|263.59
2023-12-19|265.47|266.58|263.7351|264.34
2023-12-20|261.66|264.92|260.08|260.25
2023-12-21|264.75|268.36|264.24|267.25
2023-12-22|267.26|268.15|265.3|266.34
2023-12-26|265.53|266.53|264.62|266.22
2023-12-27|265.94|267.01|265.4|266.72
2023-12-28|266.5|266.92|265.3|265.58
2023-12-29|265.01|265.6491|262.655|263.14
2024-01-02|260.54|260.56|253.77|256.13
2024-01-03|253.5|254.16|251.77|251.84
2024-01-04|251.83|252.64|249.84|251.24
2024-01-05|251.21|253.91|250.17|251.12
2024-01-08|252.21|261.56|251.39|260.87