2018-08-01|41.99|42.34|41.33|41.86
2018-08-02|41.39|42.6|41.2|42.53
2018-08-03|42.71|42.875|42.46|42.83
2018-08-06|42.73|43.41|42.655|43.3
2018-08-07|43.3|43.64|43.235|43.58
2018-08-08|43.64|43.96|43.44|43.84
2018-08-09|43.89|44.11|43.7|43.78
2018-08-10|43.69|43.95|43.58|43.78
2018-08-13|44.08|44.39|43.7|43.75
2018-08-14|43.84|44.28|43.58|44
2018-08-15|43.66|44.5|43.01|43.86
2018-08-16|45.77|46.09|45.08|45.16
2018-08-17|45.1|46.075|44.92|45.87
2018-08-20|45.99|46.33|45.78|46.22
2018-08-21|46.25|46.43|45.72|45.78
2018-08-22|45.95|46.16|45.7161|45.99
2018-08-23|45.88|46.25|45.85|46.02
2018-08-24|46.2|46.44|46.07|46.32
2018-08-27|46.5|46.855|46.3401|46.59
2018-08-28|46.78|47.27|46.62|46.95
2018-08-29|47.07|47.62|46.9|47.48
2018-08-30|47.31|47.54|46.97|47.15
2018-08-31|46.91|47.83|46.8|47.77
2018-09-04|47.84|48.06|47.51|47.73
2018-09-05|47.56|47.65|46.755|47.27
2018-09-06|47.44|47.9|47.07|47.28
2018-09-07|47.01|47.49|46.88|47.05
2018-09-10|47.3|47.46|46.775|47.07
2018-09-11|46.91|47.17|46.435|47.03
2018-09-12|46.86|47.01|46.44|46.89
2018-09-13|46.84|47.4|46.8|47.24
2018-09-14|47.27|47.49|47.1|47.4
2018-09-17|47.23|47.58|47.07|47.11
2018-09-18|47.07|47.65|47.07|47.46
2018-09-19|47.42|47.62|47.12|47.28
2018-09-20|47.41|47.81|47.16|47.73
2018-09-21|47.93|48.639|47.82|48.56
2018-09-24|48.21|48.62|48.19|48.44
2018-09-25|48.57|48.88|48.43|48.47
2018-09-26|48.74|49.06|48.27|48.41
2018-09-27|48.33|48.76|48.21|48.33
2018-09-28|48.27|48.8|48.06|48.65
2018-10-01|49|49.14|48.665|48.87
2018-10-02|48.75|49.14|48.67|49.01
2018-10-03|49.26|49.47|49.07|49.14
2018-10-04|48.63|48.77|48.04|48.38
2018-10-05|48.4|48.85|47.61|48.13
2018-10-08|47.92|48.5|47.1504|47.52
2018-10-09|47.53|48.03|47.28|47.49
2018-10-10|47.44|47.51|45.54|45.63
2018-10-11|45.46|45.6|43.92|44.12
2018-10-12|44.93|45.85|44.46|45.71
2018-10-15|45.52|45.72|44.67|44.67
2018-10-16|45.29|45.94|44.85|45.82
2018-10-17|45.89|46.23|45.22|45.94
2018-10-18|46.3|46.49|45.15|45.46
2018-10-19|45.4|46.2|45.13|45.34
2018-10-22|45.77|46.28|45.405|45.76
2018-10-23|45.15|45.77|44.44|45.42
2018-10-24|45.49|45.68|43.96|44.07
2018-10-25|44.62|45.81|44.205|45.47
2018-10-26|44.57|45.11|43.78|44.25
2018-10-29|44.89|45.05|42.94|43.84
2018-10-30|43.92|44.7|43.75|44.58
2018-10-31|45.05|46.3|44.89|45.75
2018-11-01|45.67|45.88|45.1|45.65
2018-11-02|45.72|46.09|44.98|45.48
2018-11-05|45.74|46.435|45.35|46.14
2018-11-06|46.04|46.62|46|46.5
2018-11-07|46.98|47.93|46.745|47.9
2018-11-08|47.87|48.44|47.87|48.44
2018-11-09|48.08|48.25|46.7|47.11
2018-11-12|47.14|47.25|45.54|45.62
2018-11-13|45.7|46.055|45.0268|45.12
2018-11-14|45.46|45.64|44.08|44.33
2018-11-15|46.8|47.1|45.1515|46.77
2018-11-16|46.46|47.04|46.13|46.35
2018-11-19|46.35|46.58|45.25|45.75
2018-11-20|44.92|45.285|44.14|44.49
2018-11-21|44.95|45.18|44.395|44.89
2018-11-23|44.45|45.12|44.39|44.54
2018-11-26|45.14|45.64|45.09|45.57
2018-11-27|45.45|46.39|45.21|46.12
2018-11-28|46.3|47.48|46.12|47.29
2018-11-29|46.9|47.76|46.9|47.34
2018-11-30|47.27|47.9099|46.92|47.87
2018-12-03|48.32|48.79|48.08|48.74
2018-12-04|48.7|49.1388|47.25|47.35
2018-12-06|46.99|48.46|46.47|48.39
2018-12-07|48.16|48.485|46.36|46.44
2018-12-10|46.3|47.13|45.815|46.86
2018-12-11|47.86|47.9|46.71|47.09
2018-12-12|47.92|48.2|47.36|47.42
2018-12-13|47.68|47.965|47.13|47.47
2018-12-14|46.37|46.615|45.64|45.82
2018-12-17|45.82|45.99|43.905|44.2
2018-12-18|44.55|44.61|43.73|44.06
2018-12-19|43.89|44.92|42.57|43.14
2018-12-20|42.99|43.23|41.87|42.49
2018-12-21|42.91|43.46|41.74|41.85
2018-12-24|41.7|41.81|40.25|40.28
2018-12-26|40.68|42.5|40.4|42.47
2018-12-27|41.89|42.93|41.15|42.91
2018-12-28|43.17|43.525|42.46|42.77
2018-12-31|43.19|43.55|42.89|43.33
2019-01-02|42.28|43.2|42.21|42.95
2019-01-03|42.3|42.41|40.96|41.07
2019-01-04|41.85|43|41.53|42.92
2019-01-07|42.86|43.645|42.76|43.21
2019-01-08|43.57|43.94|43.1|43.56
2019-01-09|43.87|43.87|43.17|43.32
2019-01-10|43.11|43.29|42.58|43.24
2019-01-11|43.11|43.54|42.885|43.49
2019-01-14|43.08|43.39|43|43.21
2019-01-15|43.33|44.04|43.15|44.02
2019-01-16|44.12|44.24|43.7605|43.96
2019-01-17|43.87|44.53|43.8|44.21
2019-01-18|44.48|45.35|44.31|45.03
2019-01-22|44.88|45.24|44.38|44.78
2019-01-23|45.14|45.88|45.02|45.46
2019-01-24|45.63|45.75|45.23|45.61
2019-01-25|46.12|46.66|45.95|46.13
2019-01-28|45.73|45.77|45.23|45.75
2019-01-29|45.81|46.05|45.645|45.96
2019-01-30|45.94|46.93|45.92|46.71
2019-01-31|46.72|47.38|46.52|47.29
2019-02-01|47.37|47.56|47.0501|47.34
2019-02-04|47.22|47.47|47.12|47.35
2019-02-05|47.42|47.455|47.075|47.26
2019-02-06|47.12|47.59|46.95|47.48
2019-02-07|47.19|47.3199|46.49|46.7
2019-02-08|46.4|47.2|46.3|47.19
2019-02-11|47.34|47.71|47.13|47.58
2019-02-12|47.27|48.15|47.16|47.89
2019-02-13|47.86|47.95|47.12|47.5
2019-02-14|48.85|49.68|48.34|48.4
2019-02-15|48.83|49.59|48.44|49.43
2019-02-19|49.2|49.93|49.2|49.65
2019-02-20|49.7|49.8|49.35|49.63
2019-02-21|49.54|49.72|49.2|49.41
2019-02-22|49.7|50.22|49.58|50.11
2019-02-25|50.34|51|50.34|50.79
2019-02-26|50.51|51.41|50.48|51.18
2019-02-27|51.21|51.65|50.89|51.59
2019-02-28|51.55|51.96|51.3546|51.77
2019-03-01|52|52.09|51.27|51.41
2019-03-04|51.65|51.92|50.6301|51.16
2019-03-05|51.12|51.505|50.97|51.3
2019-03-06|51.37|51.79|50.92|51.67
2019-03-07|51.55|51.97|51.205|51.29
2019-03-08|50.72|51.13|50.51|51.07
2019-03-11|51.14|52.09|51.1|51.92
2019-03-12|52.01|52.275|51.68|52.15
2019-03-13|52.41|52.855|52.14|52.59
2019-03-14|52.63|52.96|52.51|52.74
2019-03-15|52.94|53.62|52.93|53.2
2019-03-18|53.27|53.935|53.09|53.51
2019-03-19|53.79|54|53.14|53.31
2019-03-20|53.16|53.87|52.855|53.26
2019-03-21|53.08|54.23|53.04|53.94
2019-03-22|53.91|54.14|52.7|52.74
2019-03-25|52.7|52.93|52.245|52.73
2019-03-26|53.19|53.485|53|53.23
2019-03-27|53.3|53.66|52.74|53.14
2019-03-28|53.19|53.69|53.02|53.36
2019-03-29|53.7|54|53.36|53.99
2019-04-01|54.475|55.02|54.39|54.98
2019-04-02|55|55.41|54.97|55.29
2019-04-03|55.46|55.8|55.07|55.63
2019-04-04|55.37|55.68|54.86|55.14
2019-04-05|55.25|55.61|55.13|55.21
2019-04-08|55.2|55.56|54.79|55.49
2019-04-09|55.08|55.42|54.86|55.18
2019-04-10|55.11|55.84|55.11|55.82
2019-04-11|55.93|55.95|55.305|55.6
2019-04-12|55.93|56.355|55.79|56.29
2019-04-15|56.4|56.61|56.235|56.56
2019-04-16|56.62|57.525|56.61|56.95
2019-04-17|57.18|57.32|56.285|56.31
2019-04-18|56.63|56.695|56.11|56.4
2019-04-22|56.16|56.6|56.1|56.34
2019-04-23|56.43|56.695|56.2|56.69
2019-04-24|56.64|57.15|56.58|56.88
2019-04-25|56.46|56.78|56.01|56.33
2019-04-26|56.02|56.37|55.68|55.88
2019-04-29|55.665|56.22|55.55|56.13
2019-04-30|56|56.12|55.53|55.95
2019-05-01|56|56.35|55.51|55.58
2019-05-02|55.48|55.89|54.82|54.94
2019-05-03|54.64|54.99|54.18|54.94
2019-05-06|53.86|54.76|53.56|54.59
2019-05-07|53.86|54.24|52.94|53.45
2019-05-08|53.17|53.94|53.13|53.47
2019-05-09|52.82|53.21|52.23|52.92
2019-05-10|52.61|53.55|51.95|53.36
2019-05-13|51.83|52.26|51.06|51.3
2019-05-14|51.45|52.44|51.38|52.02
2019-05-15|51.76|52.71|51.69|52.44
2019-05-16|54.27|56.4|54.12|55.93
2019-05-17|55.78|56.83|55.52|56.35
2019-05-20|55.8|56.39|55.5513|56.01
2019-05-21|56.68|56.75|56.13|56.52
2019-05-22|56.22|56.3|55.67|55.69
2019-05-23|54.91|55.01|53.94|54.19
2019-05-24|54.57|54.67|54.06|54.37
2019-05-28|54.74|55.03|53.82|53.93
2019-05-29|53.55|53.55|52.855|53.18
2019-05-30|53.44|53.78|53.335|53.57
2019-05-31|52.79|52.88|52.01|52.03
2019-06-03|52.05|52.565|51.485|51.78
2019-06-04|52.48|53.635|52.41|53.23
2019-06-05|53.85|54.79|53.75|54.75
2019-06-06|54.89|55.3|54.21|55.1
2019-06-07|55.41|56.3|55.03|55.93
2019-06-10|56.14|56.65|55.96|56.42
2019-06-11|56.74|57.56|56.73|57.11
2019-06-12|56.05|56.585|55.65|55.86
2019-06-13|55.92|56.265|55.78|56.17
2019-06-14|55.99|56.015|54.66|54.75
2019-06-17|54.99|55.47|54.86|55.4
2019-06-18|56.07|56.65|55.75|56.05
2019-06-19|56.04|56.37|55.77|56.13
2019-06-20|57|57.535|56.68|57.41
2019-06-21|57.41|58.15|56.98|57.03
2019-06-24|57.25|57.29|56.69|57.18
2019-06-25|57.06|57.2|56.01|56.08
2019-06-26|56.54|57.045|56.36|56.6
2019-06-27|56.94|57.25|55.47|55.73
2019-06-28|55.91|55.98|54.025|54.73
2019-07-01|55.26|55.35|54.225|54.74
2019-07-02|54.83|55.92|54.7758|55.81
2019-07-03|55.77|56.54|55.54|56.48
2019-07-05|56|56.73|55.71|56.6
2019-07-08|56.25|56.475|55.96|56.19
2019-07-09|56.37|56.69|56.04|56.34
2019-07-10|56.69|57.65|56.6|57.13
2019-07-11|57.37|57.62|56.92|57.3
2019-07-12|57.58|57.99|57.57|57.95
2019-07-15|58|58.23|57.87|58.05
2019-07-16|58.13|58.26|57.46|57.62
2019-07-17|57.57|57.79|57.19|57.21
2019-07-18|57.05|57.79|56.9|57.74
2019-07-19|57.81|58.07|57.32|57.36
2019-07-22|57.46|58.01|57.37|57.73
2019-07-23|58.06|58.095|57.48|57.71
2019-07-24|57.58|57.68|57.11|57.23
2019-07-25|57.36|57.5|56.37|56.62
2019-07-26|56.68|56.84|56.37|56.53
2019-07-29|56.69|57.15|56.54|56.93
2019-07-30|56.85|56.9|56.35|56.47
2019-07-31|56.33|56.8307|54.9|55.4
2019-08-01|55.84|56.89|55.16|55.39
2019-08-02|54.22|54.32|52.58|53.25
2019-08-05|52.39|52.54|50.94|51.37
2019-08-06|51.95|52.73|51.6|52.6
2019-08-07|51.83|52.49|51.21|52.34
2019-08-08|52.79|53.36|52.59|53.16
2019-08-09|52.78|52.865|52.04|52.43
2019-08-12|52.27|52.355|51.34|51.54
2019-08-13|51.47|53.0716|51.2|52.72
2019-08-14|52.12|52.12|50.13|50.61
2019-08-15|47.36|47.94|46|46.25
2019-08-16|46.42|47.36|46.4|46.96
2019-08-19|47.9|48.6|47.49|48.5
2019-08-20|48.54|48.59|47.92|47.93
2019-08-21|48.5|48.925|48.36|48.77
2019-08-22|49.24|49.33|47.94|48.18
2019-08-23|47.9|48.52|46.43|46.61
2019-08-26|47.05|47.27|46.67|47.1
2019-08-27|47.54|47.65|46.69|46.79
2019-08-28|46.53|46.96|46.24|46.87
2019-08-29|47.59|47.9135|47.11|47.27
2019-08-30|47.52|47.57|46.545|46.81
2019-09-03|46.63|46.97|46.2|46.5
2019-09-04|47.02|47.41|46.89|47.32
2019-09-05|48.02|48.71|47.78|48.42
2019-09-06|48.65|48.99|48.27|48.84
2019-09-09|48.97|49.005|48.46|48.58
2019-09-10|48.57|49.345|47.945|49.21
2019-09-11|49.95|50.07|49.33|50.03
2019-09-12|50.28|50.3|49.405|49.93
2019-09-13|50.01|50.22|49.76|50.03
2019-09-16|49.8|50.18|49.79|49.96
2019-09-17|49.98|50.02|49.18|49.41
2019-09-18|49.465|49.74|48.78|49.34
2019-09-19|49.35|49.92|49.04|49.19
2019-09-20|49.29|49.87|48.87|49.6
2019-09-23|49.66|49.75|49.28|49.42
2019-09-24|49.75|50.2|48.93|49.12
2019-09-25|49.05|49.77|48.58|49.605
2019-09-26|49.43|49.49|48.255|48.83
2019-09-27|49|49.47|48.6|48.84
2019-09-30|48.95|49.66|48.95|49.41
2019-10-01|49.65|49.87|47.36|47.74
2019-10-02|47.35|47.3752|46.01|46.56
2019-10-03|46.32|47.08|45.7|47.06
2019-10-04|47.25|47.63|46.95|47.52
2019-10-07|47.47|48.13|47.32|47.77
2019-10-08|47.5|47.54|46.35|46.39
2019-10-09|46.92|47.1715|46.655|46.84
2019-10-10|46.05|46.23|45.55|46.15
2019-10-11|46.67|47.3|46.46|46.56
2019-10-14|46.55|46.55|46|46.05
2019-10-15|46.25|46.58|46.035|46.36
2019-10-16|46.36|46.875|46.32|46.79
2019-10-17|47.15|47.3|46.6|47.03
2019-10-18|47.1|47.27|46.66|46.71
2019-10-21|47.14|47.48|46.97|47.39
2019-10-22|47.5|47.885|47.4|47.55
2019-10-23|47.47|47.7|46.84|47.05
2019-10-24|47.23|47.23|46.1|46.41
2019-10-25|46.54|46.99|46.46|46.9
2019-10-28|47.15|47.6|47.06|47.17
2019-10-29|47|47.4261|46.91|47.24
2019-10-30|47.3|47.58|47.16|47.56
2019-10-31|47.6|47.65|47.1|47.51
2019-11-01|46.85|47.485|46.64|47.03
2019-11-04|47.5|47.875|47.32|47.48
2019-11-05|47.59|47.92|47.26|47.76
2019-11-06|47.81|48.5|47.785|48.27
2019-11-07|48.61|48.98|48.2|48.42
2019-11-08|48.42|48.85|48.05|48.83
2019-11-11|48.01|48.47|47.56|48.1
2019-11-12|48.29|48.74|48.12|48.37
2019-11-13|48.24|48.85|48.15|48.46
2019-11-14|45.56|46|44.6|44.91
2019-11-15|45.07|45.65|44.81|45.09
2019-11-18|44.98|45.19|44.44|45.15
2019-11-19|45.39|45.595|45.08|45.47
2019-11-20|45.69|45.74|44.93|45.08
2019-11-21|45.13|45.15|44.69|44.84
2019-11-22|45.15|45.17|44.69|44.85
2019-11-25|45|45.55|44.93|45.45
2019-11-26|45.53|45.77|45.25|45.31
2019-11-27|45.36|45.415|44.9259|45.24
2019-11-29|45.24|45.54|45.15|45.31
2019-12-02|45.25|45.33|44.67|44.7
2019-12-03|44.4|44.49|43.74|44.28
2019-12-04|44.52|44.55|43.86|43.89
2019-12-05|44.05|44.1|43.4|43.52
2019-12-06|43.89|44.06|43.65|43.84
2019-12-09|43.89|44.37|43.75|43.9
2019-12-10|43.85|44.18|43.8|44.1
2019-12-11|44.36|44.45|44.15|44.28
2019-12-12|44.545|45.77|44.41|45.67
2019-12-13|45.91|46.05|45.2|45.3
2019-12-16|45.8|46.59|45.8|45.98
2019-12-17|46.22|46.52|45.93|46.44
2019-12-18|46.52|46.755|46.25|46.64
2019-12-19|47.15|47.99|47.11|47.88
2019-12-20|48.25|48.37|47.42|47.45
2019-12-23|47.55|48.3|47.422|48.1
2019-12-24|48.16|48.245|47.65|47.78
2019-12-26|47.78|48|47.65|47.85
2019-12-27|47.99|48.05|47.68|47.77
2019-12-30|47.75|47.88|47.29|47.59
2019-12-31|47.54|47.98|47.41|47.96
2020-01-02|48.06|48.42|47.88|48.42
2020-01-03|47.91|48.135|47.48|47.63
2020-01-06|47.14|47.82|47.01|47.8
2020-01-07|47.72|47.72|47.1|47.49
2020-01-08|46.97|47.785|46.81|47.52
2020-01-09|47.79|47.88|47.07|47.32
2020-01-10|47.48|47.56|47.06|47.13
2020-01-13|47.31|47.98|47.299|47.97
2020-01-14|47.96|47.99|47.62|47.79
2020-01-15|47.92|48.395|47.7649|48.01
2020-01-16|48.38|49.08|48.23|49.05
2020-01-17|49.31|49.54|48.87|49.02
2020-01-21|48.96|49.2|48.67|48.8
2020-01-22|49.28|49.53|49.04|49.06
2020-01-23|49|49.175|48.413|49
2020-01-24|49.22|49.48|48.5433|48.85
2020-01-27|47.89|48.07|47.27|47.47
2020-01-28|47.52|47.965|47.5033|47.77
2020-01-29|47.97|47.98|46.93|47.05
2020-01-30|46.54|47.27|46.26|47.24
2020-01-31|46.99|47|45.84|45.97
2020-02-03|46.4|46.825|46.21|46.53
2020-02-04|47.22|47.7074|47.11|47.62
2020-02-05|48.33|48.6|48.15|48.45
2020-02-06|48.69|48.82|48.22|48.69
2020-02-07|48.6|48.77|47.87|47.97
2020-02-10|47.99|48.89|47.88|48.87
2020-02-11|49.39|49.714|48.8646|49.13
2020-02-12|49.43|50.28|49.4|49.93
2020-02-13|47.15|47.67|46.58|47.32
2020-02-14|47.16|47.22|46.48|46.97
2020-02-18|46.82|46.85|46.29|46.59
2020-02-19|46.69|46.81|45.9|46.29
2020-02-20|46.09|46.96|45.9|46.85
2020-02-21|46.73|46.85|46.05|46.295
2020-02-24|45|45.68|44|44
2020-02-25|44.05|44.21|42.07|42.74
2020-02-26|42.97|43.3775|41.94|42.16
2020-02-27|41.28|42.095|40.01|40.04
2020-02-28|38.7|40.55|38.35|39.93
2020-03-02|40.15|41.19|38.92|41.17
2020-03-03|41.26|41.9|39.71|40.04
2020-03-04|40.72|41.45|39.8|41.39
2020-03-05|40.17|40.51|39.29|39.57
2020-03-06|38|39.95|37.8|39.68
2020-03-09|36.9|39.56|36.29|37.96
2020-03-10|39.2478|40.145|37.87|40.08
2020-03-11|39.02|39.16|36.37|37.05
2020-03-12|34.5|35.82|33|33.2
2020-03-13|35.18|37.68|33.33|37.64
2020-03-16|33.23|36.99|32.4001|33.71
2020-03-17|34.7|36.25|33.6|35.5
2020-03-18|33.76|37.71|33.31|37.12
2020-03-19|37.05|39.32|36.15|37.71
2020-03-20|38.27|38.47|35.4|35.6
2020-03-23|35.51|35.82|33.74|34.6
2020-03-24|36.405|38.68|35.54|38.6
2020-03-25|38.65|39.95|37.5|37.67
2020-03-26|37.97|40.92|37.3664|40.58
2020-03-27|39.21|40.15|38.41|38.82
2020-03-30|39.45|40.485|38.96|40.32
2020-03-31|40.13|40.415|39.11|39.31
2020-04-01|38.17|38.86|37.8742|38.33
2020-04-02|37.84|39.945|37.47|39.8
2020-04-03|39.82|40.29|38.54|39.06
2020-04-06|40.46|41.68|39.78|41.43
2020-04-07|42.66|42.74|40.59|40.64
2020-04-08|41.17|42.2|40.865|41.74
2020-04-09|42.09|42.2|40.85|41.2
2020-04-13|41.04|41.46|40.53|41.22
2020-04-14|41.91|42.82|41.53|42.78
2020-04-15|42.2028|42.37|41.235|41.52
2020-04-16|41.76|41.79|40.68|41.5
2020-04-17|42.25|42.64|41.74|42.48
2020-04-20|41.92|43.29|41.79|42.54
2020-04-21|41.83|41.99|40.41|40.55
2020-04-22|41.27|42.09|41.11|41.76
2020-04-23|41.89|42.55|41.53|41.62
2020-04-24|41.84|42.66|41.65|42.52
2020-04-27|42.7|43.22|42.58|43.06
2020-04-28|43.5|43.625|42.41|42.49
2020-04-29|43.346|43.48|42.93|43.34
2020-04-30|43.1654|43.1677|42.17|42.38
2020-05-01|41.72|41.81|40.765|40.92
2020-05-04|40.9549|41.41|40.49|41.35
2020-05-05|41.61|41.925|41.39|41.46
2020-05-06|41.56|41.69|40.97|41.15
2020-05-07|41.59|41.765|41.215|41.37
2020-05-08|42.02|43.02|41.7|42.99
2020-05-11|42.78|43.65|42.605|43.32
2020-05-12|43.94|44.3|43.19|43.22
2020-05-13|43.41|43.57|41.31|41.95
2020-05-14|43.43|44.58|43.26|43.85
2020-05-15|42.93|44.38|42.85|44.27
2020-05-18|45.21|45.295|44.3301|45.06
2020-05-19|44.83|44.98|44.41|44.605
2020-05-20|45.05|45.82|45.03|45.44
2020-05-21|45.45|45.655|44.555|44.64
2020-05-22|44.67|44.95|44.12|44.9
2020-05-26|45.78|45.7999|44.68|44.84
2020-05-27|45.0424|45.98|44.8|45.96
2020-05-28|45.9|46.46|45.373|45.595
2020-05-29|46.04|47.82|45.41|47.82
2020-06-01|47.15|47.285|46.23|46.3
2020-06-02|46.4|46.9|45.88|46.89
2020-06-03|46.98|47.2|46.54|46.94
2020-06-04|46.77|47.25|46.5301|46.86
2020-06-05|47.27|48.29|47.2|47.83
2020-06-08|47.46|48.16|47.12|48.13
2020-06-09|48.02|48.24|47.49|48.05
2020-06-10|47.66|47.83|47.12|47.42
2020-06-11|46.99|47|43.64|43.67
2020-06-12|44.96|45.86|44.11|45.07
2020-06-15|44.12|45.76|43.93|45.35
2020-06-16|47.41|47.49|45.91|46.48
2020-06-17|46.75|46.82|45.9|46.17
2020-06-18|45.79|46.05|45.35|45.83
2020-06-19|46.26|46.51|45.05|45.32
2020-06-22|45.11|45.46|44.805|45.16
2020-06-23|45.92|46.15|45.32|45.47
2020-06-24|45.2875|45.47|44.39|44.75
2020-06-25|44.77|45.32|44.2|45.22
2020-06-26|45.1193|46.51|44.63|46.31
2020-06-29|46.34|46.45|45.67|46.15
2020-06-30|46.145|47.01|46.095|46.64
2020-07-01|46.54|46.72|46|46.06
2020-07-02|46.07|46.2182|45.48|45.63
2020-07-06|46.07|46.49|45.87|46.42
2020-07-07|46.12|46.29|45.56|45.63
2020-07-08|45.59|46.07|45.32|45.81
2020-07-09|46.6|47.195|46.22|46.7
2020-07-10|46.73|46.92|46.2366|46.66
2020-07-13|46.87|46.99|45.78|45.93
2020-07-14|45.49|46.5|45.4103|46.26
2020-07-15|46.5|46.83|45.985|46.4
2020-07-16|45.7|45.83|45.2|45.78
2020-07-17|46.04|46.93|45.88|46.75
2020-07-20|46.67|47.1|46.26|46.97
2020-07-21|47.2796|47.325|46.85|47.02
2020-07-22|47.0161|47.11|46.53|46.9
2020-07-23|46.975|47.7|46.68|47.41
2020-07-24|47.49|47.64|46.11|46.4
2020-07-27|46.66|47.26|46.15|47.19
2020-07-28|46.98|47.08|46.21|46.28
2020-07-29|46.4|46.88|46.37|46.71
2020-07-30|46.13|46.46|45.375|46.44
2020-07-31|46.3852|47.11|45.86|47.1
2020-08-03|47.14|47.355|46.68|47.16
2020-08-04|47.01|47.67|46.91|47.67
2020-08-05|47.67|47.7331|47.05|47.33
2020-08-06|47.23|47.825|47.1|47.77
2020-08-07|47.33|47.6|47.03|47.43
2020-08-10|47.16|48|47.16|47.73
2020-08-11|47.9|48.45|47.085|47.19
2020-08-12|47.28|48.13|47.27|48.1
2020-08-13|43.79|43.84|42.38|42.72
2020-08-14|42.49|42.88|42.27|42.5
2020-08-17|42.55|42.7625|41.86|42.09
2020-08-18|42.13|42.29|41.81|41.98
2020-08-19|42.1|42.35|41.78|41.87
2020-08-20|41.87|42.42|41.73|42.31
2020-08-21|42.05|42.3|41.81|42.25
2020-08-24|42.07|42.47|42|42.18
2020-08-25|42.23|42.3|41.78|41.96
2020-08-26|41.65|42.28|41.45|42.25
2020-08-27|42.4|42.47|42.02|42.29
2020-08-28|42.14|42.3|42|42.2
2020-08-31|42.1|42.35|41.94|42.22
2020-09-01|42|42.07|41.5|42.03
2020-09-02|42.04|42.69|42.03|42.42
2020-09-03|41.75|41.83|40.67|40.95
2020-09-04|41.2|41.43|40.44|40.82
2020-09-08|40.05|40.61|39.97|40
2020-09-09|40.1|40.475|39.715|40.13
2020-09-10|40.03|40.635|39.42|39.57
2020-09-11|39.765|40.05|39.515|39.88
2020-09-14|40.215|40.64|40.05|40.37
2020-09-15|40.51|40.839|40.38|40.6
2020-09-16|40.72|41.17|40.39|40.42
2020-09-17|39.66|40.4|39.51|40.37
2020-09-18|40.18|40.32|39.575|39.81
2020-09-21|39.31|39.47|38.69|39.04
2020-09-22|39.18|39.46|38.88|39.32
2020-09-23|39.23|39.39|38.18|38.28
2020-09-24|38|38.16|37.6|37.85
2020-09-25|37.76|38.54|37.62|38.45
2020-09-28|39.195|39.29|38.79|39.13
2020-09-29|39.07|39.375|38.83|39.06
2020-09-30|39.09|39.7|39.02|39.39
2020-10-01|39.1|39.31|38.565|38.8
2020-10-02|38.046|38.55|37.97|38.27
2020-10-05|38.48|38.79|38.285|38.57
2020-10-06|38.5|39.35|38.4|38.57
2020-10-07|38.98|39.58|38.78|39.4
2020-10-08|39.8|40.18|39.66|39.79
2020-10-09|40.145|40.23|39.72|39.85
2020-10-12|39.93|40.53|39.63|40.36
2020-10-13|40.54|40.61|39.71|39.81
2020-10-14|39.85|40.42|39.76|39.89
2020-10-15|39.47|40|39.35|39.97
2020-10-16|39.88|40.3|39.55|40.16
2020-10-19|40.15|40.38|39.16|39.3
2020-10-20|39.44|39.51|39.03|39.2
2020-10-21|39.31|39.57|38.98|39.06
2020-10-22|38.85|38.96|38.38|38.82
2020-10-23|38.93|38.97|38.65|38.82
2020-10-26|38.4|38.43|37.15|37.67
2020-10-27|37.38|37.5|36.59|36.87
2020-10-28|36.315|36.51|35.68|35.71
2020-10-29|35.51|36.07|35.28|35.69
2020-10-30|35.595|35.93|35.49|35.9
2020-11-02|36.19|36.35|35.67|35.9
2020-11-03|36.36|37.33|36.3|36.68
2020-11-04|37.0309|37.3|36.5|36.57
2020-11-05|37.02|37.3|36.91|37.23
2020-11-06|37.56|37.6|37.08|37.53
2020-11-09|39.92|40.23|38.12|38.2
2020-11-10|38.21|39.025|38.167|38.72
2020-11-11|39.01|39.45|38.44|39.33
2020-11-12|38.98|39.39|38.395|38.67
2020-11-13|41.2|41.52|40.56|41.4
2020-11-16|41.74|42.59|41.35|42.54
2020-11-17|41.92|42.345|41.62|41.88
2020-11-18|41.9|42.2386|41.255|41.32
2020-11-19|41|41.37|40.77|41.17
2020-11-20|41.05|41.39|40.92|40.97
2020-11-23|41.03|41.8|41.02|41.64
2020-11-24|42.14|42.71|41.9|42.61
2020-11-25|42.78|42.8|42.21|42.5
2020-11-27|42.855|42.98|42.64|42.7
2020-11-30|42.44|43.05|42.41|43.02
2020-12-01|43.01|44.07|43.01|43.54
2020-12-02|43.39|43.96|43.35|43.89
2020-12-03|43.78|44.14|43.595|44.11
2020-12-04|43.89|44.51|43.89|44.38
2020-12-07|44.2868|44.49|43.91|44.35
2020-12-08|44.2055|44.525|43.93|44.37
2020-12-09|44.47|44.83|44.36|44.69
2020-12-10|44.54|44.605|44.11|44.32
2020-12-11|43.94|44.33|43.72|44.32
2020-12-14|44.27|44.91|44.15|44.24
2020-12-15|44.39|44.795|44.135|44.72
2020-12-16|44.695|45.14|44.525|44.72
2020-12-17|44.91|44.93|44.6|44.82
2020-12-18|44.9|45.57|44.77|45.44
2020-12-21|44.47|44.955|44.065|44.88
2020-12-22|44.44|45.07|44.44|44.69
2020-12-23|44.65|44.8029|44.35|44.375
2020-12-24|44.45|44.59|44.23|44.54
2020-12-28|44.93|45.34|44.72|44.92
2020-12-29|44.97|45.245|44.53|44.64
2020-12-30|44.74|45.06|44.44|44.48
2020-12-31|44.38|44.84|44.16|44.75
2021-01-04|44.31|44.37|43.35|43.96
2021-01-05|43.68|44.07|43.38|43.98
2021-01-06|44.13|44.87|43.89|44.4
2021-01-07|44.2|45.105|44.1659|44.96
2021-01-08|44.48|45.41|44.25|45.06
2021-01-11|45.15|45.95|45.02|45.36
2021-01-12|45.3|45.925|44.96|45.79
2021-01-13|45.29|45.965|45.18|45.36
2021-01-14|44.87|45.6|44.85|45.15
2021-01-15|44.96|45.65|44.88|45.43
2021-01-19|45.33|45.63|44.77|45.19
2021-01-20|45.33|45.5|45.14|45.34
2021-01-21|45.2|45.235|44.72|45.11
2021-01-22|44.75|44.885|44.23|44.77
2021-01-25|45.04|45.17|44.71|45.03
2021-01-26|44.885|45.35|44.77|45.26
2021-01-27|45.24|46.46|45.08|45.7
2021-01-28|45.9137|46.27|45.3|45.34
2021-01-29|44.85|45.37|44.48|44.58
2021-02-01|44.92|45.625|44.66|45.4
2021-02-02|45.52|45.94|45.43|45.83
2021-02-03|45.75|46.16|45.54|45.77
2021-02-04|45.87|47.32|45.77|47.25
2021-02-05|47.57|48.34|47.5|48.08
2021-02-08|48.56|49.34|48.56|48.94
2021-02-09|48.766|48.8317|48.41|48.5
2021-02-10|46.15|47.41|45.83|47.24
2021-02-11|47.349|47.91|47.1978|47.58
2021-02-12|47.425|47.69|46.91|47.29
2021-02-16|47.26|47.26|46.4|46.51
2021-02-17|46.315|46.4|45.865|46.25
2021-02-18|46.39|46.4|45.69|46.34
2021-02-19|46.54|46.61|45.58|45.68
2021-02-22|45.29|45.68|44.82|45.43
2021-02-23|45.26|45.78|45.1|45.51
2021-02-24|45.24|45.8|45.035|45.74
2021-02-25|45.585|46.24|45.24|45.52
2021-02-26|45.58|45.78|44.76|44.87
2021-03-01|45.22|46.22|45.22|45.92
2021-03-02|45.9308|46.08|45.415|45.515
2021-03-03|45.43|45.53|45|45.13
2021-03-04|45.135|45.47|44.15|44.56
2021-03-05|45.4455|46.74|45.27|46.25
2021-03-08|46.24|48.4|46.2|47.51
2021-03-09|47.8236|48.37|47.72|47.89
2021-03-10|48.47|48.79|48.19|48.29
2021-03-11|48.51|49.08|48.225|48.8
2021-03-12|48.81|48.99|48.47|48.82
2021-03-15|48.9|49.44|48.9|49.41
2021-03-16|49.19|49.74|49.19|49.67
2021-03-17|49.61|49.61|48.89|49.42
2021-03-18|48.52|49.57|48.515|48.8
2021-03-19|48.71|49.22|48.32|48.98
2021-03-22|48.94|50.38|48.94|50.3
2021-03-23|50.02|50.68|49.9|50.01
2021-03-24|49.94|50.4454|49.62|49.65
2021-03-25|50.575|51.4|50.285|50.51
2021-03-26|50.5996|52.64|50.56|52.57
2021-03-29|52.4008|52.9399|52.28|52.52
2021-03-30|52.11|52.29|51.175|51.77
2021-03-31|51.83|52.05|51.545|51.71
2021-04-01|51.75|52.07|51.35|51.98
2021-04-05|51.628|52.92|51.628|52.41
2021-04-06|51.98|52.22|51.78|52.025
2021-04-07|52.01|52.14|51.58|51.77
2021-04-08|51.94|52|51.45|51.91
2021-04-09|51.8297|52.15|51.675|52.09
2021-04-12|52.07|52.16|51.47|51.57
2021-04-13|51.64|51.88|51.34|51.66
2021-04-14|51.51|51.68|51.14|51.37
2021-04-15|51.76|51.94|51.37|51.64
2021-04-16|52.45|53.18|52.26|52.8
2021-04-19|52.525|52.96|52.49|52.85
2021-04-20|52.59|52.79|51.595|51.79
2021-04-21|51.84|52.07|51.48|51.93
2021-04-22|51.81|52.0865|51.38|51.5
2021-04-23|51.5035|52.13|51.1773|51.91
2021-04-26|51.65|51.7685|51.5|51.64
2021-04-27|51.58|51.67|51.35|51.37
2021-04-28|51.56|51.77|50.92|51.11
2021-04-29|51.18|51.6|50.98|51.46
2021-04-30|51.22|51.23|50.41|50.91
2021-05-03|51.21|51.4|50.81|51.17
2021-05-04|51.11|51.23|50.295|50.71
2021-05-05|50.99|51.25|50.68|51.13
2021-05-06|51.07|52.71|50.95|52.44
2021-05-07|52.48|53.675|52.22|53.43
2021-05-10|53.97|54.14|53.16|53.16
2021-05-11|53.1|53.11|52.11|52.83
2021-05-12|52.18|52.43|51.4661|51.6
2021-05-13|52.11|52.805|51.88|52.49
2021-05-14|52.93|53.215|52.6|52.9
2021-05-17|52.76|53.15|52.68|52.94
2021-05-18|52.8|53.34|52.74|52.93
2021-05-19|51.88|52.66|51.86|52.47
2021-05-20|50.41|52.97|50.1|52.85
2021-05-21|52.765|52.93|52.24|52.43
2021-05-24|52.96|53.765|52.79|53.39
2021-05-25|53.37|53.58|53.14|53.31
2021-05-26|53.35|53.61|52.82|52.91
2021-05-27|52.93|53.35|52.58|52.92
2021-05-28|53.18|53.22|52.835|52.9
2021-06-01|52.96|53.315|52.43|52.62
2021-06-02|52.65|52.99|52.4|52.96
2021-06-03|52.8|53.555|52.62|53.33
2021-06-04|53.435|54.17|53.435|54.07
2021-06-07|54.32|54.44|53.79|53.92
2021-06-08|53.97|54.39|53.89|54.13
2021-06-09|54.18|54.42|53.935|54.02
2021-06-10|54.43|55.08|54.27|55.03
2021-06-11|55.19|55.35|54.54|54.77
2021-06-14|54.39|54.5278|53.525|54.17
2021-06-15|54.23|54.32|53.73|53.79
2021-06-16|53.85|53.92|53.13|53.47
2021-06-17|53.41|53.545|53.01|53.13
2021-06-18|52.805|52.84|51.88|52.07
2021-06-21|52.365|53.41|52.29|53.18
2021-06-22|53.3|53.36|52.81|53.26
2021-06-23|53.27|53.29|52.59|52.76
2021-06-24|52.94|53.05|52.61|52.78
2021-06-25|52.77|53.195|52.6466|53.06
2021-06-28|53.16|53.29|52.92|52.96
2021-06-29|52.89|53.1877|52.77|52.91
2021-06-30|52.95|53.07|52.62|53
2021-07-01|53.05|53.6|53|53.44
2021-07-02|53.19|53.62|52.835|53.54
2021-07-06|53.2159|53.36|52.34|52.98
2021-07-07|53.07|53.3|52.67|53.26
2021-07-08|53.16|53.72|52.91|53.26
2021-07-09|53.36|53.93|53.29|53.74
2021-07-12|54.04|54.04|53.13|53.23
2021-07-13|53.34|53.58|53.2|53.32
2021-07-14|53.5|54.2|53.34|54.09
2021-07-15|53.84|53.87|53.24|53.65
2021-07-16|53.88|54.4092|53.65|53.7
2021-07-19|53.67|53.695|52.73|53.06
2021-07-20|53.28|53.93|53.19|53.58
2021-07-21|53.82|53.9|53.42|53.88
2021-07-22|53.905|54.55|53.78|54.54
2021-07-23|54.89|55.34|54.51|55.23
2021-07-26|55.1315|55.65|55.1315|55.47
2021-07-27|55.38|55.41|54.79|55.28
2021-07-28|55.46|55.52|54.41|54.77
2021-07-29|55|55.35|54.9|55.07
2021-07-30|55.08|55.49|55.01|55.37
2021-08-02|55.5972|55.94|55.26|55.45
2021-08-03|55.535|56.415|55.27|56.25
2021-08-04|56.37|56.37|55.47|55.69
2021-08-05|55.52|55.98|55.5|55.76
2021-08-06|55.47|55.95|55.15|55.59
2021-08-09|55.82|56.07|55.4|55.47
2021-08-10|55.5003|55.67|55.25|55.61
2021-08-11|55.89|56.01|55.6|55.86
2021-08-12|55.85|56.45|55.66|56.39
2021-08-13|56.39|56.62|56.26|56.47
2021-08-16|56.3|56.43|55.93|56.28
2021-08-17|55.87|56.02|55.625|56.01
2021-08-18|55.79|56.135|55.025|55.15
2021-08-19|54.76|57.49|54.59|57.27
2021-08-20|57.2537|58.335|56.85|58.22
2021-08-23|57.85|58.7|57.7435|58.54
2021-08-24|58.49|59.43|58.43|59.32
2021-08-25|59.54|60.27|59.17|59.35
2021-08-26|59.42|59.63|58.985|59.2
2021-08-27|59.265|59.35|58.86|59.02
2021-08-30|58.98|59.22|58.8|59.13
2021-08-31|59.11|59.175|58.58|59.02
2021-09-01|59.02|59.14|58.66|59.04
2021-09-02|59.35|59.72|59.06|59.53
2021-09-03|59.33|59.6592|59.28|59.42
2021-09-07|59.235|59.365|58.75|58.88
2021-09-08|58.55|58.93|58.49|58.68
2021-09-09|58.45|58.94|58.25|58.6
2021-09-10|58.75|58.95|57.82|57.89
2021-09-13|58.16|58.53|57.725|58.1
2021-09-14|58.24|58.47|57.66|57.87
2021-09-15|57.78|59.6|57.06|57.56
2021-09-16|58.3093|58.82|57.125|57.33
2021-09-17|57.39|57.45|56.47|56.85
2021-09-20|56.38|56.4|55.29|55.89
2021-09-21|55.96|56.37|55.23|55.26
2021-09-22|55.7621|56.13|55.37|55.52
2021-09-23|55.6992|56.895|55.6|56.69
2021-09-24|56.4468|56.81|56.22|56.73
2021-09-27|56.46|56.67|56.05|56.22
2021-09-28|55.7841|55.985|55.41|55.52
2021-09-29|55.615|55.98|55.34|55.48
2021-09-30|55.8|55.9|54.41|54.43
2021-10-01|54.6|55.41|54.04|55.14
2021-10-04|54.5|54.68|53.95|54.23
2021-10-05|54.13|55.025|54.13|54.69
2021-10-06|54.345|54.38|52.98|53.94
2021-10-07|54.493|55.41|54.35|55.02
2021-10-08|55.2|55.3|54.75|55.08
2021-10-11|55.25|55.3801|54.9|54.93
2021-10-12|54.99|55.06|54.07|54.28
2021-10-13|54.32|54.75|54.08|54.62
2021-10-14|55.09|55.85|54.98|55.65
2021-10-15|55.8876|55.8876|54.96|55.25
2021-10-18|55.04|55.49|54.57|55.19
2021-10-19|55.29|55.78|55.03|55.74
2021-10-20|55.8|56.23|55.8|56.2
2021-10-21|56.04|56.12|55.525|55.69
2021-10-22|55.55|55.86|54.94|55.11
2021-10-25|55.11|55.415|54.81|55.14
2021-10-26|55.56|56.3494|55.4|55.81
2021-10-27|56.13|56.72|55.925|56.18
2021-10-28|56.23|56.685|55.89|56.24
2021-10-29|56.315|56.58|55.86|55.97
2021-11-01|55.8691|56.25|55.5|56.1
2021-11-02|56.37|57.87|56.28|57.62
2021-11-03|57.58|57.93|57.12|57.65
2021-11-04|57.6|57.69|56.555|57.12
2021-11-05|57.3762|57.8|56.93|57.07
2021-11-08|57.1|57.52|56.59|57
2021-11-09|57.07|57.6299|56.9|57.44
2021-11-10|57.9|58.625|57.685|57.77
2021-11-11|57.57|57.77|56.69|56.76
2021-11-12|56.97|57.15|56.31|56.82
2021-11-15|56.9287|57.7|56.83|57.27
2021-11-16|57.24|58.08|56.925|57
2021-11-17|56.61|57.14|56.27|56.76
2021-11-18|52.73|53.93|51.08|53.63
2021-11-19|53.545|53.69|52.78|53.25
2021-11-22|53.35|55.53|53.3|54.6
2021-11-23|54.61|55.58|54.47|55.3
2021-11-24|55.15|55.7468|55.15|55.54
2021-11-26|54.46|55.19|54.46|54.67
2021-11-29|55.14|56.19|54.83|55.76
2021-11-30|55.58|55.6|54.15|54.84
2021-12-01|55.53|56.38|54.93|55.03
2021-12-02|55.15|56.6099|55.08|56.15
2021-12-03|56.2965|56.82|55.665|56.23
2021-12-06|56.7|57.17|56.465|56.96
2021-12-07|57.1|58.215|57.01|58.08
2021-12-08|58.075|58.13|56.63|57.02
2021-12-09|57.195|57.8301|56.93|57.55
2021-12-10|57.91|59.34|57.908|59.25
2021-12-13|59.1|59.51|58.54|58.61
2021-12-14|58.34|58.525|57.37|57.77
2021-12-15|57.9213|60.03|57.9|59.93
2021-12-16|60.05|60.76|59.87|60.31
2021-12-17|60.27|60.795|59.785|60.46
2021-12-20|59.67|60.41|59.3|60.36
2021-12-21|60.44|61.2377|60|61.03
2021-12-22|60.97|61.595|60.615|61.53
2021-12-23|61.79|62.895|61.79|62.28
2021-12-27|62.41|63.47|62.28|63.42
2021-12-28|63.42|63.84|63.23|63.53
2021-12-29|63.65|64.285|63.55|63.96
2021-12-30|64.04|64.14|63.47|63.62
2021-12-31|63.545|63.819|63.32|63.37
2022-01-03|62.9|63.35|62.5|63.16
2022-01-04|62.44|62.81|61.11|61.25
2022-01-05|61.19|61.64|60.25|60.28
2022-01-06|60|61.13|59.91|60.92
2022-01-07|60.87|61.5|60.67|61.13
2022-01-10|60.865|61.895|60.52|61.82
2022-01-11|61.595|62.43|61.44|62.37
2022-01-12|62.4|62.8175|61.9201|62.12
2022-01-13|62.08|62.15|61.21|61.5
2022-01-14|61.4722|61.5|60.94|61.36
2022-01-18|59.98|60.22|59.49|59.73
2022-01-19|57.995|59.49|57.78|58.9
2022-01-20|58.99|59.34|58.02|58.08
2022-01-21|58.07|58.34|56.61|56.68
2022-01-24|56.16|57|54.87|56.9
2022-01-25|56.09|56.6851|55.07|56.11
2022-01-26|56.11|56.45|54.855|55.33
2022-01-27|55.51|56.53|54.4|54.62
2022-01-28|54.5|55.66|53.445|55.61
2022-01-31|55.43|55.86|54.87|55.67
2022-02-01|55.45|55.5|54.735|55.37
2022-02-02|55.225|56.315|55.17|56.17
2022-02-03|55.87|56.15|55.06|55.2
2022-02-04|54.8935|55.62|54.39|55.15
2022-02-07|55.33|55.53|54.695|55.17
2022-02-08|55.06|55.49|54.71|55.34
2022-02-09|55.82|56.38|55.4826|56.29
2022-02-10|55.24|56.025|54.74|54.87
2022-02-11|54.87|55.09|53.77|53.9
2022-02-14|53.41|53.65|52.7|53.18
2022-02-15|53.7159|54.3|53.64|54.27
2022-02-16|54.13|54.44|53.385|54.25
2022-02-17|55.5|57.06|55.4|55.77
2022-02-18|55.46|57.69|55.38|57.21
2022-02-22|56.93|57.14|55.735|56.3
2022-02-23|56.61|56.99|54.37|54.44
2022-02-24|54.07|54.83|53.21|54.73
2022-02-25|54.98|56.22|54.49|56.04
2022-02-28|55.41|56|54.75|55.77
2022-03-01|55.53|55.85|54.26|54.62
2022-03-02|54.77|56.38|54.71|56.15
2022-03-03|56.74|57|55.835|56.07
2022-03-04|55.67|56.895|55.25|56.51
2022-03-07|56.31|56.44|55.52|55.59
2022-03-08|55.7|55.86|54.0701|54.4
2022-03-09|55.64|56.245|55.25|55.92
2022-03-10|54.4|55.16|53.97|54.71
2022-03-11|55.29|56.21|54.6|54.69
2022-03-14|54.73|55.4|53.995|54.3
2022-03-15|54.42|55.725|54.42|55.6
2022-03-16|55.93|56|54.6|55.81
2022-03-17|55.49|56.3|55.35|56.17
2022-03-18|56.03|56.42|55.54|55.97
2022-03-21|56.06|56.545|55.52|56
2022-03-22|56.36|56.72|56.09|56.17
2022-03-23|55.9|56.09|54.45|54.48
2022-03-24|54.67|54.69|53.68|54.5
2022-03-25|54.605|55.18|54.395|54.97
2022-03-28|54.8|55.16|54.42|55.14
2022-03-29|55.67|56.3138|55.04|55.67
2022-03-30|55.75|56.94|55.59|56.05
2022-03-31|56.04|56.88|55.72|55.76
2022-04-01|56.17|56.19|54.885|55.66
2022-04-04|55.46|56.12|54.99|55.87
2022-04-05|55.2|55.59|54.665|54.92
2022-04-06|54.69|54.76|53.8432|54.37
2022-04-07|54.43|54.85|53.735|54.63
2022-04-08|54.84|54.91|54.01|54.28
2022-04-11|53.92|53.95|52.785|52.88
2022-04-12|51.7|52.9501|51.48|51.82
2022-04-13|51.84|52.36|51.405|52.15
2022-04-14|52.08|52.38|51.1207|51.17
2022-04-18|50.88|51.56|50.8|51.11
2022-04-19|51|51.935|50.92|51.83
2022-04-20|52.22|53.67|52.15|53.02
2022-04-21|53.34|53.83|52.73|52.78
2022-04-22|52.92|52.96|51.29|51.36
2022-04-25|51.45|51.98|50.54|51.94
2022-04-26|51.875|51.94|50.87|50.9
2022-04-27|50.91|51.11|49.245|49.31
2022-04-28|49.53|50.78|49.205|50.63
2022-04-29|50.51|50.64|48.87|48.98
2022-05-02|49.34|49.9144|48.93|49.86
2022-05-03|49.77|50.36|49.53|49.92
2022-05-04|50.03|51.655|49.67|51.58
2022-05-05|51.15|51.21|49.155|49.61
2022-05-06|49.15|49.835|48.85|49.33
2022-05-09|49|49.42|48.67|48.96
2022-05-10|49.705|50.235|49.15|49.55
2022-05-11|49.09|49.64|48.575|48.65
2022-05-12|48.63|48.78|47.47|48.29
2022-05-13|48.71|49.63|48.53|49.56
2022-05-16|49.66|49.66|48.88|49
2022-05-17|49.68|50.72|49.51|50.6
2022-05-18|50.47|50.47|48.21|48.36
2022-05-19|43.055|43.93|41.02|41.72
2022-05-20|41.86|43|41.52|42.94
2022-05-23|43.34|43.82|42.94|43.35
2022-05-24|43.4|44.06|42.499|43.77
2022-05-25|43.75|44.42|43.19|44
2022-05-26|44.05|45.5256|44.05|44.99
2022-05-27|45.12|45.64|44.95|45.62
2022-05-31|45.27|45.605|44.735|45.05
2022-06-01|45.55|45.8|44.765|45.23
2022-06-02|45.18|45.8|44.895|45.79
2022-06-03|45.55|45.74|45.12|45.25
2022-06-06|45.603|46.09|45.125|45.33
2022-06-07|44.82|45.65|44.715|45.57
2022-06-08|45.45|45.63|44.88|44.92
2022-06-09|44.83|45.27|44.24|44.26
2022-06-10|43.8|43.99|43.29|43.49
2022-06-13|43.06|43.84|42.89|43.24
2022-06-14|43.63|43.7|42.57|42.91
2022-06-15|43.37|44.425|43.0999|43.8
2022-06-16|42.81|43.4099|42.81|43.32
2022-06-17|43.36|44.0001|43.24|43.39
2022-06-21|43.805|44.28|43.7|44.14
2022-06-22|43.47|44.115|43.17|43.57
2022-06-23|43.41|43.46|42.715|42.93
2022-06-24|43.44|44.215|43.24|44.1
2022-06-27|44.29|44.29|43.625|43.77
2022-06-28|43.91|44.4713|42.99|43.06
2022-06-29|43.14|43.26|42.6938|42.88
2022-06-30|42.37|43.14|42.19|42.64
2022-07-01|42.52|42.7|41.57|42.6
2022-07-05|41.52|41.97|40.82|41.96
2022-07-06|42.12|42.93|42.01|42.69
2022-07-07|42.88|43.36|42.79|43.22
2022-07-08|43.03|43.605|42.94|43.39
2022-07-11|43.34|43.68|43.07|43.25
2022-07-12|43.58|43.83|42.66|42.86
2022-07-13|41.854|43.05|41.8|42.7
2022-07-14|41.79|42.47|41.35|42.33
2022-07-15|42.5|43.13|42.5|43.07
2022-07-18|43.3|43.32|42.405|42.6
2022-07-19|42.82|44.09|42.65|44.03
2022-07-20|44.08|44.315|43.66|44.13
2022-07-21|44.29|44.69|44.07|44.58
2022-07-22|44.78|44.92|44.25|44.46
2022-07-25|44.66|44.66|44.11|44.34
2022-07-26|44.37|44.54|43.75|43.83
2022-07-27|44.19|44.79|43.83|44.64
2022-07-28|44.88|45.865|44.71|45.62
2022-07-29|45.11|45.49|44.83|45.37
2022-08-01|45.06|45.427|44.76|45.28
2022-08-02|45.52|45.7|44.9019|44.92
2022-08-03|44.9|45.82|44.79|45.71
2022-08-04|45.9|45.93|45.005|45.38
2022-08-05|44.91|45.07|44.54|45.01
2022-08-08|45.49|45.52|44.855|45.02
2022-08-09|45.15|45.18|44.7249|44.92
2022-08-10|45.71|46.06|45.43|46.02
2022-08-11|46.11|46.425|45.77|45.9
2022-08-12|46.09|46.61|45.97|46.61
2022-08-15|46.39|46.62|46.025|46.59
2022-08-16|46.57|47.01|46.4401|46.77
2022-08-17|46.36|47.1|46.225|46.66
2022-08-18|49.795|50|49.11|49.37
2022-08-19|49.01|49.46|48.535|48.7
2022-08-22|48.47|48.5|47.515|47.71
2022-08-23|47.59|48.04|47.39|47.41
2022-08-24|47.09|47.405|46.87|47.07
2022-08-25|47.25|47.43|46.84|47.27
2022-08-26|47.08|47.27|45.88|45.89
2022-08-29|45.72|46|45.49|45.71
2022-08-30|45.75|45.87|44.9608|45.24
2022-08-31|45.78|45.83|44.585|44.72
2022-09-01|44.57|45.34|44.4|45.29
2022-09-02|45.71|45.92|44.275|44.59
2022-09-06|44.66|44.787|43.98|44.47
2022-09-07|44.75|45.165|44.35|45.02
2022-09-08|44.76|45.47|44.62|45.37
2022-09-09|45.66|45.89|45.395|45.77
2022-09-12|46.11|46.73|45.97|46.4
2022-09-13|45.72|45.91|44.02|44.11
2022-09-14|44.04|44.27|43.5604|43.96
2022-09-15|43.81|43.87|43.09|43.29
2022-09-16|43.11|43.58|42.785|43.3
2022-09-19|42.895|43.44|42.76|43.3
2022-09-20|43.01|43.02|42.2625|42.58
2022-09-21|42.32|42.865|41.57|41.59
2022-09-22|41.34|41.55|41.14|41.15
2022-09-23|41.25|41.25|40.12|40.66
2022-09-26|40.66|41.19|40.37|40.58
2022-09-27|41.14|41.46|40.225|40.52
2022-09-28|40.85|41.57|40.592|41.34
2022-09-29|41.05|41.1|40.15|40.57
2022-09-30|40.66|41.04|39.96|40
2022-10-03|40.67|41.53|40.47|41.29
2022-10-04|41.56|42.035|41.39|41.82
2022-10-05|41.585|42.25|41.4|41.99
2022-10-06|41.65|42.09|41.37|41.52
2022-10-07|41.25|41.25|40.0809|40.27
2022-10-10|40.625|40.805|39.6|39.89
2022-10-11|39.81|40.11|39.27|39.58
2022-10-12|39.7|39.86|39.25|39.27
2022-10-13|39.03|40.8|38.605|40.61
2022-10-14|40.84|40.96|39.92|40.2
2022-10-17|41.04|41.525|40.95|41.3
2022-10-18|41.92|42.22|41.26|41.79
2022-10-19|41.63|42.235|41.47|41.88
2022-10-20|41.56|42.615|41.455|41.71
2022-10-21|41.85|42.97|41.81|42.8
2022-10-24|43.115|43.73|42.9|43.54
2022-10-25|43.34|44.4|43.2|44.36
2022-10-26|44.93|45.23|44.28|44.38
2022-10-27|44.77|45.085|44.36|44.42
2022-10-28|44.69|45.71|44.65|45.64
2022-10-31|45.305|45.64|45.055|45.43
2022-11-01|45.58|45.79|45.06|45.46
2022-11-02|45.47|46.21|44.55|44.57
2022-11-03|44.03|44.15|43.39|43.85
2022-11-04|44.5|45.08|43.8315|44.52
2022-11-07|44.832|44.98|44.405|44.55
2022-11-08|44.69|45.35|44.18|44.61
2022-11-09|44.51|44.72|43.89|43.91
2022-11-10|45.7|45.81|44.645|45.66
2022-11-11|45.18|45.32|43.92|44.79
2022-11-14|44.832|45.44|44.68|44.74
2022-11-15|45.04|45.24|44.445|44.9
2022-11-16|44.94|44.98|44.301|44.39
2022-11-17|46.188|46.845|45.1601|46.59
2022-11-18|46.91|48.04|46.86|47.79
2022-11-21|47.61|48.29|47.56|47.62
2022-11-22|48|48.42|47.76|48.38
2022-11-23|48.4|48.99|48.32|48.57
2022-11-25|48.75|49.05|48.345|48.4
2022-11-28|48.29|48.47|47.92|48.08
2022-11-29|48.25|48.41|47.84|48.28
2022-11-30|48.17|49.83|47.96|49.72
2022-12-01|49.88|50.46|49.69|49.97
2022-12-02|49.23|49.84|48.915|49.7
2022-12-05|49.55|49.64|49.165|49.33
2022-12-06|49.44|49.44|48.261|48.59
2022-12-07|48.4|48.55|48.06|48.18
2022-12-08|48.66|49.2|48.62|48.99
2022-12-09|49.1|49.17|48.44|48.46
2022-12-12|48.8|49.32|48.37|49.3
2022-12-13|50.33|50.71|49.23|49.64
2022-12-14|49.74|50.06|48.82|49.3
2022-12-15|48.96|49.05|47.74|48.15
2022-12-16|47.41|48|47.08|47.81
2022-12-19|47.66|47.96|47.14|47.4
2022-12-20|47.41|47.56|46.79|47.37
2022-12-21|47.69|47.96|47.42|47.66
2022-12-22|47.49|47.49|46.685|47.32
2022-12-23|47.25|47.49|47.01|47.48
2022-12-27|47.67|47.71|47.215|47.53
2022-12-28|47.69|47.77|46.98|47.07
2022-12-29|47.26|47.74|47.26|47.5
2022-12-30|47.27|47.67|46.95|47.64
2023-01-03|47.86|48.05|47.31|47.94
2023-01-04|48.28|48.48|47.17|47.55
2023-01-05|47.49|47.49|46.76|46.88
2023-01-06|47.46|48.585|47.275|48.32
2023-01-09|48.255|49.21|48.22|48.58
2023-01-10|48.8|49.21|48.59|48.81
2023-01-11|48.83|49.23|48.7|49.21
2023-01-12|49.21|49.43|48.85|49
2023-01-13|48.56|49.02|48.42|48.88
2023-01-17|48.92|48.94|47.95|48.08
2023-01-18|48.185|48.27|46.8903|46.9
2023-01-19|46.95|47.05|46.39|46.46
2023-01-20|46.06|46.83|45.67|46.78
2023-01-23|46.895|47.87|46.81|47.5
2023-01-24|47.49|48.015|47.055|47.81
2023-01-25|47.98|48.079|47.23|47.98
2023-01-26|48.15|48.465|47.83|48.34
2023-01-27|48.1|48.73|47.97|48.51
2023-01-30|48.14|48.5|48.12|48.22
2023-01-31|48.12|48.69|48.05|48.67
2023-02-01|48.39|48.9|47.505|48.57
2023-02-02|48.53|49.56|48.355|49.32
2023-02-03|49.3|49.3|48.505|48.63
2023-02-06|48.07|48.28|47.515|47.57
2023-02-07|47.24|48.145|46.97|47.84
2023-02-08|47.38|47.54|46.77|46.96
2023-02-09|47.225|47.41|46.43|46.73
2023-02-10|46.7|47.32|46.64|47.26
2023-02-13|47.45|47.99|47.39|47.86
2023-02-14|47.78|48|47.18|47.7
2023-02-15|47.5|48.52|47.33|48.45
2023-02-16|49.99|51.74|49.8|50.99
2023-02-17|51.325|51.44|50.6|50.77
2023-02-21|50.71|50.76|49.62|49.69
2023-02-22|49.85|49.85|48.89|49.31
2023-02-23|49.535|49.68|48.55|49.21
2023-02-24|48.805|48.9|48.165|48.48
2023-02-27|48.95|49.335|48.55|48.73
2023-02-28|48.81|48.93|48.38|48.42
2023-03-01|48.44|48.59|48.02|48.34
2023-03-02|48.32|48.63|48.12|48.53
2023-03-03|48.99|49.36|48.815|49.28
2023-03-06|49.455|49.81|49.24|49.42
2023-03-07|49.57|49.755|48.63|48.91
2023-03-08|49.02|49.27|48.74|49.11
2023-03-09|49.3|49.69|48.705|48.81
2023-03-10|48.89|49.17|48.3|48.56
2023-03-13|48.53|48.88|48.12|48.41
2023-03-14|48.68|49.255|48.505|49.05
2023-03-15|48.37|49.11|48.37|49.06
2023-03-16|48.68|50.29|48.51|50.12
2023-03-17|50.26|50.55|49.735|50.19
2023-03-20|50.22|51.04|50.01|50.94
2023-03-21|51.205|51.33|50.33|50.67
2023-03-22|50.74|50.75|49.42|49.46
2023-03-23|49.56|50.25|49.405|49.73
2023-03-24|49.9|50.55|49.495|50.51
2023-03-27|50.7|50.95|50.48|50.54
2023-03-28|50.32|50.595|50.27|50.39
2023-03-29|50.725|51.27|50.64|51.17
2023-03-30|51.58|51.68|51.125|51.43
2023-03-31|51.44|52.35|51.39|52.275
2023-04-03|52.06|52.56|51.99|52.31
2023-04-04|52.03|52.12|51.43|51.82
2023-04-05|52.07|52.29|51.68|51.82
2023-04-06|50.92|51.564|50.725|51.27
2023-04-10|51.11|51.4|50.875|51.33
2023-04-11|51.12|51.3|50.52|50.62
2023-04-12|50.82|50.95|50.05|50.11
2023-04-13|50.21|50.83|50.09|50.8
2023-04-14|50.52|50.85|50.2|50.54
2023-04-17|50.56|50.675|50.05|50.28
2023-04-18|50.38|50.69|50.07|50.31
2023-04-19|49.23|49.27|47.99|48.04
2023-04-20|47.61|47.65|46.36|46.58
2023-04-21|46.565|47.115|46.24|47.03
2023-04-24|47.05|47.45|47|47.39
2023-04-25|47.37|47.43|46.805|47.09
2023-04-26|46.76|46.85|46.425|46.54
2023-04-27|46.78|46.8|45.97|46.56
2023-04-28|46.685|47.26|46.61|47.25
2023-05-01|47.2|47.52|47.125|47.34
2023-05-02|46.905|47.08|46.06|46.36
2023-05-03|46.42|46.55|45.86|45.96
2023-05-04|45.77|45.93|45.555|45.7
2023-05-05|46.12|46.36|45.92|46.25
2023-05-08|46.44|46.52|46.09|46.34
2023-05-09|45.98|46.515|45.92|46.47
2023-05-10|46.7|46.93|46.15|46.71
2023-05-11|46.83|46.85|46.2|46.37
2023-05-12|46.28|46.81|46.28|46.71
2023-05-15|46.8|47.26|46.56|47.1
2023-05-16|47.24|47.33|46.8|46.92
2023-05-17|47.15|47.76|47.0125|47.63
2023-05-18|45.76|48.245|45.7|48.2
2023-05-19|48.43|49.34|48.4|49.13
2023-05-22|49.11|49.229|48.77|48.82
2023-05-23|48.61|49.35|48.6|48.91
2023-05-24|48.95|49|48.174|48.41
2023-05-25|47.77|49.23|47.72|49.03
2023-05-26|49.11|50.09|49.11|49.86
2023-05-30|49.99|50.485|49.74|50.17
2023-05-31|49.91|50.025|49.605|49.67
2023-06-01|49.76|50.085|49.2609|49.74
2023-06-02|49.87|50.25|49.73|50.02
2023-06-05|50.22|50.58|50.04|50.21
2023-06-06|49.79|49.91|49.14|49.81
2023-06-07|49.7|50.14|49.65|49.78
2023-06-08|49.92|50|49.57|49.68
2023-06-09|49.532|49.97|49.365|49.66
2023-06-12|49.915|50.51|49.67|50.48
2023-06-13|50.685|50.94|50.45|50.8
2023-06-14|50.8|51.22|50.63|50.96
2023-06-15|50.905|52.07|50.83|51.93
2023-06-16|52.2|52.405|51.93|52.07
2023-06-20|51.94|52.08|51.47|51.55
2023-06-21|51.38|51.4|50.82|50.85
2023-06-22|50.65|51.14|50.4291|51.12
2023-06-23|50.64|50.72|50.09|50.33
2023-06-26|50.305|50.8|50.18|50.21
2023-06-27|50.31|51.04|50.25|50.86
2023-06-28|50.78|51.015|50.44|50.87
2023-06-29|50.86|51.27|50.82|51.21
2023-06-30|51.88|52.26|51.52|51.74
2023-07-03|51.36|51.83|51.33|51.82
2023-07-05|50.97|51.57|50.925|51.51
2023-07-06|51.065|51.19|50.65|51.11
2023-07-07|51|51.65|50.74|50.99
2023-07-10|51.07|51.5|51.02|51.4
2023-07-11|51.57|52.1475|51.54|52.12
2023-07-12|51.56|51.93|50.5319|50.74
2023-07-13|50.69|51.62|50.65|51.53
2023-07-14|50.42|50.97|50.055|50.38
2023-07-17|50.2|50.95|50.14|50.81
2023-07-18|50.98|51.37|50.8525|51.24
2023-07-19|52.21|52.44|51.7|52.43
2023-07-20|52.06|52.87|51.915|52.37
2023-07-21|52.745|52.995|52.525|52.63
2023-07-24|52.69|53.31|52.67|53.11
2023-07-25|53.19|53.76|53.11|53.6
2023-07-26|53.54|53.65|52.96|53.22
2023-07-27|53.6|53.885|52.855|53
2023-07-28|52.062|52.42|51.77|52.09
2023-07-31|51.84|52.18|51.74|52.04
2023-08-01|52.57|52.78|52.305|52.66
2023-08-02|52.38|53.11|52.32|52.58
2023-08-03|52.49|53.27|52.24|53.15
2023-08-04|52.88|53.32|52.54|52.63
2023-08-07|52.97|53.065|52.682|53.01
2023-08-08|52.66|53.13|52.355|53.06
2023-08-09|52.9|53.45|52.66|52.99
2023-08-10|53.41|54.14|53.17|53.37
2023-08-11|53.35|53.945|53.185|53.79
2023-08-14|53.8|54.13|53.72|53.88
2023-08-15|53.62|53.7289|53.18|53.35
2023-08-16|53.19|53.52|52.87|52.96
2023-08-17|54.44|55.835|54.37|54.73
2023-08-18|54.63|55.46|54.62|55.04
2023-08-21|55.2|55.79|55.15|55.44
2023-08-22|55.48|55.82|55.28|55.46
2023-08-23|55.61|56.2|55.4|55.98
2023-08-24|56.32|56.475|55.21|55.24
2023-08-25|55.25|55.87|55.25|55.7
2023-08-28|55.89|56.28|55.68|56.2
2023-08-29|56.35|56.8|56.11|56.56
2023-08-30|56.63|56.91|56.535|56.81
2023-08-31|57.1|57.5286|56.89|57.35
2023-09-01|57.39|58.185|57.39|57.84
2023-09-05|57.82|57.82|57.23|57.26
2023-09-06|57.1|57.47|57.07|57.16
2023-09-07|56.97|57.09|56.66|56.79
2023-09-08|56.76|57.07|56.56|56.67
2023-09-11|56.72|56.965|56.44|56.84
2023-09-12|56.65|56.86|56.34|56.39
2023-09-13|56.32|56.529|56.08|56.28
2023-09-14|56.42|56.47|56.08|56.37
2023-09-15|56.31|56.39|55.54|56.04
2023-09-18|56.01|56.275|55.83|56.11
2023-09-19|56.18|56.21|55.46|55.84
2023-09-20|55.95|56.05|55.435|55.5
2023-09-21|53.41|54.1|52.85|53.34
2023-09-22|53.4|53.825|53.2|53.57
2023-09-25|53.46|53.68|53.16|53.48
2023-09-26|53.18|53.295|52.58|52.71
2023-09-27|52.89|53.37|52.53|53.2
2023-09-28|53.37|54.19|53.35|53.88
2023-09-29|54.16|54.2|53.5|53.76
2023-10-02|53.84|54.4|53.81|54.39
2023-10-03|53.86|53.89|53.35|53.65
2023-10-04|53.66|53.845|53.22|53.45
2023-10-05|53.4|53.47|52.58|53.07
2023-10-06|52.99|53.745|52.7371|53.45
2023-10-09|53.35|53.96|53.25|53.92
2023-10-10|53.96|54.09|53.65|53.87
2023-10-11|53.93|54.125|53.345|53.66
2023-10-12|54.02|54.22|53.51|53.85
2023-10-13|53.88|54.12|53.44|53.77
2023-10-16|54.07|54.585|54.0404|54.16
2023-10-17|53.79|53.98|53.17|53.94
2023-10-18|53.79|54.185|53.6|53.77
2023-10-19|53.76|53.93|53.2|53.32
2023-10-20|53.39|53.59|52.8|52.93
2023-10-23|52.82|52.85|52.16|52.2
2023-10-24|52.26|53.05|52.055|53.01
2023-10-25|53.11|53.37|52.325|52.4
2023-10-26|51.8735|52.13|51.3113|51.37
2023-10-27|51.64|52.15|51.4|51.56
2023-10-30|51.35|51.64|51.09|51.57
2023-10-31|51.75|52.17|51.68|52.13
2023-11-01|52.04|52.28|51.8|52.19
2023-11-02|52.32|52.8|52.18|52.75
2023-11-03|53.26|53.45|52.63|53.01
2023-11-06|52.97|53.3|52.875|53.29
2023-11-07|53.34|53.44|52.97|53.13
2023-11-08|53.39|53.5|52.77|53
2023-11-09|52.12|52.57|51.75|52
2023-11-10|52.25|52.63|51.93|52.59
2023-11-13|52.48|52.6401|52.09|52.23
2023-11-14|52.47|53.37|52.47|53.17
2023-11-15|53.27|53.43|53.035|53.28
2023-11-16|47.41|48.06|46.2|48.04
2023-11-17|48.05|48.36|47.73|47.755
2023-11-20|47.56|48.37|47.55|48.27
2023-11-21|48.27|48.35|47.66|47.8
2023-11-22|48.08|48.35|47.945|48.08
2023-11-24|48.09|48.4|48.05|48.36
2023-11-27|48.33|48.37|47.91|47.93
2023-11-28|47.95|48.19|47.81|47.85
2023-11-29|48.11|48.44|48.03|48.05
2023-11-30|48.19|48.5|47.9401|48.38
2023-12-01|48.28|48.78|48.02|48.47
2023-12-04|48.06|48.18|47.78|48.05
2023-12-05|47.745|47.96|47.59|47.93
2023-12-06|48.07|48.21|47.65|47.7
2023-12-07|47.905|48.36|47.8|48.26
2023-12-08|48.28|48.59|48.21|48.38
2023-12-11|48.94|49.44|48.85|49.39
2023-12-12|49.58|49.59|49.105|49.33
2023-12-13|49.24|49.7|48.81|49.69
2023-12-14|50|50.0125|49.17|49.44
2023-12-15|49.485|49.93|49.43|49.87
2023-12-18|49.92|50.295|49.395|50.24
2023-12-19|50.365|50.46|49.835|50.18
2023-12-20|50.12|50.33|49.79|49.8
2023-12-21|49.93|49.98|49.38|49.7
2023-12-22|49.84|50.39|49.84|50.09
2023-12-26|50.11|50.4|50.05|50.28
2023-12-27|50.3|50.56|50.28|50.44
2023-12-28|50.58|50.63|50.42|50.48
2023-12-29|50.45|50.585|50.22|50.52
2024-01-02|50.49|50.86|50.25|50.51
2024-01-03|50.17|50.68|49.941|50.51
2024-01-04|50.44|50.51|49.99|50.08
2024-01-05|50.18|50.365|49.865|50.09
2024-01-08|49.75|50.5|49.69|50.46