2019-05-10|42|45|41.06|41.57
2019-05-13|38.79|39.24|36.08|37.1
2019-05-14|38.31|39.96|36.85|39.96
2019-05-15|39.37|41.88|38.95|41.29
2019-05-16|41.48|44.06|41.25|43
2019-05-17|41.98|43.29|41.27|41.91
2019-05-20|41.19|41.68|39.46|41.59
2019-05-21|42|42.24|41.25|41.5
2019-05-22|41.05|41.28|40.5|41.25
2019-05-23|40.8|41.09|40.02|40.47
2019-05-24|41.28|41.51|40.5|41.51
2019-05-28|41.7|41.8|40.6|40.95
2019-05-29|40.52|40.71|39.1473|39.94
2019-05-30|40.07|40.38|39.5|39.8
2019-05-31|41.15|41.57|39.41|40.41
2019-06-03|40.7435|41.85|40.24|41.25
2019-06-04|42.56|42.88|40.7|42.75
2019-06-05|42.87|45.66|42.5|45
2019-06-06|45|45.75|44.28|44.92
2019-06-07|44.92|45.67|44.13|44.16
2019-06-10|44.02|44.59|42.53|42.61
2019-06-11|43.22|43.65|41.8|42.45
2019-06-12|42.52|42.65|41.71|42.17
2019-06-13|43.05|44.35|42.8|44.31
2019-06-14|44.75|44.8|43.11|43.23
2019-06-17|43.28|44.079|42.93|43.78
2019-06-18|44.3|44.89|43.75|43.86
2019-06-19|44.46|45.5|43.95|44.86
2019-06-20|45.03|45.29|43.51|43.86
2019-06-21|43.85|44.14|43.38|44
2019-06-24|44|44.07|42.82|43.09
2019-06-25|43.28|43.79|42.4431|43.09
2019-06-26|43.25|43.4|42.36|42.5
2019-06-27|43.35|45.3|43.2|45.13
2019-06-28|45.1|47.08|45.08|46.38
2019-07-01|46.98|47.04|44.06|44.27
2019-07-02|44.55|44.68|43.75|44
2019-07-03|44|44.46|43.79|44.23
2019-07-05|44.31|44.55|43.01|43.53
2019-07-08|43.59|43.85|42.75|42.95
2019-07-09|43.18|44.23|42.98|44.2
2019-07-10|44.48|44.8|43.56|43.7
2019-07-11|44.1|44.29|43.31|43.99
2019-07-12|44.16|44.24|43.39|43.99
2019-07-15|44.2|44.7|43.97|44.53
2019-07-16|44.6|44.98|44.02|44.13
2019-07-17|44.06|44.35|43.52|43.62
2019-07-18|43.5|43.85|43.19|43.71
2019-07-19|43.9|44.086|43.16|43.18
2019-07-22|43.25|43.72|43.01|43.69
2019-07-23|43.75|44.31|43.11|43.36
2019-07-24|43.36|43.87|43.36|43.76
2019-07-25|43.72|43.96|43.21|43.4
2019-07-26|43.42|44.96|43.39|44.52
2019-07-29|45|45.627|43.12|43.88
2019-07-30|43.71|43.74|42.49|42.59
2019-07-31|42.6|42.98|41.84|42.14
2019-08-01|42.14|42.5355|41|41.31
2019-08-02|41.03|41.06|39.95|40.4
2019-08-05|39.35|39.42|38.4325|39.05
2019-08-06|39.68|40.808|38.36|39.15
2019-08-07|39.06|39.99|38.32|39.7
2019-08-08|41.98|43|41.25|42.97
2019-08-09|39.56|40.68|38.71|40.05
2019-08-12|39.83|39.95|37|37
2019-08-13|37|37.46|36.12|36.45
2019-08-14|36|36.2999|33.36|33.96
2019-08-15|34.52|34.55|32.92|33.22
2019-08-16|33.46|35.48|33.4|35.23
2019-08-19|35.53|35.8|34.37|34.61
2019-08-20|34.48|36.07|34.39|35.29
2019-08-21|35.5|35.83|34.75|34.91
2019-08-22|34.8|34.91|33.52|34
2019-08-23|33.65|34.23|33.12|33.43
2019-08-26|33.67|33.83|33.06|33.31
2019-08-27|33.69|34.24|32.98|33.11
2019-08-28|32.56|33.05|32.26|32.59
2019-08-29|32.9|33.3|32.6|32.76
2019-08-30|33|33.13|32.04|32.57
2019-09-03|32.1|32.53|30.665|30.7
2019-09-04|30.91|32.36|30.85|31.99
2019-09-05|32.33|33.03|32.25|32.51
2019-09-06|32.71|32.74|31.41|31.86
2019-09-09|32.05|32.39|31.46|32.24
2019-09-10|32|33.74|31.65|33.51
2019-09-11|33.38|35.14|33.02|34
2019-09-12|34.14|34.4862|33.33|34.07
2019-09-13|34.25|34.435|32.94|33.25
2019-09-16|33.6|34.8|33.47|34.43
2019-09-17|34.75|34.75|33.55|34.29
2019-09-18|34.35|34.89|33.75|34.26
2019-09-19|34.2|34.64|33.68|33.82
2019-09-20|33.98|34.2173|32.5|32.6
2019-09-23|32.52|33.01|32.06|33
2019-09-24|33|33.1453|31.01|31.3
2019-09-25|31.27|31.72|30.76|31.68
2019-09-26|31.72|32.13|31.13|31.57
2019-09-27|31.71|31.9|30.13|30.29
2019-09-30|30.4|30.735|30.17|30.47
2019-10-01|30.37|30.51|28.65|29.15
2019-10-02|28.67|29.55|28.31|29
2019-10-03|28.97|29.88|28.52|29.72
2019-10-04|29.9|30.18|28.9|29.67
2019-10-07|30.6|30.75|29.83|30.37
2019-10-08|30.01|30.15|29.17|29.28
2019-10-09|29.62|29.62|28.81|29.07
2019-10-10|29.21|29.28|28.58|28.87
2019-10-11|28.95|30.4|28.94|30.13
2019-10-14|30.22|31.54|29.8186|31.12
2019-10-15|31.2|32.17|31.195|32
2019-10-16|31.8|32.38|31.4376|31.87
2019-10-17|31.8|32.93|31.45|32.62
2019-10-18|32.55|32.66|31.27|32.06
2019-10-21|31.95|32.2828|31.185|31.41
2019-10-22|31.41|33.89|30.22|32.53
2019-10-23|32.87|33.27|32.17|33.05
2019-10-24|33|33.42|32.51|33.28
2019-10-25|33.2|33.48|32.61|32.71
2019-10-28|32.9|33.355|32.5|33.22
2019-10-29|32.37|32.92|31.8146|32.42
2019-10-30|32.51|33.8|32.11|33.75
2019-10-31|33.23|33.36|31.26|31.5
2019-11-01|31.45|31.7|30.7412|31.37
2019-11-04|31.45|31.75|30.12|31.08
2019-11-05|29.13|29.3|27.97|28.02
2019-11-06|26.06|27.55|25.58|26.94
2019-11-07|26.8|27.42|26.45|27.38
2019-11-08|27.48|27.62|26.915|27.01
2019-11-11|27.03|27.21|26.23|27.14
2019-11-12|27.38|27.66|26.66|26.7
2019-11-13|26.47|26.82|26.14|26.71
2019-11-14|26.8|26.86|25.665|25.99
2019-11-15|26.18|26.8|25.955|26.79
2019-11-18|26.8|27|26.3|26.75
2019-11-19|26.77|27.22|26.61|27.05
2019-11-20|27.06|28.4|26.945|28.03
2019-11-21|28.67|29.6|28.5|29.46
2019-11-22|29.84|30.13|29.21|29.56
2019-11-25|28.69|29.6|28.38|29.11
2019-11-26|29.49|30.15|29.36|29.53
2019-11-27|29.42|29.59|28.88|29.49
2019-11-29|29.41|29.85|29.25|29.6
2019-12-02|29.32|29.525|28.7|28.98
2019-12-03|28.2|29.33|28.15|29.02
2019-12-04|29.1|29.2|28.7|29.06
2019-12-05|28.94|28.99|28.18|28.65
2019-12-06|28.4|28.925|27.8001|27.86
2019-12-09|27.96|28.36|27.68|27.68
2019-12-10|27.73|27.993|27.605|27.89
2019-12-11|27.99|28.545|27.8497|28.42
2019-12-12|28.29|28.75|28.19|28.69
2019-12-13|28.58|28.84|28.27|28.49
2019-12-16|29.11|30.13|29.1|30.05
2019-12-17|30.37|30.42|29.53|29.75
2019-12-18|29.62|30.14|29.34|30.13
2019-12-19|29.84|30.17|29.5301|29.99
2019-12-20|30.1|31.03|29.85|30.45
2019-12-23|30.49|30.94|29.83|30.33
2019-12-24|30.33|30.84|30.11|30.44
2019-12-26|30.47|30.79|30.03|30.67
2019-12-27|30.8|31.06|30.17|30.17
2019-12-30|30.13|30.2|29.35|29.74
2019-12-31|29.11|29.95|28.9|29.74
2020-01-02|29.94|31|29.79|30.99
2020-01-03|30.62|31.43|30.48|31.37
2020-01-06|31.01|32.06|31|31.58
2020-01-07|31.79|32.84|31.36|32.81
2020-01-08|32.73|34.52|32.46|33.93
2020-01-09|34.45|34.47|33.22|33.97
2020-01-10|34.08|34.99|33.835|34.01
2020-01-13|34.29|34.34|33.55|34.14
2020-01-14|34.2|35.02|33.92|34.84
2020-01-15|34.9|35.1493|34.51|35.01
2020-01-16|35.03|35.06|34.18|34.68
2020-01-17|34.97|35.25|34.65|35.13
2020-01-21|35.5|37.8|35.41|37.6
2020-01-22|37.94|37.94|36.92|37.04
2020-01-23|36.97|37.95|36.725|37.4
2020-01-24|37.5|37.665|36.25|36.8
2020-01-27|35.23|36.65|34.19|36.3
2020-01-28|37.14|37.33|36.04|37.01
2020-01-29|36.98|37.565|36.8|36.99
2020-01-30|36.82|37.1319|35.95|36.68
2020-01-31|37|37.04|35.69|36.29
2020-02-03|36.75|37.64|36.53|37.59
2020-02-04|37.87|38.99|37.26|38.53
2020-02-05|38.89|38.97|36.735|36.81
2020-02-06|37.3|37.39|36.73|37.09
2020-02-07|39.98|41|38.86|40.63
2020-02-10|40.65|41.34|39.96|40.01
2020-02-11|40.25|41.465|40.05|41.27
2020-02-12|41.5|41.86|41.065|41.25
2020-02-13|40.93|41.55|40|40.09
2020-02-14|40.02|40.31|38.7|39.66
2020-02-18|39.49|40.27|39.45|40.18
2020-02-19|40.42|41.23|40.115|41.05
2020-02-20|41|41.19|39.85|40.92
2020-02-21|40.89|40.89|40.05|40.72
2020-02-24|38.21|39.14|37.75|38.31
2020-02-25|38.9|39.15|35.5|35.89
2020-02-26|35.53|36.165|33.89|34.45
2020-02-27|32.03|34.16|30.67|32.45
2020-02-28|31.81|34.29|31|33.87
2020-03-02|34.05|34.08|31.74|32.85
2020-03-03|34.02|34.18|31.9|33.04
2020-03-04|33.93|35.34|32.28|34.53
2020-03-05|33.47|33.57|31.97|32.21
2020-03-06|31.23|32.41|30.45|31.68
2020-03-09|28.5|30.32|28.15|28.17
2020-03-10|29.47|29.86|27|28.97
2020-03-11|27.91|28.14|25.61|26.24
2020-03-12|23.26|24.69|22.11|22.61
2020-03-13|24.01|24.81|21.13|22.6
2020-03-16|20.15|21.49|19.1|20.29
2020-03-17|20.18|20.31|18.01|18.91
2020-03-18|17.76|17.8|13.71|14.82
2020-03-19|15.96|21.26|15.7|20.49
2020-03-20|22.53|23.89|20.61|21.33
2020-03-23|21.07|22.73|19.73|22.4
2020-03-24|24.41|26.84|23.59|26.39
2020-03-25|26.18|28.45|25.3104|26.19
2020-03-26|26.6|28.44|25.78|28.12
2020-03-27|25.82|28.03|25.07|27.28
2020-03-30|26.33|28.39|25.31|27.83
2020-03-31|27.75|28.25|26.92|27.92
2020-04-01|26.5|26.767|24.8101|25.42
2020-04-02|25.01|25.2|23|23.68
2020-04-03|23.73|23.79|21.67|22.82
2020-04-06|24.13|26.09|23.93|25.99
2020-04-07|27.95|28.11|25.5|25.74
2020-04-08|26|27.8781|25.79|26.94
2020-04-09|27.88|28.89|26.46|27.11
2020-04-13|27.04|28.08|26.47|27.99
2020-04-14|28|28.77|27.013|27.75
2020-04-15|26.82|27.79|26.44|27.41
2020-04-16|27.21|28.05|26.46|27.03
2020-04-17|28.69|28.79|27.26|28
2020-04-20|27.07|28.76|26.9|28.19
2020-04-21|27.5|28.15|26.6|27.19
2020-04-22|27.97|28.56|27.51|28.24
2020-04-23|28.75|29.25|28.2414|28.33
2020-04-24|28.51|29.59|28.14|29.49
2020-04-27|29.74|30.49|29.4112|30.08
2020-04-28|31|31.83|29.36|30.12
2020-04-29|31|32|30.33|31.37
2020-04-30|30.5|31.05|29.75|30.27
2020-05-01|29.13|29.72|28.325|28.39
2020-05-04|27.56|28.07|26.58|27.42
2020-05-05|28.25|28.9088|27.44|28.07
2020-05-06|27.5|28.06|26.81|27.82
2020-05-07|29.6|31.65|29.58|30.93
2020-05-08|32.59|33.3|31.64|32.79
2020-05-11|31.98|32.385|31.41|31.64
2020-05-12|31.42|34.45|30.41|32.4
2020-05-13|32.3|33.06|30.83|33.02
2020-05-14|32.53|33.0399|31.24|32.79
2020-05-15|32.26|32.89|31.59|32.47
2020-05-18|33.7|36|32.99|33.62
2020-05-19|33.68|34|32.86|33.4
2020-05-20|34.12|34.77|33.82|34.48
2020-05-21|34.45|35.01|33.47|34.26
2020-05-22|34.15|34.93|33.57|34.83
2020-05-26|35.97|36|34.5|34.56
2020-05-27|34.42|35|33.1|34.88
2020-05-28|34.9|35.1|33.82|34.15
2020-05-29|34.18|36.45|34|36.32
2020-06-01|35.64|36.39|35.16|35.82
2020-06-02|36.16|36.42|35.26|35.81
2020-06-03|36.2|37.3678|36.14|36.75
2020-06-04|36.42|37.3|36.28|36.43
2020-06-05|37.53|38.7825|36.92|37.21
2020-06-08|37.87|37.9|36.09|37.08
2020-06-09|36.7|37.33|36.25|36.59
2020-06-10|36.69|36.8|34.265|34.83
2020-06-11|32.63|33.245|30.8904|31.1
2020-06-12|32.73|32.74|31.04|32.24
2020-06-15|31.16|32.68|31.0201|32.67
2020-06-16|34|34.17|32.43|33.49
2020-06-17|33.5|33.595|33.011|33.29
2020-06-18|33|33.44|32.8|33.4
2020-06-19|33.98|34.02|32.27|32.3
2020-06-22|32.43|32.85|31.43|32.68
2020-06-23|32.88|33.21|32.5901|33.05
2020-06-24|32.75|32.93|30.455|30.46
2020-06-25|30|30.855|29.56|30.58
2020-06-26|30.44|30.44|29.2099|29.61
2020-06-29|29.51|29.75|28.39|29.63
2020-06-30|30.83|31.25|30.13|31.08
2020-07-01|30.96|31.265|30.1622|30.43
2020-07-02|31.02|31.57|30.51|30.68
2020-07-06|33.1|33.2|31.76|32.52
2020-07-07|32.46|33.5598|32.39|32.82
2020-07-08|33.21|33.97|32.68|33.93
2020-07-09|34.24|34.46|32.2599|33.15
2020-07-10|33.14|33.55|32.65|33.14
2020-07-13|33.21|33.6|31.66|31.72
2020-07-14|31.35|31.38|30.48|30.93
2020-07-15|32.1|32.97|31.68|32.81
2020-07-16|32.05|32.59|31.55|32.35
2020-07-17|32.58|32.8162|31.85|32.55
2020-07-20|32.48|33.925|32.35|33.66
2020-07-21|34.16|34.23|32.53|32.55
2020-07-22|32.44|32.88|32.33|32.66
2020-07-23|32.33|33.02|31.983|32.17
2020-07-24|31.74|31.8|30.47|31.18
2020-07-27|31.21|31.6|30.75|30.99
2020-07-28|30.79|31.24|30.35|30.81
2020-07-29|30.92|31.26|30.77|31.02
2020-07-30|30.65|30.68|29.97|30.24
2020-07-31|30.4|30.42|29.785|30.26
2020-08-03|30.24|31.295|30.06|31.19
2020-08-04|31.17|32.845|31.17|32.68
2020-08-05|33.1|33.32|32.5|33.2
2020-08-06|33.27|34.795|33.21|34.71
2020-08-07|33.09|33.7|32.45|32.9
2020-08-10|33.04|33.18|31.51|32.27
2020-08-11|31.66|32.21|30.65|31.21
2020-08-12|31.46|32.22|30.69|30.84
2020-08-13|30.52|31.33|30.32|30.46
2020-08-14|30.4|30.49|29.815|29.99
2020-08-17|30.05|30.12|29.14|29.48
2020-08-18|29.5|30.46|29.41|30.08
2020-08-19|30.15|30.349|29.39|29.42
2020-08-20|29.13|31.7|28.48|31.41
2020-08-21|31.39|31.82|30.7144|30.83
2020-08-24|30.97|31.3|30.37|31.04
2020-08-25|31.04|31.19|30.6|31.19
2020-08-26|31.01|32.71|30.95|32.3
2020-08-27|32.4|33.07|32.27|32.8
2020-08-28|33|33.94|32.82|33.8
2020-08-31|33.62|33.92|33.1401|33.63
2020-09-01|33.45|34.51|33.145|34.3
2020-09-02|34.21|34.505|33.29|34.37
2020-09-03|34.08|34.74|32.95|33.41
2020-09-04|33.33|33.65|31.55|33.24
2020-09-08|32.36|35.1|32.16|34.32
2020-09-09|34.11|35.5|34.11|35.01
2020-09-10|35.2|36.78|35.19|35.98
2020-09-11|36.3|37.145|36.254|36.98
2020-09-14|37.1|38|37.08|37.95
2020-09-15|37.95|38.48|37.27|37.47
2020-09-16|37.39|38.52|37.39|37.66
2020-09-17|36.68|37.445|36.14|37.06
2020-09-18|37.15|37.565|36.39|37.12
2020-09-21|35.86|36.58|35.12|36.49
2020-09-22|36.53|36.55|34.1|34.4
2020-09-23|34.45|34.805|33.4|33.55
2020-09-24|33.66|34|32.89|33.35
2020-09-25|33.2|34.5|33.2|34.46
2020-09-28|35.8|36.625|35.26|35.56
2020-09-29|35.56|35.65|34.595|35.43
2020-09-30|35.28|36.5|35.28|36.48
2020-10-01|36.86|37.8282|36.58|37.14
2020-10-02|36|37.99|35.94|37.72
2020-10-05|37.7|38|36.88|37.14
2020-10-06|37.17|37.37|36.04|36.26
2020-10-07|36.59|37.11|36.365|36.78
2020-10-08|37|37.83|36.96|37.34
2020-10-09|37.91|38.35|37.19|37.27
2020-10-12|37.56|37.56|36.175|36.26
2020-10-13|36.22|36.23|35.02|35.56
2020-10-14|35.69|36.09|35.075|35.11
2020-10-15|34.68|34.81|34.02|34.26
2020-10-16|34.78|34.8|33.61|33.72
2020-10-19|34.16|34.59|34|34.22
2020-10-20|34.53|36.76|34.53|36.31
2020-10-21|36.25|36.25|34.8751|35.2
2020-10-22|35.42|36.89|34.9146|36.7
2020-10-23|36.5|36.99|35.9238|36.75
2020-10-26|36.5|36.74|35.12|35.49
2020-10-27|35.51|35.7|34.02|34.16
2020-10-28|33.62|33.66|32.9|33.65
2020-10-29|33.71|34.935|33.33|34.06
2020-10-30|33.91|34.3903|33.155|33.41
2020-11-02|34.15|35.05|34.06|34.81
2020-11-03|35.27|36.15|35.15|35.77
2020-11-04|40.66|42.15|39|40.99
2020-11-05|40.33|42.05|40.01|41.96
2020-11-06|42.09|45.38|41.62|44.87
2020-11-09|48.01|49.62|47.3|48.18
2020-11-10|46.74|49.36|46.045|47
2020-11-11|46.72|47.52|45.91|46.23
2020-11-12|45.39|47.47|45.05|46.4
2020-11-13|47.11|47.79|45.93|47.61
2020-11-16|48.74|50.09|48.48|49.21
2020-11-17|48.72|49.62|48.5|48.89
2020-11-18|48.77|49.95|48.33|49.11
2020-11-19|49.1|49.91|48.65|49.26
2020-11-20|49.98|50.75|48.27|48.43
2020-11-23|48.66|50.88|48.51|50.04
2020-11-24|50.62|52.15|50.4838|51.26
2020-11-25|51.27|51.45|49.92|50.8
2020-11-27|50.93|51.19|50.2|50.72
2020-11-30|50.22|51.005|48.53|49.66
2020-12-01|50|51.41|49.07|49.63
2020-12-02|49.26|53.45|48.53|53.09
2020-12-03|53.3|53.49|52.12|52.52
2020-12-04|52.71|54.86|52.71|54.86
2020-12-07|54.59|54.87|53.65|53.8
2020-12-08|52.4|54.22|52.35|53.01
2020-12-09|53.98|56.02|53.06|53.79
2020-12-10|52.33|54.62|51.3|54.35
2020-12-11|54.47|55.025|52.33|52.63
2020-12-14|53.27|53.44|51.24|51.46
2020-12-15|52.12|52.825|50.87|51
2020-12-16|51.18|51.68|50.29|50.49
2020-12-17|50.59|51.3|50.17|50.63
2020-12-18|50.81|50.95|49.52|50.62
2020-12-21|49|52.35|48.79|51.8
2020-12-22|52.11|54.36|51.92|53.78
2020-12-23|53.8|54.09|52.99|53.71
2020-12-24|53.6|53.625|52.29|52.88
2020-12-28|53.02|53.13|51.56|51.97
2020-12-29|52.33|52.99|51.47|52.27
2020-12-30|52.72|53.85|52.22|53.15
2020-12-31|53.28|53.28|51|51
2021-01-04|52.22|52.32|49.635|51.14
2021-01-05|51|54.19|50.76|54.01
2021-01-06|53.31|54.07|52|52.48
2021-01-07|53.37|56.25|53.2|56.13
2021-01-08|54.395|54.79|52.58|53.28
2021-01-11|53.11|55|52.99|54.59
2021-01-12|55.5|59.39|55|58.54
2021-01-13|58.54|59.88|57.53|59.4
2021-01-14|60|60.03|56.7|56.91
2021-01-15|57.49|57.9|55|55.52
2021-01-19|56.39|56.8424|55|56.3
2021-01-20|57|57.98|55.47|56.38
2021-01-21|56.57|57|55.3136|55.79
2021-01-22|55.25|55.47|54.01|54.31
2021-01-25|54.5|54.52|49.65|54.29
2021-01-26|54.62|55.52|51.53|51.92
2021-01-27|49.97|50.86|47.15|48.11
2021-01-28|50.12|52.52|49.88|51.58
2021-01-29|50.63|51.4899|49.635|50.93
2021-02-01|52.12|52.9|51.35|52.76
2021-02-02|55.11|58.03|54.89|56.46
2021-02-03|57.87|58.13|56.74|57.12
2021-02-04|56.45|57.85|56.11|57.85
2021-02-05|58.16|58.7075|57.37|58.58
2021-02-08|59.7|60.11|58.69|59.29
2021-02-09|58.91|61.06|58.62|59.61
2021-02-10|62|63.5|60.8|63.18
2021-02-11|63.25|64.05|60.395|60.71
2021-02-12|60.12|60.93|59.315|60.63
2021-02-16|61.02|61.31|59.84|60.52
2021-02-17|60.33|60.95|58.95|60.81
2021-02-18|60|60.29|58.23|59
2021-02-19|58.36|60.4572|58.113|58.39
2021-02-22|57.76|58.1|54.8157|55.31
2021-02-23|53.5|56.37|51.89|56
2021-02-24|54.95|55.15|53.66|53.91
2021-02-25|54.58|54.6|50.86|51.45
2021-02-26|52.07|52.75|50.61|51.75
2021-03-01|53.67|54.76|53.3|54.4
2021-03-02|55.54|55.62|54.1894|54.65
2021-03-03|55.93|57.8|54.65|56.11
2021-03-04|55.75|57.16|51.61|53.07
2021-03-05|54.28|55.83|50.81|55.54
2021-03-08|55.5|56.45|52.89|53.2
2021-03-09|56|56.15|54.72|55.25
2021-03-10|57.21|58.9|56.27|57.68
2021-03-11|58.8|59.48|58.22|58.95
2021-03-12|58.97|60.59|57.62|60.35
2021-03-15|60.35|60.53|59.12|60.19
2021-03-16|59.99|61.02|58.38|58.85
2021-03-17|57.07|57.57|55.54|56.36
2021-03-18|56.63|57.48|55.21|55.69
2021-03-19|55.48|57.18|54.34|57.08
2021-03-22|57.25|57.61|55.47|55.69
2021-03-23|55.63|55.63|53.11|53.49
2021-03-24|54.46|54.96|52.54|52.57
2021-03-25|52|54.28|51.8|53.89
2021-03-26|54.41|55.25|53.52|54.71
2021-03-29|54.8|54.8|52.85|53.35
2021-03-30|52.99|54.12|52.64|53.46
2021-03-31|53.96|55.18|53.58|54.51
2021-04-01|55.61|57.63|54.81|57.6
2021-04-05|58.1|58.42|56.64|57.4
2021-04-06|57.34|58.99|57.16|58.05
2021-04-07|58.02|58.13|55.95|56.89
2021-04-08|56.65|57.94|56.54|57.83
2021-04-09|57.32|57.88|56.4|57.68
2021-04-12|59.05|60.77|58.75|59.44
2021-04-13|59.65|61.01|58.53|60.64
2021-04-14|60.11|61.5|59.18|59.23
2021-04-15|59.88|61.09|59.5501|60.74
2021-04-16|60.74|60.85|59.54|60.35
2021-04-19|60|60.2201|57.52|57.85
2021-04-20|58|58.12|55.244|55.48
2021-04-21|55|56.2|54.61|55.77
2021-04-22|55.85|57.2189|55.19|56.28
2021-04-23|56.56|57.95|56.39|57.93
2021-04-26|58.05|58.36|57.33|57.61
2021-04-27|58.32|58.4|57.05|57.16
2021-04-28|56.88|58.48|56.66|58.44
2021-04-29|59|59.22|53.11|54.93
2021-04-30|54.3|55.65|54.11|54.77
2021-05-03|55.12|56.13|54.84|54.85
2021-05-04|54.52|54.72|52.01|52.99
2021-05-05|53.87|54.07|50.63|51.18
2021-05-06|48.39|49.81|45.72|46.65
2021-05-07|47.22|48.6|46.5346|47.03
2021-05-10|47.71|47.85|45.6|45.79
2021-05-11|44.5|46.79|44.182|46.21
2021-05-12|45.9|46.105|43.17|43.81
2021-05-13|44.99|46.1|43.5601|44.48
2021-05-14|45.03|47.71|44.85|47.42
2021-05-17|47.24|47.94|46.51|47.51
2021-05-18|49.67|50.29|48.525|49.17
2021-05-19|47.53|49.83|47.37|49.47
2021-05-20|49.57|49.95|48.76|49.33
2021-05-21|49.57|49.95|48.76|48.82
2021-05-24|49.33|50.4|48.85|50.03
2021-05-25|50.74|51.59|50.44|50.46
2021-05-26|50.32|51.36|49.76|51.12
2021-05-27|51.44|51.69|48.72|50.71
2021-05-28|50.675|51.74|50.47|50.83
2021-06-01|51.62|51.66|49.84|50.98
2021-06-02|51.19|51.41|50.55|50.79
2021-06-03|50.43|50.5|48.53|48.7
2021-06-04|49.56|50.22|49.07|50.18
2021-06-07|50.49|51.22|49.75|50.76
2021-06-08|50.7|51.4|48.66|49.88
2021-06-09|50|50.17|49.11|49.14
2021-06-10|49.69|49.895|48.425|49.55
2021-06-11|50.03|50.36|49.535|50.01
2021-06-14|50.06|51.49|49.56|50.77
2021-06-15|49.55|49.955|49.09|49.3
2021-06-16|49.35|49.66|48.29|48.89
2021-06-17|48.96|49.835|48.31|49.7
2021-06-18|49.31|50.39|48.775|49.7
2021-06-21|49.72|49.86|47.9|48.12
2021-06-22|48.3|49.34|47.75|49.05
2021-06-23|49.06|50.77|49.01|50.51
2021-06-24|51.3|51.55|50.22|50.82
2021-06-25|51.18|51.83|50.53|51.73
2021-06-28|51.75|52.36|50.365|51.11
2021-06-29|51|51.3|50.24|50.76
2021-06-30|51.02|51.13|49.71|50.12
2021-07-01|50.88|51.6|50.02|50.59
2021-07-02|50.57|51.825|50.39|51.71
2021-07-06|50.6|52.03|50.4|50.8
2021-07-07|50.8|51.03|48.54|48.68
2021-07-08|47.16|48.21|46.57|47.55
2021-07-09|47.84|49.25|47.71|49.07
2021-07-12|48.87|49.29|48.09|48.41
2021-07-13|48.49|48.59|47.75|48.08
2021-07-14|48.28|48.59|47.11|47.15
2021-07-15|46.86|47.46|46.15|46.42
2021-07-16|46.4|47.09|46.01|46.19
2021-07-19|45|45.7466|44.435|45.56
2021-07-20|45.46|46.66|45.07|46.32
2021-07-21|46.53|47.94|46.35|47.52
2021-07-22|47.7|48.17|47.24|47.57
2021-07-23|47.61|47.69|46.78|47.46
2021-07-26|47.04|47.6|46.37|46.81
2021-07-27|46.54|46.6599|44.765|45.82
2021-07-28|45.88|46.9632|45.81|46.14
2021-07-29|44.12|45.21|44|44.69
2021-07-30|44.38|44.73|43.34|43.46
2021-08-02|44.1|44.29|43.445|43.49
2021-08-03|43.56|43.68|41.62|42.79
2021-08-04|42.7|42.82|41.37|41.81
2021-08-05|40.5|44.65|40.15|43.07
2021-08-06|43.74|44.935|43.65|44.28
2021-08-09|44.19|44.27|43.21|43.25
2021-08-10|43.7|44.24|43.25|43.5
2021-08-11|43.41|43.5|42|43.08
2021-08-12|42.86|42.965|42.18|42.73
2021-08-13|42.8|43.03|42.2|42.22
2021-08-16|41.76|41.79|40.86|41.5
2021-08-17|41|41.48|40.58|41
2021-08-18|40.97|41.53|40.8|40.88
2021-08-19|40.28|40.6|39.51|39.86
2021-08-20|39.69|40.0799|39.2399|39.95
2021-08-23|39|41.08|38.84|41
2021-08-24|41.1|41.21|39.97|40.17
2021-08-25|40.44|42.11|40.04|41.55
2021-08-26|41.49|41.94|40.54|40.62
2021-08-27|40.53|41.31|40.5|40.69
2021-08-30|40.58|40.74|39.11|39.59
2021-08-31|39.81|40.275|39.125|39.14
2021-09-01|39.98|41.665|39.87|40.62
2021-09-02|40.75|41.86|40.5365|41.4
2021-09-03|41.22|41.575|40.23|40.32
2021-09-07|40.49|41.08|40.31|40.95
2021-09-08|40.85|41.34|39.83|40.07
2021-09-09|40.1|40.95|39.84|40.35
2021-09-10|40.62|40.83|39.865|39.89
2021-09-13|40.26|41.19|39.26|40.07
2021-09-14|39.9|40.1|38.55|39.01
2021-09-15|39|39|38.08|38.48
2021-09-16|38.3|39.67|38.09|39.52
2021-09-17|39.9|40.225|39.29|39.75
2021-09-20|38.88|40.22|38.73|39.79
2021-09-21|42.34|45|42.18|44.36
2021-09-22|44.9|46.62|44.61|44.87
2021-09-23|45.35|45.84|44.71|45.48
2021-09-24|45.46|47.045|45.291|46.63
2021-09-27|46.77|47.43|46.19|47.25
2021-09-28|46.7|47|45.76|45.98
2021-09-29|46|46.53|44.3|44.52
2021-09-30|44.71|45.365|43.86|44.8
2021-10-01|45.915|47.25|45.79|47.05
2021-10-04|46.4699|46.83|45.2|45.72
2021-10-05|45.91|46.08|45.345|45.61
2021-10-06|45.33|47.18|45|47.01
2021-10-07|47.64|48.2384|46.89|47.91
2021-10-08|48.08|48.88|47.605|47.77
2021-10-11|47.7|47.87|46.28|46.29
2021-10-12|46.33|47.05|46.155|46.72
2021-10-13|46.26|47|45.94|46.41
2021-10-14|46.98|47.94|46.84|47.28
2021-10-15|47.91|48.84|47.34|48.36
2021-10-18|47.68|47.95|46.75|47.07
2021-10-19|47.2|47.69|46.74|47.05
2021-10-20|47.15|47.54|45.93|46
2021-10-21|45.97|47.54|45.52|46.47
2021-10-22|46|46.5|45.23|45.51
2021-10-25|45.67|46.07|45.0173|45.72
2021-10-26|46.28|47.69|45.86|46.02
2021-10-27|46.47|46.55|44.165|44.73
2021-10-28|45|45.4117|44.3833|44.62
2021-10-29|44.49|44.8|43.57|43.82
2021-11-01|44.07|45.025|43.65|44.36
2021-11-02|44.34|44.35|42.3309|42.89
2021-11-03|45.33|46.26|44.71|45.72
2021-11-04|45.54|46.53|44.99|45.27
2021-11-05|47.5|48.74|46.61|47.19
2021-11-08|47.08|47.645|45.82|45.89
2021-11-09|45.91|45.98|43.68|45.51
2021-11-10|44.9|45.25|42.6|43.38
2021-11-11|43.32|43.72|42.44|43.28
2021-11-12|43.57|45.13|43.57|45.12
2021-11-15|45.11|45.26|43.56|43.61
2021-11-16|45.54|46.66|44.8607|45.76
2021-11-17|45.36|45.64|43.9|44.11
2021-11-18|44.53|45.325|43.575|45
2021-11-19|43.93|44.72|43.5|44.23
2021-11-22|43.96|44.4|41.805|42.6
2021-11-23|42.38|43.1399|41.6|42.68
2021-11-24|42|42.37|41.24|42.08
2021-11-26|39.61|40.62|38.77|40.52
2021-11-29|41.06|41.25|38.78|39.7
2021-11-30|39.25|39.95|37.035|38
2021-12-01|39.45|39.5|35.8|36.02
2021-12-02|36.55|38.395|36.45|38.12
2021-12-03|37.42|37.84|35.26|35.85
2021-12-06|35.95|38.69|35.44|38.49
2021-12-07|39.4|40.22|37.76|38.08
2021-12-08|38.3|39.41|38.01|38.81
2021-12-09|38.44|38.7|37.475|37.54
2021-12-10|37.41|37.87|36.61|36.67
2021-12-13|36.18|36.308|34.88|35.73
2021-12-14|35.25|38.45|35.21|37.26
2021-12-15|36.91|38.375|36.24|37.83
2021-12-16|38.25|38.5765|37.125|37.7
2021-12-17|37.2|40|36.74|39.68
2021-12-20|38.45|40.1491|38.08|39.7
2021-12-21|39.82|42.08|39.82|41.97
2021-12-22|41.95|43.23|41.45|43.02
2021-12-23|43.03|44.35|42.76|43.91
2021-12-27|43.44|44.24|42.8201|42.96
2021-12-28|42.6|43.74|42.3|42.54
2021-12-29|42.72|42.93|41.815|42.46
2021-12-30|42.29|43.34|42.2|42.66
2021-12-31|42.53|43.12|41.93|41.93
2022-01-03|42.48|44.405|41.89|43.95
2022-01-04|44.23|44.8|42.58|44.42
2022-01-05|44.29|45.9|42.86|43.24
2022-01-06|43.11|44.08|40.97|42.03
2022-01-07|42|42.65|41.2|41.51
2022-01-10|41.48|42.81|40.16|42.6
2022-01-11|42.36|44.17|42.19|43.62
2022-01-12|43.99|44.1|42.535|43.04
2022-01-13|43.34|43.92|42.725|42.87
2022-01-14|42.4|42.72|40.355|41.51
2022-01-18|40.96|40.96|38.37|38.41
2022-01-19|38.21|38.89|37.115|37.86
2022-01-20|38.29|39.64|37.75|37.82
2022-01-21|37.41|37.6|35.845|35.94
2022-01-24|34.91|36.42|33.51|36.28
2022-01-25|35.47|36.09|34.515|34.82
2022-01-26|36.07|36.68|34.45|34.8
2022-01-27|35.37|35.79|33.94|34.09
2022-01-28|34.17|35.22|32.81|35.21
2022-01-31|35.34|37.54|35.3|37.4
2022-02-01|37.63|38.705|37.2|38.61
2022-02-02|38.53|38.62|37.03|37.17
2022-02-03|36.08|36.74|34.3|34.54
2022-02-04|35|37.355|34.36|37.05
2022-02-07|36.985|39.05|36.985|37.54
2022-02-08|37.25|38.57|36.95|38.34
2022-02-09|38.81|40.4|38.16|40.19
2022-02-10|41|42.56|37.35|37.75
2022-02-11|37.96|38.65|34.48|35.29
2022-02-14|35.2|35.99|34.32|34.59
2022-02-15|35.44|37.21|35.11|37.09
2022-02-16|36.63|37.39|36.27|36.58
2022-02-17|36.13|37.43|35.41|35.71
2022-02-18|35.52|36.325|34.67|34.68
2022-02-22|34.21|35.1|33.28|33.68
2022-02-23|33.89|34.2099|32.3|32.39
2022-02-24|29.97|34.95|29.71|34.87
2022-02-25|34.84|35.2717|34.01|34.98
2022-02-28|35.26|36.31|34.9845|36.03
2022-03-01|35.45|35.6|33.65|33.89
2022-03-02|34|34.22|32.97|34.04
2022-03-03|34.22|34.2914|31.415|31.72
2022-03-04|31.5|31.73|29.27|29.83
2022-03-07|31.48|31.9384|28.55|28.57
2022-03-08|28.51|31.57|28.2777|30.74
2022-03-09|31.75|32.73|31.2|31.5
2022-03-10|30.86|31.145|29.84|30.41
2022-03-11|31.3|31.39|30.42|30.76
2022-03-14|30.51|30.55|28.8|29.27
2022-03-15|29.52|30.41|29.06|29.8
2022-03-16|30.53|32.635|30.27|32.61
2022-03-17|32.34|32.92|31.57|32.85
2022-03-18|32.52|33.42|32.33|33.36
2022-03-21|32.82|32.82|31.25|31.98
2022-03-22|31.93|33.6|31.84|33.35
2022-03-23|32.71|33.68|32.57|33.06
2022-03-24|34.74|34.95|33.44|34.7
2022-03-25|34.55|34.92|33.55|34.06
2022-03-28|34.14|34.91|33.73|34.77
2022-03-29|35.57|37.45|35.57|37.19
2022-03-30|36.66|37.0885|36.205|36.58
2022-03-31|36.5|36.73|35.37|35.68
2022-04-01|35.68|36.48|35.4|35.98
2022-04-04|36.4|36.93|36.215|36.51
2022-04-05|36.35|36.61|34.72|34.96
2022-04-06|33.855|34|32.55|33.41
2022-04-07|33.34|33.34|31.02|32.27
2022-04-08|31.92|32.551|31.58|32.05
2022-04-11|31.36|32.69|31.11|32.04
2022-04-12|32.4|33.095|31.71|31.99
2022-04-13|32|33.11|31.93|32.63
2022-04-14|32.86|33.465|32.64|32.68
2022-04-18|32.55|32.605|31.42|31.79
2022-04-19|32.16|33.99|31.97|33.8
2022-04-20|33.99|34.32|33.18|33.21
2022-04-21|34.25|34.41|31.37|31.68
2022-04-22|31.62|32.225|30.8|30.83
2022-04-25|30.59|32.5|30.46|32.44
2022-04-26|32.04|32.2|31|31.33
2022-04-27|31.1|31.98|30.16|30.68
2022-04-28|31|32.87|30.98|32.82
2022-04-29|32.52|33.15|31.41|31.48
2022-05-02|31.24|31.35|29.51|30.39
2022-05-03|30.15|30.59|28.85|29.47
2022-05-04|27.41|28.4|25.9|28.1
2022-05-05|27.87|28.83|26.2|26.83
2022-05-06|26.84|26.84|24.75|26.07
2022-05-09|25.41|26.065|22.8|23.05
2022-05-10|23.85|24.55|22.8|23.67
2022-05-11|23.28|24.15|22.5|22.57
2022-05-12|22.15|24.06|21.69|23.29
2022-05-13|23.88|24.8711|23.68|24.39
2022-05-16|24.31|24.46|23.4|23.59
2022-05-17|24.32|24.9|23.59|24.2
2022-05-18|23.98|24.1882|22.34|22.46
2022-05-19|22.29|23.81|22.2|23.24
2022-05-20|23.81|24.1|22.41|23.35
2022-05-23|23.32|23.83|22.71|23.78
2022-05-24|23.69|23.74|21.41|21.55
2022-05-25|21.71|22.355|21.275|22.04
2022-05-26|22.15|23.28|21.925|23.1
2022-05-27|23.49|24.13|23.33|23.67
2022-05-31|23.5|23.9|23.034|23.2
2022-06-01|23.53|23.87|22.565|22.94
2022-06-02|23.07|24.83|22.94|24.74
2022-06-03|24.17|24.495|23.725|24.15
2022-06-06|24.86|25.435|24.28|24.73
2022-06-07|24.2|25.7|24.07|25.3
2022-06-08|25.7|26.55|25.3|25.83
2022-06-09|25.94|26.69|25.355|25.44
2022-06-10|24.8|24.9709|23.65|23.72
2022-06-13|22.22|22.585|21.3429|21.57
2022-06-14|21.72|21.9523|20.8936|21.09
2022-06-15|21.34|22.39|21.24|22.03
2022-06-16|21.04|21.4|20.155|20.47
2022-06-17|20.37|21.96|20.37|21.81
2022-06-21|22|22.46|21.69|21.76
2022-06-22|21.41|22.21|21.3|21.5
2022-06-23|21.63|22.44|21.39|22.37
2022-06-24|22.48|23.19|22.3|23.03
2022-06-27|23.45|23.64|22.345|22.86
2022-06-28|22.97|23.46|22.04|22.08
2022-06-29|22.11|22.15|21.08|21.47
2022-06-30|21.11|21.1255|19.895|20.46
2022-07-01|20.7|21.37|20.43|21.34
2022-07-05|21.17|22.55|20.83|22.52
2022-07-06|21.5|22.08|21.32|21.5
2022-07-07|21.64|22.7589|21.61|22.74
2022-07-08|22.43|22.96|21.8321|22.34
2022-07-11|21.95|22.25|21.14|21.19
2022-07-12|21.28|21.78|20.975|21.57
2022-07-13|20.93|21.61|20.72|21.5
2022-07-14|21.25|21.465|20.5905|20.65
2022-07-15|21|21.78|20.765|21.67
2022-07-18|22.17|23.2|22.11|22.58
2022-07-19|22.75|23.08|22.19|22.67
2022-07-20|22.89|24.22|22.805|24.12
2022-07-21|24.02|24.25|23.6|24.23
2022-07-22|24.33|24.81|23.085|23.3
2022-07-25|23.27|23.54|22.63|23.35
2022-07-26|23.15|23.15|22.45|22.55
2022-07-27|23|23.3199|22.49|23.09
2022-07-28|22.89|23.42|22.14|23.31
2022-07-29|23.18|23.485|22.39|23.45
2022-08-01|23.43|24.62|22.885|24.6
2022-08-02|28.49|29.43|27.1|29.25
2022-08-03|29.72|31.43|29.36|30.19
2022-08-04|29.78|32.23|29.6|31.85
2022-08-05|31.2|32.63|31.04|32.01
2022-08-08|32.33|32.955|31.66|31.85
2022-08-09|31.37|31.55|30.72|31.06
2022-08-10|32.44|33.19|32.23|32.8
2022-08-11|33.16|33.36|32.0415|32.24
2022-08-12|32.59|32.76|31.7|32.47
2022-08-15|32.1|32.91|31.93|32.49
2022-08-16|32.08|32.725|31.33|32.38
2022-08-17|31.65|31.71|30.44|30.72
2022-08-18|30.56|30.62|29.86|30.15
2022-08-19|29.5|29.57|28.63|29.01
2022-08-22|28.34|28.805|27.87|28
2022-08-23|28.06|28.675|27.75|27.81
2022-08-24|27.93|29.22|27.85|28.71
2022-08-25|28.89|29.64|28.81|29.62
2022-08-26|29.51|29.71|28.3601|28.58
2022-08-29|28.1|29.19|28.06|28.74
2022-08-30|29.18|29.29|28.12|28.71
2022-08-31|29.11|29.8799|28.75|28.76
2022-09-01|28.17|28.95|27.69|28.92
2022-09-02|29.5|29.635|28.6499|29.05
2022-09-06|29.34|29.37|28.28|28.89
2022-09-07|28.91|30.15|28.82|30.03
2022-09-08|29.42|30.9|29.29|30.68
2022-09-09|31|32.05|30.89|31.78
2022-09-12|31.95|32.62|31.85|32.5
2022-09-13|30.69|31.78|30.22|31.32
2022-09-14|31.25|33.14|31.1|33.05
2022-09-15|32.95|34.325|32.7401|33.13
2022-09-16|30.96|32.145|30.88|31.93
2022-09-19|31.44|31.98|31.06|31.49
2022-09-20|31.49|32.56|31.19|31.49
2022-09-21|31.45|31.675|30.35|30.47
2022-09-22|30.19|30.19|28.53|28.58
2022-09-23|28.01|28.34|27.36|27.82
2022-09-26|27.71|28.16|26.82|26.89
2022-09-27|27.67|28.49|27.16|27.57
2022-09-28|27.43|28.16|27.19|28.04
2022-09-29|27.66|27.72|26|26.42
2022-09-30|26.16|27.31|26.16|26.5
2022-10-03|26.76|26.9|25.96|26.72
2022-10-04|27.625|29.25|27.5995|29.19
2022-10-05|28.48|29.65|28.31|29.18
2022-10-06|29.2|30.24|28.96|29.73
2022-10-07|28.83|28.86|27.92|28.07
2022-10-10|28.24|28.45|27.23|27.53
2022-10-11|25.545|26.05|22.94|24.66
2022-10-12|25.05|26.115|24.56|25.98
2022-10-13|24.47|26.025|24.19|25
2022-10-14|25.65|26.07|24.66|24.71
2022-10-17|25.26|26.265|25.08|25.94
2022-10-18|27.07|27.71|26.495|27.61
2022-10-19|27.06|27.73|26.85|27.53
2022-10-20|27.32|28.68|27.24|27.87
2022-10-21|27.5|28.435|27.16|28.02
2022-10-24|27.71|27.98|26.51|27.65
2022-10-25|28|28.545|27.33|28.36
2022-10-26|28.17|28.9801|27.865|28.2
2022-10-27|28.4|28.76|27.66|27.82
2022-10-28|27.81|27.88|26.49|27.5
2022-10-31|27.61|27.73|26.3|26.57
2022-11-01|30.07|30.9999|29.12|29.75
2022-11-02|29.57|30.16|28.63|28.81
2022-11-03|28.03|29.52|27.71|28.73
2022-11-04|29.44|29.725|28.04|28.39
2022-11-07|28.705|28.825|27.615|27.69
2022-11-08|27.57|28.33|26.82|27.44
2022-11-09|27.31|28.005|26.44|26.55
2022-11-10|28.38|29.32|28.1|28.85
2022-11-11|28.95|30.435|28.7|29.15
2022-11-14|28.85|29.7|28.79|29.07
2022-11-15|30.25|31.815|30|31.57
2022-11-16|30.95|31.16|29.83|30.04
2022-11-17|29.1|29.5|28.4|28.88
2022-11-18|29.21|29.405|28.7|28.96
2022-11-21|28.52|28.71|28.01|28.25
2022-11-22|28.27|28.33|27.3117|28.08
2022-11-23|28.36|28.94|28.14|28.79
2022-11-25|28.71|28.88|28.24|28.5
2022-11-28|28.11|28.655|27.73|27.76
2022-11-29|28.05|28.23|27.58|27.76
2022-11-30|27.8|29.14|27.64|29.14
2022-12-01|29.22|29.6|28.3|28.34
2022-12-02|27.38|28.78|27.19|28.75
2022-12-05|28.41|28.86|27.65|27.7
2022-12-06|27.7|27.86|26.7|26.92
2022-12-07|26.61|26.87|26.02|26.4
2022-12-08|26.52|27.03|26.2761|26.45
2022-12-09|26.4|26.96|26.24|26.55
2022-12-12|26.42|27.23|26.11|27.03
2022-12-13|28.03|28.455|26.91|26.98
2022-12-14|27.07|27.82|26.77|27.47
2022-12-15|26.98|27.11|25.88|26.24
2022-12-16|26.06|26.45|25.66|25.97
2022-12-19|26.02|26.02|24.69|24.95
2022-12-20|24.72|25.28|24.61|24.96
2022-12-21|25.15|25.67|24.8709|25.36
2022-12-22|24.93|25.1|24.0415|24.64
2022-12-23|24.46|24.725|24.162|24.64
2022-12-27|24.29|24.7|23.9|24.4
2022-12-28|24.21|24.72|24.02|24.59
2022-12-29|24.75|25.375|24.29|24.91
2022-12-30|24.42|24.85|24.24|24.73
2023-01-03|25.37|25.75|25.02|25.36
2023-01-04|25.73|25.97|25.32|25.91
2023-01-05|25.73|26.01|25.55|25.55
2023-01-06|25.86|26.54|25.4|26.4
2023-01-09|27.3|28.05|27.15|27.4
2023-01-10|27.4|28.25|27.15|28.04
2023-01-11|28.24|28.52|27.92|28.35
2023-01-12|28.85|29.185|28.2|29.03
2023-01-13|28.68|29.5|28.66|29.44
2023-01-17|29.44|29.78|28.955|29.2
2023-01-18|29.95|30.09|28.885|28.96
2023-01-19|28.47|29.2854|28.34|29.03
2023-01-20|29.3|30.39|29.12|30.36
2023-01-23|30.63|31.11|30.265|30.53
2023-01-24|28.51|31.2|27|29.93
2023-01-25|29.22|30.4|28.8|30.29
2023-01-26|30.53|30.6472|29.31|30.02
2023-01-27|29.7|30.5968|29.5|30.36
2023-01-30|30.2|30.54|29.59|29.63
2023-01-31|29.75|30.96|29.74|30.93
2023-02-01|30.88|31.85|30.64|31.49
2023-02-02|32.42|33.47|32.42|33.05
2023-02-03|32.17|33.95|32.15|33.09
2023-02-06|33.53|34.21|32.9|33.9
2023-02-07|33.66|35.06|33.41|34.9
2023-02-08|37.43|37.58|34.5|36.83
2023-02-09|36.89|37.36|35.65|35.89
2023-02-10|34.4|35.3986|34.05|34.3
2023-02-13|34.5|34.52|33.35|33.44
2023-02-14|33.11|35.36|32.7239|35.23
2023-02-15|35.01|36.24|34.715|36.23
2023-02-16|35.6|36.73|35.452|36.22
2023-02-17|35.96|36.23|34.57|34.77
2023-02-21|33.78|34.39|33.49|34.2
2023-02-22|34.35|35.17|34.22|34.54
2023-02-23|34.79|34.7999|33.7|34.47
2023-02-24|33.7|33.92|33.02|33.4
2023-02-27|33.675|33.85|33.06|33.55
2023-02-28|33.75|34|33.165|33.26
2023-03-01|33.43|33.58|32.89|32.99
2023-03-02|32.54|33.8|32.23|33.69
2023-03-03|34|34.59|33.8|34.57
2023-03-06|34.585|35.11|33.85|33.88
2023-03-07|33.85|35|33.6|34.14
2023-03-08|34.01|34.63|33.52|34.01
2023-03-09|34.41|34.52|32.28|32.32
2023-03-10|32|32.035|30.77|31.11
2023-03-13|30.585|31.085|29.97|30.82
2023-03-14|32.94|33.42|32.16|32.36
2023-03-15|31.83|32.235|31.385|31.97
2023-03-16|31.59|32.9|31.55|32.73
2023-03-17|32.38|32.47|31.51|31.78
2023-03-20|31.6|32.36|31.46|31.93
2023-03-21|32.33|33.14|32.23|32.86
2023-03-22|32.58|32.72|31.5|31.52
2023-03-23|31.88|32.2001|30.7503|31.18
2023-03-24|30.94|31.15|30.29|30.75
2023-03-27|31.03|31.04|30.14|30.62
2023-03-28|30.53|30.8599|29.98|30.07
2023-03-29|30.62|30.9|30.2|30.87
2023-03-30|31.5|31.85|30.88|31.19
2023-03-31|31.42|31.845|31.21|31.7
2023-04-03|31.5|31.755|31.1674|31.46
2023-04-04|31.94|32.1295|31.285|31.39
2023-04-05|30.95|31.235|30.47|31.12
2023-04-06|30.93|31.49|30.5|31.18
2023-04-10|30.96|31.785|30.61|31.74
2023-04-11|31.75|31.8|30.88|31.12
2023-04-12|31.19|31.4499|30.4|30.59
2023-04-13|30.835|31.59|30.69|31.44
2023-04-14|31.31|31.62|30.9302|31.48
2023-04-17|32.19|32.19|31.63|32.08
2023-04-18|32.37|32.93|31.61|31.73
2023-04-19|31.35|32.37|31.16|32.04
2023-04-20|31.52|32.04|31.4|31.5
2023-04-21|31.36|31.46|29.71|30.83
2023-04-24|30.68|31.06|30.23|30.68
2023-04-25|30.34|30.47|29.5539|29.59
2023-04-26|29.7|30.12|29.465|29.68
2023-04-27|30.07|30.1699|29.22|29.7
2023-04-28|29.62|31.27|29.415|31.05
2023-05-01|32|33|31.76|32.74
2023-05-02|35.02|36.625|34.23|36.52
2023-05-03|36.75|38.35|36.35|37.84
2023-05-04|37.48|37.8|36.685|37.49
2023-05-05|37.48|37.95|36.87|37.75
2023-05-08|37.82|38.93|37.48|38.83
2023-05-09|38.49|38.58|37.905|38.19
2023-05-10|38.6|38.95|38.1699|38.79
2023-05-11|38.64|39.18|38.34|38.42
2023-05-12|38.64|39.23|38.2|38.45
2023-05-15|38.34|38.48|37.99|38.14
2023-05-16|37.93|38.15|37.44|37.44
2023-05-17|37.73|37.955|37.36|37.84
2023-05-18|37.98|39.49|37.76|39.25
2023-05-19|39.25|39.49|38.915|39.18
2023-05-22|39.13|40.5|39.076|39.17
2023-05-23|38.99|39.65|38.51|38.66
2023-05-24|38.05|38.66|37.77|37.96
2023-05-25|38.48|38.585|37.525|37.95
2023-05-26|38.24|38.76|38.22|38.45
2023-05-30|38.73|39.06|37.56|37.56
2023-05-31|37.25|38.05|37.07|37.93
2023-06-01|37.5|38.5|37.265|38.48
2023-06-02|39|39.89|39|39.73
2023-06-05|39.5|40.79|39.46|40.42
2023-06-06|40.2488|40.73|39.93|40.25
2023-06-07|40.24|40.25|38.61|38.99
2023-06-08|39.18|40.63|39.04|40.26
2023-06-09|40.05|41|40.02|40.99
2023-06-12|41.26|41.745|41.06|41.74
2023-06-13|41.75|41.83|40.89|41.41
2023-06-14|41.3|41.59|40.57|41.27
2023-06-15|41.02|43.75|40.94|43.36
2023-06-16|43.07|43.665|42.53|43.52
2023-06-20|42.77|43.47|42.02|42.17
2023-06-21|42.5|43.2178|41.77|42.66
2023-06-22|42.3|43.87|42.21|42.81
2023-06-23|42.59|43.755|42.33|43.34
2023-06-26|43.75|45.04|43.68|44.42
2023-06-27|44.69|44.83|43.75|43.83
2023-06-28|43.5|45.24|43.32|44.24
2023-06-29|44.09|44.28|42.11|42.58
2023-06-30|43.11|43.4299|42.92|43.17
2023-07-03|43.17|43.4|42.58|43.09
2023-07-05|42.89|43.88|42.89|43.66
2023-07-06|42.99|43|41.87|42.11
2023-07-07|42.07|43.12|41.9412|42.91
2023-07-10|42.58|43.2|42.44|42.78
2023-07-11|42.1|44.67|41.746|44.36
2023-07-12|45|45.22|43.97|44.52
2023-07-13|45.21|45.935|44.6218|45.64
2023-07-14|45.905|46.4|44.56|44.75
2023-07-17|44.68|45.65|44.5|45.51
2023-07-18|45.34|47.75|45.34|47.41
2023-07-19|47.1|47.9|46.55|47.12
2023-07-20|46.07|47.5|45.86|46.57
2023-07-21|46.55|47.34|46.2804|47.23
2023-07-24|47.06|47.55|46.84|47.32
2023-07-25|47.2|47.73|46.93|47.17
2023-07-26|47.05|47.555|46.62|47.31
2023-07-27|48|48.09|46.355|46.61
2023-07-28|47.14|48.43|46.71|48.14
2023-07-31|48.85|49.49|48.15|49.46
2023-08-01|48.67|49.03|46.01|46.65
2023-08-02|46.055|47.705|45.67|46.96
2023-08-03|46.22|47.85|45.79|45.91
2023-08-04|46|46.38|45.02|45.2
2023-08-07|45.01|45.53|44.38|44.95
2023-08-08|44.5|45.24|44.085|45.16
2023-08-09|45.25|45.46|43.84|44.11
2023-08-10|44.13|45.18|44.09|44.6
2023-08-11|44|44.3|43.31|43.71
2023-08-14|43.5|44.885|42.95|44.85
2023-08-15|44.7|44.88|44.01|44.08
2023-08-16|43.98|44.33|43.4|43.65
2023-08-17|44.18|44.86|43.91|43.97
2023-08-18|43.27|44.84|43.19|44.69
2023-08-21|44.98|45.3|44.01|44.63
2023-08-22|44.94|45.18|44.02|44.35
2023-08-23|44|45.615|44|45.14
2023-08-24|45.24|45.7199|44.64|44.68
2023-08-25|44.71|44.84|43.08|43.96
2023-08-28|44.11|44.5199|43.71|44.15
2023-08-29|44.21|45.585|44.1201|45.35
2023-08-30|45.35|46.75|45.3|46.51
2023-08-31|46.69|47.57|46.52|47.23
2023-09-01|47.51|47.6999|46.83|47.04
2023-09-05|46.87|47.14|46.3|46.55
2023-09-06|46.34|46.85|45.61|45.9
2023-09-07|45.5|46.68|45.25|46.27
2023-09-08|46.34|47.25|46.27|47.24
2023-09-11|47.74|48.97|47.65|48.94
2023-09-12|48.34|49.1881|47.9|47.92
2023-09-13|47.51|48.3599|47.28|48.16
2023-09-14|48.63|48.695|47.805|48.32
2023-09-15|48.19|48.49|47.27|47.52
2023-09-18|47.3|47.348|46.48|46.51
2023-09-19|46.4|47.755|46.21|47.59
2023-09-20|46.865|47.54|46.4|46.55
2023-09-21|45.79|45.79|43.93|44.6
2023-09-22|45.16|45.345|44.03|44.41
2023-09-25|44.14|45.11|44.11|44.91
2023-09-26|44.5|45.389|44.045|44.27
2023-09-27|44.51|45.4725|44.44|45.14
2023-09-28|44.92|46.58|44.92|46.14
2023-09-29|46.75|46.92|45.85|45.99
2023-10-02|45.57|46.29|45.1016|45.68
2023-10-03|45.36|45.605|44.325|44.51
2023-10-04|44.79|45.485|44.18|44.94
2023-10-05|44.84|44.93|43.65|44.61
2023-10-06|44.06|45.945|44.06|45.78
2023-10-09|45.15|45.6|44.58|45.45
2023-10-10|45.75|47.275|45.55|46.63
2023-10-11|46.9|47.21|46.265|46.64
2023-10-12|46.54|47.04|45.6|45.95
2023-10-13|45.82|46.29|42.7|43.48
2023-10-16|43.765|45|43.465|44.71
2023-10-17|44.41|45.26|44.05|44.38
2023-10-18|43.9|44.2|42.91|43
2023-10-19|43.02|43.27|42.185|42.72
2023-10-20|42.72|43.3501|42.26|42.96
2023-10-23|42.53|43.97|42.25|43.04
2023-10-24|43.5|44.325|43.385|44.19
2023-10-25|43.3|43.49|42.065|42.35
2023-10-26|42.14|42.3|40.09|40.62
2023-10-27|41.21|42.145|40.8|41.23
2023-10-30|42.01|43|42.01|42.73
2023-10-31|42.82|43.53|42.2|43.28
2023-11-01|43.25|44|42.91|43.83
2023-11-02|45.35|46.86|45.25|46.48
2023-11-03|46.92|48.15|46.63|47.75
2023-11-06|47.94|48.3|47.43|48.14
2023-11-07|47|50.04|46.68|49.92
2023-11-08|50.04|50.3|48.9|49.5
2023-11-09|49.3|50.68|49.02|50.05
2023-11-10|50.01|52.1|49.9|51.58
2023-11-13|51.17|52.42|50.72|52.24
2023-11-14|52.9|54.31|52.39|53.88
2023-11-15|53.92|54.26|53.16|53.76
2023-11-16|53.5|54.51|53.15|54.42
2023-11-17|54.13|54.51|54.01|54.44
2023-11-20|53.83|55.355|53.76|54.75
2023-11-21|54.23|55.08|53.89|54.85
2023-11-22|55.1|55.82|54.96|55.37
2023-11-24|55.15|55.9363|55.07|55.32
2023-11-27|55.47|56.455|55.29|56.06
2023-11-28|55.98|56.45|55.69|56.21
2023-11-29|56.49|57.13|56.145|56.4
2023-11-30|56.61|56.77|55.53|56.38
2023-12-01|56.67|57.865|56.25|57.35
2023-12-04|60.01|60.92|58.57|58.63
2023-12-05|58.01|58.66|57.7006|57.97
2023-12-06|58.37|59.98|58.36|59.75
2023-12-07|59.67|60.995|59.525|60.98
2023-12-08|60.51|62.25|60.51|61.7
2023-12-11|61.53|62.99|60.94|62.46
2023-12-12|62.065|63.025|61.8301|62.72
2023-12-13|62.71|62.88|61.45|61.97
2023-12-14|62.01|62.81|60.61|62.5
2023-12-15|62.16|63.53|61.41|61.86
2023-12-18|62.01|62.49|61.33|61.73
2023-12-19|61.88|62.7|61.69|62.12
2023-12-20|61.49|62.28|60.62|60.68
2023-12-21|61.24|61.76|60.825|61.46
2023-12-22|61.7|62.235|61.28|61.71
2023-12-26|61.71|62.2|61.3136|61.98
2023-12-27|62|63.43|62|63.28
2023-12-28|63.45|63.53|62.835|63.14
2023-12-29|62.36|63.14|61.3|61.57
2024-01-02|60.73|60.91|57.93|58.38
2024-01-03|57.48|58.895|57.33|58.25
2024-01-04|58.25|58.985|57.73|57.8
2024-01-05|58.11|58.51|57.22|57.58
2024-01-08|58.09|59.16|57.85|59.01