2018-08-01|31.22|31.55|31.17|31.25
2018-08-02|30.98|31.31|30.87|31.28
2018-08-03|31.18|31.51|31.16|31.51
2018-08-06|31.45|31.59|31.3247|31.52
2018-08-07|31.55|31.8|31.49|31.51
2018-08-08|31.51|31.91|31.48|31.8
2018-08-09|31.73|31.79|31.55|31.6
2018-08-10|31.23|31.325|30.9|31.19
2018-08-13|31.08|31.12|30.45|30.48
2018-08-14|30.61|30.9|30.42|30.79
2018-08-15|30.48|30.62|30.155|30.36
2018-08-16|30.56|30.84|30.52|30.72
2018-08-17|30.66|30.855|30.545|30.74
2018-08-20|30.69|30.925|30.65|30.87
2018-08-21|30.91|31.25|30.83|31.02
2018-08-22|30.92|31.085|30.88|30.98
2018-08-23|30.94|30.98|30.74|30.84
2018-08-24|30.94|31.08|30.85|30.89
2018-08-27|31.03|31.49|30.99|31.31
2018-08-28|31.36|31.41|31.19|31.27
2018-08-29|31.24|31.31|31.07|31.14
2018-08-30|31.02|31.15|30.95|31.01
2018-08-31|30.88|30.95|30.62|30.93
2018-09-04|30.91|31.16|30.82|31.14
2018-09-05|31.07|31.24|30.97|31.18
2018-09-06|31.05|31.11|30.73|30.85
2018-09-07|31|31.12|30.63|30.86
2018-09-10|30.88|31|30.75|30.82
2018-09-11|30.72|30.9|30.7|30.85
2018-09-12|30.88|30.96|30.38|30.43
2018-09-13|30.53|30.67|30.08|30.14
2018-09-14|30.13|30.39|30.11|30.37
2018-09-17|30.34|30.49|30.15|30.28
2018-09-18|30.33|30.4|30.13|30.21
2018-09-19|30.13|31.2|30.13|31
2018-09-20|31.3|31.37|31.14|31.19
2018-09-21|31.34|31.37|30.97|31.03
2018-09-24|30.98|31.2|30.66|30.74
2018-09-25|30.85|31.04|30.6|30.67
2018-09-26|30.71|30.74|30.06|30.13
2018-09-27|30.24|30.31|29.93|29.94
2018-09-28|29.65|29.85|29.42|29.46
2018-10-01|29.68|29.94|29.54|29.65
2018-10-02|29.58|29.72|29.2705|29.58
2018-10-03|29.81|30.175|29.72|30
2018-10-04|30.17|30.79|30.14|30.43
2018-10-05|30.6|30.65|30.05|30.23
2018-10-08|30.05|30.42|29.91|30.27
2018-10-09|30.03|30.19|29.87|29.98
2018-10-10|29.98|30.13|29.21|29.24
2018-10-11|28.89|29.25|28.26|28.36
2018-10-12|28.99|29.04|27.73|28.46
2018-10-15|28.49|28.62|27.64|27.92
2018-10-16|28.24|28.58|27.9|28.53
2018-10-17|28.37|29.19|28.16|28.9
2018-10-18|28.67|28.9|28.14|28.25
2018-10-19|28.14|28.52|27.97|28.32
2018-10-22|28.32|28.35|27.31|27.38
2018-10-23|26.39|27.2|26.105|27.02
2018-10-24|26.86|26.9|26.08|26.19
2018-10-25|26.38|26.93|26.18|26.59
2018-10-26|26.33|26.58|25.88|26.39
2018-10-29|26.69|27.18|26.29|26.61
2018-10-30|26.76|26.86|26.32|26.78
2018-10-31|27.1|27.88|27.06|27.5
2018-11-01|27.77|28|27.61|27.81
2018-11-02|28.01|28.38|27.52|27.89
2018-11-05|27.95|28.24|27.89|28.06
2018-11-06|28.02|28.245|27.74|28.21
2018-11-07|28.415|28.67|28.14|28.54
2018-11-08|28.5|29.12|28.43|28.87
2018-11-09|28.75|28.89|28.384|28.52
2018-11-12|28.38|28.52|27.64|27.75
2018-11-13|27.75|28.14|27.69|27.76
2018-11-14|27.95|28.1|26.78|27.21
2018-11-15|27.14|27.97|26.88|27.9
2018-11-16|27.69|27.89|27.42|27.75
2018-11-19|27.78|28.02|27.54|27.75
2018-11-20|27.42|27.57|26.97|27.38
2018-11-21|27.59|27.76|27.25|27.27
2018-11-23|27.08|27.17|26.88|26.97
2018-11-26|27.18|27.73|27.1|27.56
2018-11-27|27.43|27.9|27.39|27.74
2018-11-28|27.88|28.47|27.56|28.43
2018-11-29|28.18|28.35|27.97|28.04
2018-11-30|27.94|28.63|27.87|28.4
2018-12-03|28.99|29.035|28.355|28.54
2018-12-04|28.32|28.32|26.73|26.99
2018-12-06|26.23|26.32|25.5321|26.28
2018-12-07|26.15|26.54|25.3|25.43
2018-12-10|25.18|25.23|24.29|24.76
2018-12-11|25.21|25.4|24.53|24.58
2018-12-12|24.87|24.99|24.37|24.52
2018-12-13|24.66|24.82|24.28|24.4
2018-12-14|24.18|24.87|24.12|24.48
2018-12-17|24.26|24.93|24.16|24.47
2018-12-18|24.67|25.09|24.3118|24.47
2018-12-19|24.45|25.24|24.07|24.18
2018-12-20|23.85|24.425|23.76|24.11
2018-12-21|23.91|24.51|23.26|23.37
2018-12-24|22.76|23.21|22.66|22.73
2018-12-26|22.91|24.175|22.69|24.11
2018-12-27|23.78|24.37|23.39|24.37
2018-12-28|24.59|24.75|24.26|24.39
2018-12-31|24.57|24.97|24.37|24.64
2019-01-02|24.08|25.14|24.01|24.96
2019-01-03|24.94|25.04|24.45|24.56
2019-01-04|25.1|25.65|25.03|25.58
2019-01-07|25.56|25.78|25.29|25.56
2019-01-08|25.72|25.79|25.09|25.51
2019-01-09|25.67|25.845|25.39|25.76
2019-01-10|25.56|25.78|25.42|25.73
2019-01-11|25.53|26.04|25.46|26.03
2019-01-14|25.77|26.48|25.61|26.37
2019-01-15|26.21|26.81|26.05|26.55
2019-01-16|28.13|28.715|27.86|28.45
2019-01-17|28.34|29|28.09|28.99
2019-01-18|29.02|29.46|28.71|29.3
2019-01-22|28.98|29.3|28.89|29.09
2019-01-23|29.22|29.28|28.62|28.92
2019-01-24|28.75|29.2|28.74|29.08
2019-01-25|29.28|29.72|29.135|29.58
2019-01-28|29.32|29.67|29.29|29.63
2019-01-29|29.54|29.7|29.34|29.39
2019-01-30|29.42|29.47|28.95|29.07
2019-01-31|28.75|28.84|27.98|28.47
2019-02-01|28.6|28.84|28.31|28.38
2019-02-04|28.47|28.97|28.415|28.88
2019-02-05|28.85|28.88|28.57|28.78
2019-02-06|28.67|28.9|28.54|28.73
2019-02-07|28.54|28.64|27.9|28.24
2019-02-08|28.15|28.32|27.86|28.29
2019-02-11|28.34|28.46|28.21|28.41
2019-02-12|28.62|28.86|28.58|28.69
2019-02-13|28.87|28.99|28.66|28.7
2019-02-14|28.36|28.62|28.11|28.39
2019-02-15|28.76|29.31|28.67|29.11
2019-02-19|28.93|29.26|28.75|29.13
2019-02-20|29.1|29.45|29.01|29.41
2019-02-21|29.33|29.45|29.11|29.29
2019-02-22|29.05|29.27|28.96|29.08
2019-02-25|29.12|29.59|29.12|29.27
2019-02-26|29.02|29.63|28.96|29.29
2019-02-27|29.3|29.67|29.205|29.53
2019-02-28|29.5|29.55|29.01|29.08
2019-03-01|29.33|29.65|29.21|29.31
2019-03-04|29.33|29.54|28.77|29.03
2019-03-05|29.02|29.19|28.7|29.08
2019-03-06|29.01|29.16|28.8|28.84
2019-03-07|28.67|28.72|28.26|28.55
2019-03-08|28.06|28.67|28.01|28.65
2019-03-11|28.7|29.06|28.7|28.94
2019-03-12|29|29.12|28.89|28.94
2019-03-13|29.05|29.51|28.98|29.29
2019-03-14|29.31|29.64|29.24|29.46
2019-03-15|29.44|29.61|29.26|29.3
2019-03-18|29.38|29.96|29.33|29.82
2019-03-19|30.01|30.14|29.54|29.65
2019-03-20|29.62|29.66|28.6|28.64
2019-03-21|28.45|28.6|28.04|28.18
2019-03-22|27.91|28.07|26.71|27.01
2019-03-25|26.91|27.38|26.61|26.84
2019-03-26|27.15|27.35|26.88|27.21
2019-03-27|27.09|27.37|26.945|27.03
2019-03-28|27.2|27.41|27.02|27.33
2019-03-29|27.55|27.68|27.3|27.59
2019-04-01|27.9|28.74|27.85|28.54
2019-04-02|28.47|28.87|28.35|28.87
2019-04-03|29.07|29.24|28.7|28.84
2019-04-04|28.85|29.31|28.84|29.15
2019-04-05|29.32|29.495|28.98|29.08
2019-04-08|28.89|29.2|28.87|29.17
2019-04-09|29|29.07|28.74|28.89
2019-04-10|28.9|29.15|28.75|29.07
2019-04-11|29.25|29.49|28.99|29.07
2019-04-12|29.56|30.22|29.56|30.17
2019-04-15|30.1|30.14|29.6632|29.84
2019-04-16|29.3|30.05|29|29.88
2019-04-17|29.83|30.12|29.46|30.03
2019-04-18|29.95|30.16|29.82|30.03
2019-04-22|29.93|30.1|29.78|30.05
2019-04-23|29.99|30.21|29.92|30.07
2019-04-24|29.95|30.17|29.85|30.02
2019-04-25|29.91|30.32|29.895|30.08
2019-04-26|30.17|30.39|30.05|30.35
2019-04-29|30.43|31.17|30.41|30.77
2019-04-30|30.8|30.88|30.41|30.58
2019-05-01|30.56|30.89|30.18|30.26
2019-05-02|30.26|30.56|30.15|30.5
2019-05-03|30.66|30.8|30.5|30.71
2019-05-06|30.11|30.61|30.07|30.47
2019-05-07|30.16|30.17|29.63|29.92
2019-05-08|29.73|30.11|29.665|29.8
2019-05-09|29.42|29.78|29.28|29.71
2019-05-10|29.46|29.71|29.19|29.58
2019-05-13|28.96|29|28.05|28.25
2019-05-14|28.36|28.99|28.21|28.62
2019-05-15|28.1|28.49|28.01|28.29
2019-05-16|28.46|28.83|28.425|28.59
2019-05-17|28.25|28.64|28.22|28.4
2019-05-20|28.4|28.52|28.235|28.4
2019-05-21|28.57|28.75|28.45|28.69
2019-05-22|28.51|28.63|28.35|28.49
2019-05-23|28.13|28.2|27.5|27.76
2019-05-24|27.93|28.26|27.86|28.18
2019-05-28|28.05|28.25|27.88|27.9
2019-05-29|27.53|27.85|27.38|27.75
2019-05-30|27.77|27.93|26.98|27.16
2019-05-31|26.5|26.8653|26.48|26.6
2019-06-03|26.59|26.99|26.4|26.68
2019-06-04|27.18|27.95|27.14|27.92
2019-06-05|27.84|28.01|27.46|27.91
2019-06-06|27.76|28.04|27.54|27.88
2019-06-07|27.75|27.79|27.42|27.53
2019-06-10|27.86|28.47|27.84|28.07
2019-06-11|28.38|28.7|28.14|28.24
2019-06-12|28.2|28.27|27.86|27.95
2019-06-13|27.97|28.16|27.81|27.94
2019-06-14|27.91|28.17|27.78|28.04
2019-06-17|28.01|28.22|27.79|27.93
2019-06-18|28.02|28.8|27.83|28.62
2019-06-19|28.7|28.965|28.3|28.32
2019-06-20|28.59|28.61|27.85|28.27
2019-06-21|28.19|28.55|28.08|28.12
2019-06-24|28.08|28.38|27.89|27.98
2019-06-25|28.02|28.02|27.38|27.76
2019-06-26|27.94|28.18|27.85|27.91
2019-06-27|28.08|28.3201|28.06|28.21
2019-06-28|29.01|29.27|28.73|29
2019-07-01|29.48|29.85|29.25|29.42
2019-07-02|29.34|29.43|28.93|29.15
2019-07-03|29.19|29.24|28.925|29.05
2019-07-05|29.36|29.57|29.15|29.26
2019-07-08|29.01|29.3|28.94|29.2
2019-07-09|28.97|29.42|28.94|29.35
2019-07-10|29.17|29.395|28.96|29.02
2019-07-11|29.1|29.5|29.03|29.36
2019-07-12|29.44|29.53|29.36|29.45
2019-07-15|29.5|29.53|29.08|29.22
2019-07-16|29.17|29.2|28.86|28.99
2019-07-17|29.1|29.62|29|29.19
2019-07-18|29.28|29.58|29.18|29.48
2019-07-19|29.54|29.61|29.38|29.4
2019-07-22|29.29|29.61|29.28|29.57
2019-07-23|29.75|30.28|29.7|30.25
2019-07-24|30.07|30.75|30.04|30.67
2019-07-25|30.74|30.89|30.21|30.34
2019-07-26|30.57|30.99|30.42|30.77
2019-07-29|30.72|30.85|30.49|30.52
2019-07-30|30.21|30.9|30.15|30.89
2019-07-31|30.83|31.06|30.59|30.68
2019-08-01|30.55|31.065|29.36|29.49
2019-08-02|29.36|29.5|28.91|29.38
2019-08-05|28.53|28.64|27.71|28.08
2019-08-06|28.41|28.49|27.69|28.42
2019-08-07|27.61|27.93|27.12|27.89
2019-08-08|28.11|28.49|28.07|28.38
2019-08-09|28.27|28.52|27.97|28.33
2019-08-12|27.83|27.85|27.46|27.64
2019-08-13|27.57|28.25|27.38|27.72
2019-08-14|26.94|27.08|26.28|26.42
2019-08-15|26.58|26.8303|26.21|26.25
2019-08-16|26.53|27.12|26.44|27.03
2019-08-19|27.64|27.7|27.14|27.27
2019-08-20|27.02|27.06|26.7|26.72
2019-08-21|26.93|27.08|26.79|26.93
2019-08-22|27.09|27.3|26.96|27.19
2019-08-23|26.95|27.215|26.26|26.47
2019-08-26|26.7|26.8|26.49|26.78
2019-08-27|26.86|26.895|26.28|26.47
2019-08-28|26.22|27.08|26.21|26.85
2019-08-29|27|27.45|26.92|27.33
2019-08-30|27.5|27.69|27.35|27.51
2019-09-03|27.21|27.23|26.6108|27.05
2019-09-04|27.32|27.58|27.16|27.49
2019-09-05|27.85|28.43|27.8|28.12
2019-09-06|28.02|28.09|27.57|27.73
2019-09-09|28|28.8469|27.97|28.63
2019-09-10|28.89|29.35|28.81|29.35
2019-09-11|29.37|29.47|28.895|29.46
2019-09-12|29.22|29.8|28.91|29.67
2019-09-13|30|30.32|29.87|30.17
2019-09-16|29.68|30.17|29.64|30.13
2019-09-17|29.85|30.02|29.59|29.94
2019-09-18|29.77|30.15|29.55|30
2019-09-19|30|30.1|29.7516|29.82
2019-09-20|29.97|30.13|29.57|29.59
2019-09-23|29.31|29.62|29.17|29.52
2019-09-24|29.6|29.64|28.74|28.94
2019-09-25|28.78|29.405|28.78|29.25
2019-09-26|29.21|29.33|29.05|29.13
2019-09-27|29.41|29.71|29.21|29.35
2019-09-30|29.49|29.52|29.075|29.17
2019-10-01|29.44|29.51|28.41|28.44
2019-10-02|28.2|28.3|27.81|27.84
2019-10-03|27.76|27.88|27.16|27.81
2019-10-04|27.85|28.395|27.84|28.37
2019-10-07|28.33|28.62|28.18|28.31
2019-10-08|27.87|27.915|27.46|27.63
2019-10-09|27.83|28.07|27.75|27.89
2019-10-10|28.04|28.75|28.04|28.45
2019-10-11|28.99|29.34|28.86|28.91
2019-10-14|28.74|29.16|28.73|29.14
2019-10-15|29.34|30.24|29.11|29.73
2019-10-16|30.37|30.72|30.15|30.17
2019-10-17|30.3|30.54|30|30.26
2019-10-18|30.13|30.49|30.1|30.35
2019-10-21|30.67|31.15|30.63|31.02
2019-10-22|30.97|31.37|30.75|31.2
2019-10-23|31.13|31.44|31.09|31.42
2019-10-24|31.45|31.52|31.2|31.36
2019-10-25|31.36|31.85|31.34|31.72
2019-10-28|31.97|32.23|31.74|31.84
2019-10-29|31.94|32.14|31.81|32.07
2019-10-30|32.01|32.01|31.53|31.62
2019-10-31|31.41|31.62|30.82|31.27
2019-11-01|31.7|31.84|31.3738|31.8
2019-11-04|32.24|32.5|32.1|32.4
2019-11-05|32.51|33.09|32.5|32.82
2019-11-06|32.76|33.06|32.67|32.79
2019-11-07|33.11|33.6|33.01|33.23
2019-11-08|33.07|33.27|32.9342|33.26
2019-11-11|33.03|33.25|32.97|33.18
2019-11-12|33.13|33.32|32.99|33.09
2019-11-13|32.72|32.89|32.48|32.79
2019-11-14|32.69|32.86|32.49|32.7
2019-11-15|32.92|32.9597|32.7|32.93
2019-11-18|32.86|33.03|32.75|32.96
2019-11-19|33.12|33.15|32.82|32.94
2019-11-20|32.79|32.83|32.42|32.69
2019-11-21|32.78|33.04|32.63|32.84
2019-11-22|32.96|33.32|32.94|33.18
2019-11-25|33.33|33.51|33.255|33.47
2019-11-26|33.38|33.4|33.1248|33.35
2019-11-27|33.49|33.6|33.31|33.42
2019-11-29|33.37|33.52|33.24|33.32
2019-12-02|33.45|33.75|33.34|33.43
2019-12-03|32.87|32.9|32.55|32.84
2019-12-04|33.08|33.3|32.85|33.15
2019-12-05|33.16|33.22|33|33.09
2019-12-06|33.68|33.8|33.57|33.67
2019-12-09|33.5|33.7|33.435|33.51
2019-12-10|33.4|33.63|33.3|33.53
2019-12-11|33.48|33.76|33.48|33.64
2019-12-12|33.78|34.805|33.677|34.68
2019-12-13|34.69|34.96|34.345|34.44
2019-12-16|34.95|35.09|34.7|34.7
2019-12-17|34.85|35.27|34.74|35.04
2019-12-18|35.11|35.27|35.05|35.11
2019-12-19|35.15|35.23|34.89|34.95
2019-12-20|35.24|35.24|34.91|34.96
2019-12-23|35.04|35.19|34.95|35.17
2019-12-24|35.19|35.2799|35.12|35.22
2019-12-26|35.32|35.56|35.29|35.52
2019-12-27|35.7|35.72|35.26|35.35
2019-12-30|35.57|35.65|35.09|35.15
2019-12-31|35.03|35.26|34.97|35.22
2020-01-02|35.35|35.66|35.29|35.64
2020-01-03|34.98|35.15|34.76|34.9
2020-01-06|34.41|34.9|34.37|34.85
2020-01-07|34.7|34.92|34.53|34.62
2020-01-08|34.57|35.19|34.55|34.97
2020-01-09|35.3|35.33|34.94|35.03
2020-01-10|35|35.07|34.66|34.74
2020-01-13|34.84|35.07|34.66|35.06
2020-01-14|35.3|35.67|35.11|35.32
2020-01-15|34.765|34.79|34.34|34.67
2020-01-16|34.9|34.99|34.6005|34.72
2020-01-17|34.92|34.95|34.6|34.71
2020-01-21|34.42|34.52|34.22|34.26
2020-01-22|34.37|34.45|34.23|34.36
2020-01-23|34.09|34.26|33.73|34.12
2020-01-24|34.12|34.14|33.27|33.54
2020-01-27|32.57|33.13|32.47|32.85
2020-01-28|33.02|33.49|32.945|33.24
2020-01-29|33.33|33.44|32.98|33.01
2020-01-30|32.7|33.52|32.67|33.48
2020-01-31|33.07|33.17|32.65|32.83
2020-02-03|33|33.4|32.915|32.97
2020-02-04|33.56|33.9|33.53|33.62
2020-02-05|34.1|34.81|34.07|34.71
2020-02-06|34.94|35.01|34.6|34.67
2020-02-07|34.32|34.655|34.245|34.61
2020-02-10|34.44|34.69|34.38|34.69
2020-02-11|34.85|35.04|34.76|34.77
2020-02-12|35.08|35.45|34.785|34.92
2020-02-13|34.76|35.03|34.55|34.91
2020-02-14|34.88|34.96|34.7|34.85
2020-02-18|34.77|34.83|34.01|34.27
2020-02-19|34.45|34.85|34.41|34.72
2020-02-20|34.46|35.08|34.46|34.85
2020-02-21|34.53|34.635|34.135|34.36
2020-02-24|33.18|33.21|32.52|32.73
2020-02-25|32.69|32.76|30.84|31.08
2020-02-26|31.39|31.6|30.56|30.63
2020-02-27|29.55|30.3|28.91|29.13
2020-02-28|28|28.75|27.7|28.5
2020-03-02|28.35|29.38|27.44|29.37
2020-03-03|29.37|29.745|27.62|27.75
2020-03-04|28.25|28.42|27.395|28.39
2020-03-05|27.24|27.35|26.4|26.78
2020-03-06|25.47|26.21|25.1|25.71
2020-03-09|22.23|23.49|21.51|21.93
2020-03-10|23.25|23.675|21.585|23.61
2020-03-11|22.84|23.96|22.26|22.67
2020-03-12|20.59|22.87|20.15|20.51
2020-03-13|22.19|24.25|21.48|24.16
2020-03-16|19.85|21.727|19.58|20.44
2020-03-17|21.06|22.685|20.03|21.98
2020-03-18|20.27|20.97|19.7|20.79
2020-03-19|20.26|21.75|19|21.2
2020-03-20|21.76|21.84|19.56|19.67
2020-03-23|19.26|19.67|17.95|18.08
2020-03-24|19.42|21.15|19.01|21.03
2020-03-25|21.71|22.1|20.4089|21.1
2020-03-26|21.31|22.95|21.17|22.72
2020-03-27|21.68|22.2|21.1|21.6
2020-03-30|21.65|22.35|21.27|22.04
2020-03-31|21.82|22.49|20.96|21.23
2020-04-01|19.93|20.35|19.51|19.77
2020-04-02|19.65|20.79|19.59|20.57
2020-04-03|20.4|20.74|19.6804|20.03
2020-04-06|21.03|21.6|20.81|21.39
2020-04-07|22.8|22.88|21.85|22.14
2020-04-08|22.41|23.6|22.41|23.45
2020-04-09|24.07|25.32|24.05|24.86
2020-04-13|24.78|24.85|23.78|23.92
2020-04-14|24.5|24.65|23.1|23.73
2020-04-15|22.16|22.65|21.91|22.19
2020-04-16|22.15|22.21|21.09|21.42
2020-04-17|22.34|23.4|22.31|23.28
2020-04-20|22.57|23.13|22.18|22.5
2020-04-21|21.9|22.365|21.5|21.64
2020-04-22|22.16|22.23|21.75|21.8
2020-04-23|21.96|22.39|21.85|21.87
2020-04-24|22.11|22.3|21.67|22.18
2020-04-27|22.52|23.65|22.45|23.47
2020-04-28|24.45|24.81|23.845|23.89
2020-04-29|24.91|25.11|24.51|24.78
2020-04-30|24.21|24.38|23.85|24.05
2020-05-01|23.38|23.46|22.8128|23.08
2020-05-04|22.7|22.99|22.43|22.93
2020-05-05|23.48|23.515|22.62|22.66
2020-05-06|23|23.08|22.23|22.35
2020-05-07|22.66|23.37|22.61|22.84
2020-05-08|23.47|23.62|23.25|23.57
2020-05-11|23.11|23.12|22.56|22.58
2020-05-12|22.71|22.82|21.85|21.87
2020-05-13|21.66|21.75|20.72|20.87
2020-05-14|20.29|21.79|20.1|21.71
2020-05-15|21.4|21.6979|21.225|21.44
2020-05-18|22.42|23.06|22.07|22.93
2020-05-19|22.66|23|22.185|22.21
2020-05-20|22.68|23|22.64|22.91
2020-05-21|22.81|23.27|22.78|22.9
2020-05-22|22.93|22.9502|22.46|22.66
2020-05-26|23.75|24.6|23.67|24.28
2020-05-27|26.07|26.17|24.97|25.98
2020-05-28|26.08|26.14|24.79|24.86
2020-05-29|24.42|24.91|24.06|24.12
2020-06-01|24.28|24.87|24.05|24.61
2020-06-02|24.96|25.39|24.56|24.84
2020-06-03|25.5|26.14|25.385|25.99
2020-06-04|25.71|26.83|25.57|26.78
2020-06-05|28.95|29.01|27.88|28.11
2020-06-08|28.59|28.9|28.14|28.54
2020-06-09|27.72|28.54|27.55|28.22
2020-06-10|27.97|28.1|26.51|26.6
2020-06-11|24.98|25.69|23.68|23.93
2020-06-12|25.03|25.05|24.04|24.78
2020-06-15|23.76|25.17|23.69|25.15
2020-06-16|26.18|26.24|24.86|25.8
2020-06-17|25.9|25.9|24.92|25
2020-06-18|24.7|25.49|24.58|25.04
2020-06-19|25.44|25.49|24.49|25.25
2020-06-22|24.89|25.025|24.61|24.62
2020-06-23|25.01|25.41|24.76|24.79
2020-06-24|24.54|24.54|23.68|23.81
2020-06-25|23.7|24.77|23.55|24.72
2020-06-26|24.09|24.11|23.02|23.15
2020-06-29|23.41|23.835|23.1|23.39
2020-06-30|23.2|23.91|23.0999|23.75
2020-07-01|24.03|24.07|23.23|23.26
2020-07-02|23.84|23.99|23.22|23.29
2020-07-06|23.82|24.08|23.46|23.66
2020-07-07|23.38|23.39|22.9|23.01
2020-07-08|23.03|23.19|22.7|23.1
2020-07-09|22.94|23.16|22.39|22.77
2020-07-10|22.71|24.05|22.68|24.02
2020-07-13|24.37|24.51|23.855|24.19
2020-07-14|23.8903|24.145|23.45|24.14
2020-07-15|24.76|24.87|24.28|24.6
2020-07-16|23.75|24.22|23.54|23.93
2020-07-17|23.88|23.975|23.2|23.22
2020-07-20|23.19|23.7|23.11|23.58
2020-07-21|23.71|24.48|23.69|24.42
2020-07-22|24.24|24.33|23.965|24.31
2020-07-23|24.52|24.64|24.11|24.54
2020-07-24|24.56|24.83|24.27|24.35
2020-07-27|24.22|24.27|23.875|24.14
2020-07-28|24.13|24.56|24.075|24.36
2020-07-29|24.36|25.29|24.19|25.27
2020-07-30|24.72|24.95|24.345|24.84
2020-07-31|24.93|24.95|24.46|24.88
2020-08-03|25.03|25.31|24.69|24.99
2020-08-04|24.96|25.06|24.86|25.01
2020-08-05|25.32|25.59|25.25|25.39
2020-08-06|25.45|25.665|25.28|25.47
2020-08-07|25.34|26.1911|25.26|26.11
2020-08-10|26.31|26.81|26.21|26.56
2020-08-11|27.28|27.75|26.78|26.92
2020-08-12|27.48|27.57|26.41|26.73
2020-08-13|26.49|26.67|26.14|26.35
2020-08-14|26.06|26.6601|25.92|26.47
2020-08-17|26.31|26.41|25.84|25.9
2020-08-18|25.87|25.985|25.46|25.53
2020-08-19|25.66|26.08|25.39|25.5
2020-08-20|25.16|25.325|25.02|25.1
2020-08-21|24.98|25.43|24.9|24.98
2020-08-24|25.22|25.7|25.04|25.69
2020-08-25|26.04|26.19|25.73|26
2020-08-26|25.94|25.94|25.54|25.56
2020-08-27|25.49|26.22|25.44|26.05
2020-08-28|26.4|26.47|25.99|26.3
2020-08-31|26.09|26.14|25.69|25.74
2020-09-01|25.58|25.9|25.4|25.71
2020-09-02|25.53|26.1579|25.485|26.02
2020-09-03|26.2|26.62|25.46|25.66
2020-09-04|26.26|26.76|25.8|26.54
2020-09-08|26.14|26.32|25.39|25.48
2020-09-09|25.64|25.72|25.23|25.51
2020-09-10|25.7|25.89|25.08|25.14
2020-09-11|25.22|25.58|25.09|25.5
2020-09-14|25.67|25.99|25.54|25.75
2020-09-15|25.77|25.825|25.19|25.28
2020-09-16|25.28|25.91|25.05|25.6
2020-09-17|25.13|25.4816|25.1|25.35
2020-09-18|25.15|25.58|25.1|25.21
2020-09-21|24.57|24.78|24.03|24.47
2020-09-22|24.27|24.595|23.81|23.94
2020-09-23|24.1|24.26|23.26|23.26
2020-09-24|23.38|23.82|22.95|23.34
2020-09-25|23.28|23.55|23.13|23.49
2020-09-28|23.88|24.31|23.79|24.09
2020-09-29|23.98|23.99|23.525|23.77
2020-09-30|23.78|24.32|23.77|24.09
2020-10-01|24.27|24.41|23.863|24.1
2020-10-02|23.64|24.431|23.57|24.21
2020-10-05|24.52|24.71|24.38|24.62
2020-10-06|24.92|25.19|24.28|24.37
2020-10-07|24.63|25.11|24.6|24.88
2020-10-08|24.95|25.3|24.81|25.24
2020-10-09|25.34|25.49|25.04|25.36
2020-10-12|25.3|25.83|25.24|25.68
2020-10-13|25.64|25.68|24.84|24.95
2020-10-14|24.35|24.59|23.59|23.62
2020-10-15|23.59|24.2|23.48|24.15
2020-10-16|24.2|24.35|23.94|24.24
2020-10-19|24.3|24.32|23.69|23.72
2020-10-20|23.89|24.48|23.88|24.14
2020-10-21|24.22|24.34|24.01|24.05
2020-10-22|24.05|24.91|24|24.87
2020-10-23|25.24|25.26|24.71|24.9
2020-10-26|24.47|24.58|24.15|24.54
2020-10-27|24.29|24.39|23.81|23.85
2020-10-28|23.41|23.66|23.12|23.47
2020-10-29|23.36|23.75|23.12|23.54
2020-10-30|23.49|23.84|23.24|23.7
2020-11-02|23.89|24.26|23.47|24.08
2020-11-03|24.58|24.94|24.51|24.69
2020-11-04|23.89|24.14|23.265|23.68
2020-11-05|23.9|24.7879|23.855|24.61
2020-11-06|24.93|24.96|24.23|24.31
2020-11-09|26.6003|28.27|26.3|27.76
2020-11-10|27.485|27.76|27.18|27.66
2020-11-11|27.75|27.77|27.12|27.34
2020-11-12|26.84|26.9|26.31|26.69
2020-11-13|26.88|27.21|26.755|27
2020-11-16|27.86|28|27.18|27.58
2020-11-17|27.25|27.6|27.01|27.55
2020-11-18|27.63|27.93|26.96|26.98
2020-11-19|26.93|27.01|26.65|26.98
2020-11-20|26.74|26.9459|26.63|26.81
2020-11-23|27.11|27.52|27.06|27.39
2020-11-24|27.93|28.99|27.92|28.98
2020-11-25|28.71|29.04|28.4801|29.03
2020-11-27|28.97|29.1|28.811|28.99
2020-11-30|28.72|28.86|28.1|28.16
2020-12-01|28.74|29.04|28.67|28.69
2020-12-02|28.69|29.18|28.5325|29.06
2020-12-03|28.94|29.1|28.63|28.91
2020-12-04|29.2|29.425|29|29.29
2020-12-07|28.9|29.15|28.685|29.09
2020-12-08|28.86|29.15|28.7701|28.93
2020-12-09|29.25|29.25|28.75|28.8
2020-12-10|28.63|29.13|28.47|29.11
2020-12-11|28.68|28.745|28.3012|28.57
2020-12-14|28.92|28.96|28.14|28.22
2020-12-15|28.35|28.82|28.2474|28.64
2020-12-16|28.8|28.82|28.44|28.72
2020-12-17|28.71|28.92|28.53|28.83
2020-12-18|28.89|29.1|28.565|28.67
2020-12-21|29.1|29.99|28.73|29.74
2020-12-22|29.78|29.78|29.17|29.21
2020-12-23|29.39|30.35|29.331|30.05
2020-12-24|30.27|30.27|29.74|29.96
2020-12-28|30.23|30.545|29.985|30.13
2020-12-29|30.17|30.25|29.93|30.01
2020-12-30|30|30.22|29.94|29.98
2020-12-31|30.01|30.39|29.9|30.31
2021-01-04|30.46|30.57|29.75|30.03
2021-01-05|30.17|30.54|29.91|30.26
2021-01-06|31.9|32.62|31.355|32.15
2021-01-07|33.31|33.62|32.84|32.86
2021-01-08|32.92|33|32.1131|32.53
2021-01-11|32.09|33.13|31.9|33.07
2021-01-12|33.42|33.97|33.2|33.66
2021-01-13|33.43|33.68|33.09|33.46
2021-01-14|33.48|34.37|33.42|33.99
2021-01-15|33.29|33.63|32.7|33.01
2021-01-19|32.5|33.6|32.2|32.77
2021-01-20|32.76|32.79|32.155|32.34
2021-01-21|32.34|32.48|31.73|31.77
2021-01-22|31.36|31.75|31.25|31.55
2021-01-25|31.27|31.3|30.57|31.16
2021-01-26|31.4|31.43|30.91|30.94
2021-01-27|30.31|30.43|29.67|29.83
2021-01-28|30.42|30.75|29.9174|30.32
2021-01-29|30.4|30.5|29.59|29.65
2021-02-01|29.87|30.04|29.57|29.96
2021-02-02|30.58|31.2|30.54|31.03
2021-02-03|30.91|31.73|30.88|31.58
2021-02-04|31.8|32.531|31.78|32.5
2021-02-05|32.89|32.905|32.32|32.37
2021-02-08|32.43|33.28|32.4|33.09
2021-02-09|32.97|33.02|32.585|32.95
2021-02-10|33.12|33.42|32.86|32.98
2021-02-11|32.97|33.31|32.55|32.88
2021-02-12|33|33.45|32.91|33.37
2021-02-16|33.98|34.56|33.702|34.27
2021-02-17|34.04|34.56|33.79|34.41
2021-02-18|34.06|34.65|34.0201|34.19
2021-02-19|34.2|34.725|34.18|34.54
2021-02-22|34.45|35.25|34.41|35.15
2021-02-23|35.42|35.89|35.14|35.52
2021-02-24|35.74|36.52|35.6|36.38
2021-02-25|36.96|37.03|35.76|35.93
2021-02-26|35.73|36.035|34.68|34.71
2021-03-01|35.52|36.05|35.24|35.79
2021-03-02|35.65|35.94|35.5|35.53
2021-03-03|35.97|36.97|35.84|36.42
2021-03-04|36.14|36.87|35.92|36.5
2021-03-05|37.03|37.6|36.17|36.93
2021-03-08|37.38|37.73|36.82|37.13
2021-03-09|36.55|37.16|35.81|36.32
2021-03-10|36.54|37.53|36.37|37.37
2021-03-11|37.27|37.79|36.85|37.24
2021-03-12|37.92|38.1766|37.58|37.94
2021-03-15|38.03|38.07|37.22|37.75
2021-03-16|37.42|37.72|36.97|37.64
2021-03-17|38|38.36|37.33|37.95
2021-03-18|38.51|39.9678|38.425|38.94
2021-03-19|38.29|38.92|37.53|38.53
2021-03-22|38.08|38.38|37.4|37.66
2021-03-23|37.36|37.82|36.7811|36.9
2021-03-24|37.21|37.79|36.89|36.9
2021-03-25|36.87|37.75|36.63|37.66
2021-03-26|38.35|38.76|38.075|38.68
2021-03-29|38.05|38.625|37.86|38.31
2021-03-30|38.63|39.46|38.63|38.99
2021-03-31|38.62|38.99|38.46|38.69
2021-04-01|38.83|39.52|38.72|39.49
2021-04-05|40|40.28|39.6|39.8
2021-04-06|39.53|40.15|39.455|39.69
2021-04-07|39.77|40.145|39.59|40.05
2021-04-08|39.8|39.85|39.22|39.7
2021-04-09|39.91|40.18|39.51|39.99
2021-04-12|39.99|40.375|39.85|40.06
2021-04-13|39.81|39.82|39.2|39.32
2021-04-14|38.98|40.33|38.92|39.88
2021-04-15|39.73|39.835|38.0503|38.74
2021-04-16|39.31|39.42|38.91|39.15
2021-04-19|39.39|39.43|39.035|39.17
2021-04-20|39|39|37.89|38.08
2021-04-21|37.75|38.78|37.41|38.72
2021-04-22|38.75|38.77|38.165|38.36
2021-04-23|38.32|39.34|38.22|39.18
2021-04-26|39.35|39.845|39.285|39.41
2021-04-27|39.67|39.92|39.51|39.88
2021-04-28|39.93|40.22|39.88|40.03
2021-04-29|40.55|41.13|40.46|41.11
2021-04-30|40.84|40.9|40.47|40.53
2021-05-03|40.87|41.05|40.42|40.56
2021-05-04|40.24|41.08|39.78|41
2021-05-05|41.2|41.56|40.76|41.39
2021-05-06|41.48|42.06|41.24|42.01
2021-05-07|41.13|42.25|41.11|42.18
2021-05-10|42.5|42.94|42.03|42.05
2021-05-11|41.55|42.34|41.34|41.57
2021-05-12|42.38|42.56|41.04|41.18
2021-05-13|40.86|42.09|40.78|41.84
2021-05-14|42.06|42.479|41.92|42.36
2021-05-17|42.24|42.85|42.16|42.74
2021-05-18|42.7|42.95|42.14|42.16
2021-05-19|41.65|42|41.31|41.97
2021-05-20|41.9|42.125|41.46|41.87
2021-05-21|42.02|42.6|41.89|42.4
2021-05-24|42.58|42.78|42.25|42.63
2021-05-25|42.69|43.255|41.93|42.01
2021-05-26|42.02|42.25|41.66|42.04
2021-05-27|42.48|42.845|42.115|42.55
2021-05-28|42.66|42.705|42.05|42.39
2021-06-01|42.95|43.28|42.765|42.92
2021-06-02|43.1|43.17|42.6|42.94
2021-06-03|42.77|43.49|42.68|43.25
2021-06-04|43.24|43.39|42.83|43.27
2021-06-07|43.27|43.39|43.06|43.12
2021-06-08|42.86|43.24|42.425|42.88
2021-06-09|42.47|42.73|42.11|42.32
2021-06-10|42.76|42.9599|41.615|41.69
2021-06-11|41.81|41.89|41.51|41.86
2021-06-14|41.85|41.905|41.06|41.36
2021-06-15|41.28|41.56|40.9|41.39
2021-06-16|41.28|41.985|40.67|41.62
2021-06-17|42.02|42.1|39.72|39.8
2021-06-18|39.01|39.3|38.49|38.78
2021-06-21|39.12|39.78|39.03|39.75
2021-06-22|39.88|40.26|39.28|39.97
2021-06-23|40.16|40.42|40.07|40.2
2021-06-24|40.44|41.01|40.18|40.83
2021-06-25|41.27|41.83|40.84|41.62
2021-06-28|41.46|41.58|41.1|41.56
2021-06-29|41.63|41.95|40.75|40.89
2021-06-30|40.76|41.355|40.72|41.23
2021-07-01|41.56|41.7002|41.205|41.54
2021-07-02|41.37|41.47|41.1|41.15
2021-07-06|40.81|40.88|39.87|40.07
2021-07-07|39.57|40|39.36|39.75
2021-07-08|38.62|39.235|38.48|38.78
2021-07-09|39.65|40.24|39.4|40.04
2021-07-12|39.79|40.81|39.6366|40.63
2021-07-13|40.48|40.48|39.58|39.86
2021-07-14|39.11|39.55|37.79|38.86
2021-07-15|38.39|39.33|38.32|38.83
2021-07-16|39.22|39.29|37.59|37.92
2021-07-19|36.75|37.25|36.51|36.93
2021-07-20|36.86|38.12|36.61|37.69
2021-07-21|38.05|38.77|37.98|38.46
2021-07-22|38.36|38.4|37.68|37.96
2021-07-23|38.2|38.27|37.56|37.7
2021-07-26|37.66|38.24|37.66|38.13
2021-07-27|37.72|38.24|37.46|37.98
2021-07-28|38.19|38.5|37.75|38.13
2021-07-29|38.55|38.98|38.37|38.68
2021-07-30|38.51|38.8288|38.05|38.36
2021-08-02|38.4|38.95|37.91|37.96
2021-08-03|38.06|38.63|37.55|38.55
2021-08-04|38.03|38.77|37.86|38.27
2021-08-05|38.57|39.06|38.55|39.02
2021-08-06|39.47|40.41|39.47|40.15
2021-08-09|40.05|40.96|39.8013|40.67
2021-08-10|40.71|41.62|40.58|41.43
2021-08-11|41.6|42.19|41.475|41.95
2021-08-12|42.23|42.285|41.77|42.15
2021-08-13|42.09|42.23|41.43|41.63
2021-08-16|41.16|41.3|40.61|41.29
2021-08-17|41.05|41.565|40.6221|41.09
2021-08-18|40.77|41.53|40.66|40.79
2021-08-19|40.12|40.665|40.01|40.19
2021-08-20|40.09|40.47|39.91|40.37
2021-08-23|40.63|41.1|40.6|40.91
2021-08-24|41.1|41.6799|41.04|41.48
2021-08-25|41.66|42.45|41.535|42.15
2021-08-26|42.5|42.84|42.02|42.04
2021-08-27|42.12|42.645|41.94|42.49
2021-08-30|42.63|42.63|41.625|41.66
2021-08-31|41.67|42.0739|41.36|41.75
2021-09-01|41.75|41.78|41.03|41.19
2021-09-02|41.11|41.485|40.64|41.02
2021-09-03|41.02|41.19|40.68|41.05
2021-09-07|41.25|41.85|41.18|41.32
2021-09-08|41.08|41.49|40.68|40.78
2021-09-09|40.66|41.35|40.56|40.93
2021-09-10|41.22|41.35|40.24|40.27
2021-09-13|40.6|40.96|40.345|40.94
2021-09-14|41.13|41.31|39.66|39.84
2021-09-15|39.73|40.34|39.67|40.14
2021-09-16|40.48|40.81|40.195|40.45
2021-09-17|40.34|40.665|40.08|40.5
2021-09-20|39.38|39.46|38.36|39.11
2021-09-21|39.27|39.6|38.935|39.13
2021-09-22|39.75|40.52|39.75|40.14
2021-09-23|40.76|41.875|40.65|41.69
2021-09-24|41.72|42.34|41.65|42.14
2021-09-27|42.68|43.43|42.64|43.26
2021-09-28|43.43|44.04|43.06|43.16
2021-09-29|43.18|43.32|42.74|43.07
2021-09-30|43.35|43.35|42.23|42.45
2021-10-01|42.48|43.43|42.39|43.08
2021-10-04|43.11|44.065|43.07|43.34
2021-10-05|43.77|44.75|43.67|44.22
2021-10-06|43.85|44.29|43.55|44.24
2021-10-07|44.79|44.87|44.03|44.12
2021-10-08|44.07|44.81|43.92|44.34
2021-10-11|44.6|44.805|43.75|43.78
2021-10-12|43.67|44|43.27|43.54
2021-10-13|43.55|43.635|42.33|43.14
2021-10-14|44.37|45.1|43.48|45.07
2021-10-15|45.77|46.67|45.36|46.37
2021-10-18|46.29|46.89|46.0301|46.28
2021-10-19|46.5|46.625|46.2|46.48
2021-10-20|46.49|47.24|46.05|47.09
2021-10-21|47.1|47.48|46.61|46.83
2021-10-22|46.99|47.615|46.99|47.57
2021-10-25|47.8|47.98|47.2|47.51
2021-10-26|47.66|48.425|47.44|47.96
2021-10-27|47.48|48.1693|47.025|47.04
2021-10-28|47.59|48|47.3|47.78
2021-10-29|47.75|48.13|47.52|47.78
2021-11-01|48.1|48.17|47.28|47.85
2021-11-02|47.57|48.42|47.35|47.88
2021-11-03|47.8|48.69|47.61|48.37
2021-11-04|48.15|48.15|46.88|47.33
2021-11-05|47.6|47.82|46.82|46.97
2021-11-08|47.35|47.8|47.2505|47.34
2021-11-09|46.65|47.36|46.41|46.88
2021-11-10|46.75|47.52|46.65|47.23
2021-11-11|47.31|47.89|47.01|47.49
2021-11-12|47.51|47.53|46.76|46.91
2021-11-15|47.26|47.39|46.9|47.05
2021-11-16|47.18|47.28|46.69|47.08
2021-11-17|47.08|47.2|46.45|46.51
2021-11-18|46.71|46.81|46.2101|46.32
2021-11-19|45.702|45.77|44.83|45.4
2021-11-22|46.72|46.865|45.91|46.28
2021-11-23|46.87|47.65|46.67|47.5
2021-11-24|47.42|47.98|47.21|47.63
2021-11-26|45.52|46.035|44.75|45.76
2021-11-29|46.42|46.7|45.17|45.59
2021-11-30|44.76|45.22|44.36|44.47
2021-12-01|45.22|45.7|43.81|43.84
2021-12-02|44.33|45.5|44|44.89
2021-12-03|45|45.07|43.6|43.87
2021-12-06|44.56|44.875|43.96|44.15
2021-12-07|44.56|44.91|44.43|44.71
2021-12-08|44.68|44.8|44.09|44.16
2021-12-09|43.91|44.73|43.645|44.49
2021-12-10|44.71|44.83|44.07|44.52
2021-12-13|44.27|44.4|43.39|43.58
2021-12-14|43.59|44.82|43.53|44.13
2021-12-15|44.37|44.45|43.62|43.94
2021-12-16|44.7|45.359|44.09|45
2021-12-17|44.5|44.699|43.62|43.88
2021-12-20|43.27|43.36|42.7|43.16
2021-12-21|43.54|44.48|43.54|44.19
2021-12-22|44.08|44.5756|43.88|44.28
2021-12-23|44.68|45.065|44.4|44.42
2021-12-27|44.55|44.82|44.31|44.64
2021-12-28|44.47|45.08|44.423|44.7
2021-12-29|44.85|45.12|44.6|44.63
2021-12-30|44.75|45.095|44.48|44.53
2021-12-31|44.52|44.72|44.28|44.49
2022-01-03|45.09|46.49|44.98|46.18
2022-01-04|47.06|48.43|47.04|47.99
2022-01-05|48.14|48.37|47.16|47.18
2022-01-06|47.98|48.1587|47.19|48.13
2022-01-07|48.15|49.31|48.06|49.18
2022-01-10|49.91|50.08|48.34|48.93
2022-01-11|48.99|49.25|48.64|49.21
2022-01-12|49.165|49.38|48.68|48.86
2022-01-13|48.92|49.49|48.63|48.76
2022-01-14|47.52|48.23|47.19|47.91
2022-01-18|47.85|47.92|46.05|46.26
2022-01-19|48.39|48.58|46.3512|46.44
2022-01-20|46.69|47.05|45.66|45.75
2022-01-21|45.57|46.0166|44.66|44.92
2022-01-24|43.9|44.69|42.5876|44.55
2022-01-25|44.29|45.57|43.83|45.43
2022-01-26|45.775|46.46|45.26|45.9
2022-01-27|46.37|46.75|45.09|45.47
2022-01-28|45.325|45.89|44.45|45.87
2022-01-31|45.52|46.27|45.22|46.14
2022-02-01|46.205|47.1|45.9|46.94
2022-02-02|46.72|46.96|46.301|46.89
2022-02-03|47.22|47.29|46.35|46.43
2022-02-04|47.08|48.69|46.68|48.28
2022-02-07|48.56|48.76|47.985|48.51
2022-02-08|49.15|50.02|48.94|49.38
2022-02-09|49.215|49.79|49.03|49.28
2022-02-10|49.68|50.11|48.76|49.05
2022-02-11|48.63|49.44|47.5|47.92
2022-02-14|48.02|48.185|46.9406|47.42
2022-02-15|48|48.37|47.57|47.79
2022-02-16|47.44|48.24|47.31|47.68
2022-02-17|47|47.2911|45.95|46.07
2022-02-18|46.07|46.535|45.72|45.96
2022-02-22|45.17|45.98|45.04|45.56
2022-02-23|45.95|46.1099|44.57|44.78
2022-02-24|43|43.675|42.05|43.6
2022-02-25|43.81|45.35|43.63|45.02
2022-02-28|43.72|44.26|43.4394|44.2
2022-03-01|43.71|43.74|41.93|42.47
2022-03-02|42.74|43.535|42.62|43.16
2022-03-03|43.09|43.495|42.21|42.49
2022-03-04|41.43|41.44|40.32|40.95
2022-03-07|39.93|40.11|38.21|38.34
2022-03-08|39.07|39.66|38.17|38.59
2022-03-09|40.31|41.605|40.1585|41.04
2022-03-10|40.29|41.475|40.11|40.67
2022-03-11|41.04|41.38|40.29|40.33
2022-03-14|40.9|42.18|40.895|41.2
2022-03-15|41.26|41.78|40.87|41.5
2022-03-16|42.24|43.045|41.9203|42.8
2022-03-17|42.41|43.04|41.83|43.03
2022-03-18|42.76|42.93|42.26|42.9
2022-03-21|43.345|43.43|42.505|42.84
2022-03-22|43.82|44.63|43.695|44.18
2022-03-23|43.72|44.01|43.03|43.09
2022-03-24|43.38|43.4325|42.885|43.07
2022-03-25|43.48|44.26|43.33|43.73
2022-03-28|43.71|43.75|42.83|43.55
2022-03-29|44.25|44.3899|43.11|43.44
2022-03-30|43.44|43.6499|42.75|43
2022-03-31|42.84|42.89|41.2|41.22
2022-04-01|41.69|41.74|40.35|40.9
2022-04-04|40.48|41.1399|40.16|40.83
2022-04-05|40.44|40.755|40.04|40.14
2022-04-06|39.74|40.01|39.35|39.7
2022-04-07|39.89|39.98|38.845|39.39
2022-04-08|39.49|40.1|39.315|39.67
2022-04-11|39.48|40.4|39.39|39.59
2022-04-12|39.57|40.08|38.8546|39.17
2022-04-13|38.5|39.01|38.364|38.82
2022-04-14|38.49|38.97|37.42|37.57
2022-04-18|37.42|39.3099|37.22|38.85
2022-04-19|39.21|39.88|39.11|39.57
2022-04-20|40.15|40.37|39.61|39.66
2022-04-21|40|40.21|38.62|38.91
2022-04-22|38.81|38.85|37.5|37.56
2022-04-25|36.89|37.4|35.93|37.29
2022-04-26|36.88|37.54|36.42|36.45
2022-04-27|36.27|36.91|36.175|36.25
2022-04-28|36.73|36.95|36.16|36.81
2022-04-29|36.75|37.13|35.54|35.68
2022-05-02|36.03|36.28|35.4|36.14
2022-05-03|36.34|37.63|36.33|37.13
2022-05-04|37.37|38.75|37.285|38.62
2022-05-05|38.05|38.21|36.8701|37.54
2022-05-06|37.37|37.62|36.61|37.45
2022-05-09|36.87|37.06|36.06|36.37
2022-05-10|36.75|37.125|35.18|35.76
2022-05-11|35.9|36.92|35.51|35.57
2022-05-12|35.01|35.43|34.2642|35.07
2022-05-13|35.53|35.73|34.755|35.17
2022-05-16|35|35.17|34.413|34.81
2022-05-17|35.62|36.215|35.43|35.99
2022-05-18|35.62|35.69|34.605|34.88
2022-05-19|34.29|34.84|34.25|34.45
2022-05-20|34.8|34.98|32.9561|33.86
2022-05-23|34.76|36.26|34.66|35.87
2022-05-24|35.47|35.96|34.96|35.65
2022-05-25|35.5|36.27|35.29|35.84
2022-05-26|36.5|36.84|36.34|36.67
2022-05-27|36.89|37.05|36.58|37.02
2022-05-31|36.815|37.53|36.61|37.2
2022-06-01|37.46|37.47|36.1717|36.67
2022-06-02|36.41|36.71|36.065|36.7
2022-06-03|36.48|36.68|36.13|36.19
2022-06-06|36.7|37.21|36.1|36.15
2022-06-07|35.9|36.405|35.74|36.35
2022-06-08|35.92|36.11|35.52|35.89
2022-06-09|35.74|35.84|34.5|34.51
2022-06-10|33.68|34.04|33.02|33.17
2022-06-13|32.39|32.77|31.74|32.02
2022-06-14|31.92|32.595|31.225|31.46
2022-06-15|31.98|32.49|31.423|32.05
2022-06-16|31.5|32|30.8591|31.85
2022-06-17|32.03|32.58|31.635|31.92
2022-06-21|32.89|33.29|32.62|32.85
2022-06-22|32.39|32.94|32.32|32.6
2022-06-23|32.38|32.405|31.26|32.08
2022-06-24|31.25|32.7699|31.23|32.31
2022-06-27|32.415|32.6|31.905|32.35
2022-06-28|32.83|33.497|32.185|32.26
2022-06-29|32.23|32.44|31.66|31.86
2022-06-30|31.17|31.55|30.64|31.13
2022-07-01|30.98|31.67|30.63|31.56
2022-07-05|30.8|31.24|30.45|31.24
2022-07-06|31.01|31.25|30.64|30.98
2022-07-07|31.5|32.01|31.47|31.86
2022-07-08|32.01|32.25|31.56|31.79
2022-07-11|31.55|31.79|31.29|31.46
2022-07-12|31.02|32.03|30.98|31.36
2022-07-13|31.07|31.145|30.4|30.84
2022-07-14|30.09|30.215|29.67|30.13
2022-07-15|30.65|32.63|30.61|32.25
2022-07-18|33.08|33.38|32.105|32.26
2022-07-19|32.9|33.62|32.68|33.35
2022-07-20|33.18|33.45|32.95|33.36
2022-07-21|33.09|33.665|32.95|33.65
2022-07-22|33.6|33.94|33.09|33.43
2022-07-25|33.78|33.975|33.435|33.73
2022-07-26|33.41|33.78|32.96|33.05
2022-07-27|33.24|33.77|32.95|33.59
2022-07-28|33.5|33.75|32.895|33.32
2022-07-29|33.47|33.94|33.35|33.81
2022-08-01|33.62|33.89|33.22|33.71
2022-08-02|33.6|33.7199|33|33.04
2022-08-03|33.42|33.75|33.165|33.64
2022-08-04|33.52|33.67|33.17|33.4
2022-08-05|33.28|34.33|33.235|33.96
2022-08-08|34.17|34.29|33.45|33.49
2022-08-09|33.65|33.96|33.41|33.92
2022-08-10|34.5|35.43|34.45|35.07
2022-08-11|35.77|36.06|35.645|35.91
2022-08-12|36.16|36.31|35.6933|36.3
2022-08-15|35.84|36.3|35.67|36.25
2022-08-16|36.19|36.94|36.1|36.64
2022-08-17|36.2|36.59|36.08|36.41
2022-08-18|36.25|36.4|36|36.28
2022-08-19|35.96|36.03|35.31|35.48
2022-08-22|34.75|34.815|34.45|34.72
2022-08-23|34.67|34.97|34.36|34.41
2022-08-24|34.25|34.795|34.05|34.52
2022-08-25|34.6|35.28|34.45|35.14
2022-08-26|35.44|35.475|34.02|34.03
2022-08-29|33.86|34.15|33.61|33.9
2022-08-30|34.18|34.28|33.54|34.09
2022-08-31|34.14|34.365|33.6|33.61
2022-09-01|33.34|33.49|32.6614|33.47
2022-09-02|33.93|34.48|33.27|33.43
2022-09-06|33.64|33.73|32.61|33.06
2022-09-07|32.81|33.67|32.63|33.57
2022-09-08|33.46|34.73|33.27|34.65
2022-09-09|34.98|35.25|34.84|34.94
2022-09-12|35.2|35.63|35.025|35.27
2022-09-13|34.58|34.72|33.81|34
2022-09-14|34.2|34.42|33.54|33.87
2022-09-15|33.79|34.895|33.7|34.51
2022-09-16|34.19|34.23|33.66|34.12
2022-09-19|33.72|34.87|33.63|34.69
2022-09-20|34.5|34.7786|33.88|34.17
2022-09-21|34.31|34.4|33.12|33.15
2022-09-22|33.31|33.42|32.39|32.5
2022-09-23|31.93|32.09|31.21|31.73
2022-09-26|31.32|31.82|30.6814|31.03
2022-09-27|31.27|31.3679|30.295|30.57
2022-09-28|30.53|31.31|30.39|31.07
2022-09-29|30.69|30.8984|30.21|30.66
2022-09-30|30.76|31.19|30.165|30.2
2022-10-03|30.59|31.28|30.2|31.09
2022-10-04|31.72|32.52|31.66|32.38
2022-10-05|31.54|32.03|31.45|31.92
2022-10-06|31.6|31.88|31.3619|31.46
2022-10-07|31.17|31.24|30.525|30.75
2022-10-10|30.9|31.045|30.35|30.66
2022-10-11|30.37|30.47|29.57|29.77
2022-10-12|29.64|30.3099|29.48|29.86
2022-10-13|29.41|31.77|29.31|31.69
2022-10-14|31.81|32.63|31.57|31.7
2022-10-17|33.36|33.87|32.87|33.62
2022-10-18|34.98|35.3599|34.28|34.88
2022-10-19|34.58|34.83|33.77|33.92
2022-10-20|33.98|34.625|33.59|33.7
2022-10-21|33.56|35.04|33.56|34.95
2022-10-24|35.11|35.26|34.705|35.07
2022-10-25|34.74|35.58|34.53|35.39
2022-10-26|35.42|36.09|35.35|35.7
2022-10-27|36.15|36.37|35.77|35.87
2022-10-28|36.04|36.3|35.64|36.18
2022-10-31|36|36.33|35.81|36.04
2022-11-01|36.44|36.76|36.11|36.2
2022-11-02|36.07|37.275|35.95|36.09
2022-11-03|35.7|36.14|35.41|35.89
2022-11-04|36.5|37|36.22|36.79
2022-11-07|37.01|37.34|36.73|37.01
2022-11-08|37.09|37.425|36.75|37.11
2022-11-09|36.88|36.9619|36.39|36.52
2022-11-10|37.3|38.22|37.14|38.13
2022-11-11|38.19|38.6|37.965|38.41
2022-11-14|38.09|38.26|37.75|37.76
2022-11-15|38.19|38.3|37.295|37.7
2022-11-16|37.61|37.735|37.2|37.36
2022-11-17|36.88|37.2|36.56|37.17
2022-11-18|37.79|37.85|36.92|37.19
2022-11-21|37.09|37.52|37.06|37.31
2022-11-22|37.59|37.8|37.43|37.49
2022-11-23|37.49|37.66|37.37|37.61
2022-11-25|37.72|37.865|37.56|37.7
2022-11-28|37.4|37.66|36.83|36.86
2022-11-29|36.98|37.15|36.72|37
2022-11-30|36.9|37.85|36.2|37.85
2022-12-01|37.5|37.69|36.4|36.55
2022-12-02|36.06|36.29|35.81|36.08
2022-12-05|35.81|35.89|34.14|34.47
2022-12-06|34.57|34.68|32.405|33
2022-12-07|32.59|32.92|32.35|32.74
2022-12-08|32.965|32.99|32.18|32.44
2022-12-09|32.11|32.6014|32.08|32.38
2022-12-12|32.31|32.78|32.06|32.73
2022-12-13|33.55|33.67|32.565|32.75
2022-12-14|32.8|33|32.1634|32.28
2022-12-15|31.75|31.99|31.49|31.77
2022-12-16|31.62|31.93|31.35|31.7
2022-12-19|31.76|32.23|31.73|32.06
2022-12-20|32.4|32.58|32.14|32.19
2022-12-21|32.52|32.87|32.41|32.68
2022-12-22|32.52|32.58|31.8715|32.39
2022-12-23|32.4|32.58|32.19|32.47
2022-12-27|32.5|32.67|32.275|32.53
2022-12-28|32.57|32.97|32.535|32.77
2022-12-29|32.89|33.16|32.75|33.14
2022-12-30|33.1|33.3|32.86|33.12
2023-01-03|33.23|34.09|33.21|33.51
2023-01-04|33.9|34.8199|33.83|34.14
2023-01-05|33.92|34.14|33.58|34.07
2023-01-06|34.09|34.58|33.54|34.41
2023-01-09|34.75|34.7601|33.71|33.89
2023-01-10|33.74|34.265|33.64|34.12
2023-01-11|34.12|34.44|34|34.38
2023-01-12|34.6|34.87|34.36|34.47
2023-01-13|34.2|35.39|33.09|35.23
2023-01-17|34.69|34.83|34.15|34.52
2023-01-18|34.33|34.34|33.51|33.72
2023-01-19|33.285|33.55|32.89|33.23
2023-01-20|33.3|33.89|33.085|33.85
2023-01-23|33.81|34.51|33.75|34.32
2023-01-24|34.22|34.79|33.95|34.57
2023-01-25|34.3|34.96|34.25|34.87
2023-01-26|35.05|35.35|34.79|35.34
2023-01-27|35.44|35.775|35.265|35.45
2023-01-30|35.21|35.56|35.18|35.3
2023-01-31|35.17|35.48|35|35.48
2023-02-01|35.2|36.26|35.11|35.92
2023-02-02|36.1|36.3786|35.435|36.13
2023-02-03|36.02|36.76|35.9|36.43
2023-02-06|36.25|36.44|35.98|36.37
2023-02-07|36.17|37|36.13|36.77
2023-02-08|36.41|36.84|36.34|36.5
2023-02-09|36.27|36.35|35.56|35.72
2023-02-10|35.55|35.59|35.03|35.58
2023-02-13|35.48|35.78|35.39|35.65
2023-02-14|35.63|35.99|35.46|35.62
2023-02-15|35.32|35.61|35.16|35.56
2023-02-16|35.42|35.6601|35.22|35.28
2023-02-17|35.08|35.39|34.745|35.35
2023-02-21|34.91|35.05|34.27|34.52
2023-02-22|34.36|34.55|34.07|34.29
2023-02-23|34.4|34.6|33.8594|34.26
2023-02-24|33.86|34.2897|33.84|34.21
2023-02-27|34.45|34.69|34.165|34.21
2023-02-28|34.35|34.4885|34.18|34.3
2023-03-01|34.15|34.49|33.98|34.14
2023-03-02|33.66|33.7|33|33.49
2023-03-03|33.65|34.29|33.65|34.16
2023-03-06|34.24|34.56|33.985|34.09
2023-03-07|33.85|33.9|32.8|33
2023-03-08|32.66|32.97|32.44|32.56
2023-03-09|32.285|32.39|30.31|30.54
2023-03-10|30.32|31.04|28.92|30.27
2023-03-13|28.92|29.715|27.87|28.51
2023-03-14|29.99|30.09|28.47|28.76
2023-03-15|27.88|28.56|27.68|28.49
2023-03-16|28.38|29.47|28.1134|28.97
2023-03-17|28.655|28.66|27.62|27.82
2023-03-20|28.24|28.43|27.65|27.75
2023-03-21|28.63|28.98|28.51|28.59
2023-03-22|28.71|28.74|27.64|27.64
2023-03-23|28|28.09|26.79|26.97
2023-03-24|26.6|27.29|26.32|27.14
2023-03-27|27.93|28.645|27.91|28.49
2023-03-28|28.38|28.65|27.9801|28.12
2023-03-29|28.49|28.765|28.24|28.67
2023-03-30|28.92|29.06|28.11|28.3
2023-03-31|28.62|28.68|28.2625|28.6
2023-04-03|28.64|28.98|28.325|28.59
2023-04-04|28.55|28.65|27.66|27.98
2023-04-05|27.66|27.91|27.46|27.64
2023-04-06|27.72|28.01|27.62|27.84
2023-04-10|27.67|28.1|27.645|27.94
2023-04-11|28.02|28.75|27.9577|28.71
2023-04-12|28.68|29.01|28.37|28.48
2023-04-13|28.56|28.64|28.24|28.56
2023-04-14|29.3|29.87|29.2499|29.52
2023-04-17|29.77|30.41|29.4|30.37
2023-04-18|30.8|30.93|29.8|30.56
2023-04-19|30.13|30.2|29.79|30.06
2023-04-20|29.84|30.23|29.77|29.9
2023-04-21|29.75|29.975|29.405|29.87
2023-04-24|29.79|29.9|29.59|29.76
2023-04-25|29.45|29.533|28.815|28.84
2023-04-26|28.76|28.94|28.3|28.44
2023-04-27|28.52|29.08|28.52|28.89
2023-04-28|28.53|29.43|28.51|29.28
2023-05-01|29.5|29.54|29|29.04
2023-05-02|28.85|28.855|27.71|28.16
2023-05-03|28.16|28.5|27.81|27.86
2023-05-04|27.58|27.8101|26.8328|26.99
2023-05-05|27.62|27.89|27.47|27.71
2023-05-08|28.08|28.15|27.66|27.69
2023-05-09|27.42|27.83|27.24|27.66
2023-05-10|27.96|28|27.02|27.32
2023-05-11|27.01|27.49|26.88|27.39
2023-05-12|27.52|27.55|26.88|27.09
2023-05-15|27.1|27.815|27.03|27.65
2023-05-16|27.78|27.9|27.33|27.36
2023-05-17|27.735|28.665|27.73|28.57
2023-05-18|28.44|28.5|28|28.47
2023-05-19|28.455|28.67|28.03|28.11
2023-05-22|28.3|28.4473|28.01|28.34
2023-05-23|28.32|29.08|28.3|28.58
2023-05-24|28.33|28.51|28|28.1
2023-05-25|27.99|28.24|27.875|28.17
2023-05-26|28.2|28.4|27.79|28.31
2023-05-30|28.32|28.49|27.95|28.26
2023-05-31|28.1|28.16|27.48|27.79
2023-06-01|27.76|27.98|27.34|27.78
2023-06-02|28.16|28.95|28.12|28.71
2023-06-05|28.82|28.84|28.3|28.54
2023-06-06|28.46|29.43|28.45|29.23
2023-06-07|29.3|29.65|29.01|29.48
2023-06-08|29.28|29.38|28.99|29.23
2023-06-09|29.2|29.4|29.08|29.27
2023-06-12|29.3|29.56|28.91|29.13
2023-06-13|29.13|29.8|29.03|29.4
2023-06-14|29.57|29.73|28.99|29.12
2023-06-15|28.9|29.47|28.69|29.37
2023-06-16|29.53|29.675|29.16|29.19
2023-06-20|29.01|29.04|28.58|28.87
2023-06-21|28.78|29|28.54|28.57
2023-06-22|28.5|28.53|27.9|27.96
2023-06-23|27.74|27.89|27.59|27.75
2023-06-26|27.8|28.28|27.79|28.09
2023-06-27|28.1|28.4|27.95|28.24
2023-06-28|28.25|28.27|27.9|28.07
2023-06-29|28.5|29|28.4|28.66
2023-06-30|28.94|29.105|28.67|28.69
2023-07-03|28.7|29.3499|28.65|29.2
2023-07-05|29.14|29.42|28.945|29.08
2023-07-06|28.8|28.82|28.1|28.28
2023-07-07|28.3|28.82|28.29|28.53
2023-07-10|28.59|28.85|28.47|28.66
2023-07-11|28.66|29.08|28.42|29.02
2023-07-12|29.51|29.89|29.27|29.36
2023-07-13|29.52|29.87|29.405|29.67
2023-07-14|30|30.1|29.05|29.11
2023-07-17|29.15|29.555|29.12|29.4
2023-07-18|30|30.86|29.92|30.7
2023-07-19|30.89|31.7|30.685|31.53
2023-07-20|31.33|31.8|31.26|31.69
2023-07-21|31.87|32.11|31.42|31.98
2023-07-24|32|32.85|31.98|32.65
2023-07-25|32.76|32.79|32.07|32.15
2023-07-26|32.24|32.54|32.15|32.41
2023-07-27|32.43|32.74|31.82|31.95
2023-07-28|32.15|32.16|31.71|31.9
2023-07-31|31.9|32.25|31.78|32
2023-08-01|31.84|31.94|31.42|31.62
2023-08-02|31.16|31.28|30.78|31.19
2023-08-03|30.94|31.55|30.88|31.41
2023-08-04|31.36|31.67|31.17|31.3
2023-08-07|31.41|31.9|31.405|31.88
2023-08-08|31.3|31.31|30.48|31.27
2023-08-09|31.22|31.28|30.83|30.86
2023-08-10|31.01|31.32|30.8|30.94
2023-08-11|30.8|31.4|30.75|31.29
2023-08-14|31.05|31.105|30.75|30.93
2023-08-15|30.5|30.55|29.84|29.94
2023-08-16|29.75|29.84|29.21|29.29
2023-08-17|29.44|29.54|29.11|29.28
2023-08-18|29.04|29.35|28.98|29.11
2023-08-21|29.22|29.3|28.8|29.15
2023-08-22|29.13|29.24|28.42|28.44
2023-08-23|28.45|28.51|28.18|28.45
2023-08-24|28.4|28.79|28.37|28.62
2023-08-25|28.64|28.79|28.3|28.5
2023-08-28|28.69|29|28.565|28.76
2023-08-29|28.89|29.26|28.715|29.17
2023-08-30|29.22|29.2675|28.93|29.04
2023-08-31|28.93|28.97|28.53|28.67
2023-09-01|28.76|29.13|28.76|28.98
2023-09-05|28.94|29.115|28.495|28.65
2023-09-06|28.4|28.56|28.12|28.39
2023-09-07|28.41|28.545|28.06|28.13
2023-09-08|28.12|28.38|27.96|28.36
2023-09-11|28.51|28.7589|28.4|28.48
2023-09-12|28.46|29.14|28.4|28.97
2023-09-13|29.12|29.19|28.7|28.88
2023-09-14|29.17|29.44|29.1|29.2
2023-09-15|28.95|29.09|28.75|28.84
2023-09-18|28.8|28.8|28.49|28.76
2023-09-19|28.76|28.94|28.51|28.65
2023-09-20|28.81|28.97|28.53|28.55
2023-09-21|28.36|28.585|28.02|28.05
2023-09-22|28.07|28.185|27.6|27.64
2023-09-25|27.5|27.62|27.35|27.6
2023-09-26|27.34|27.5|27.01|27.17
2023-09-27|27.23|27.61|27.065|27.27
2023-09-28|27.17|27.64|27.17|27.56
2023-09-29|27.89|27.99|27.27|27.38
2023-10-02|27.27|27.355|26.58|26.7
2023-10-03|26.49|26.52|25.82|25.91
2023-10-04|25.88|26.01|25.58|25.94
2023-10-05|25.78|26.09|25.56|26.06
2023-10-06|25.77|26.23|25.465|26.07
2023-10-09|25.76|26.36|25.72|26.31
2023-10-10|26.61|27.3|26.57|27.01
2023-10-11|27.17|27.435|26.9|27.02
2023-10-12|26.97|27.075|26.61|26.9
2023-10-13|27.43|27.72|26.52|26.76
2023-10-16|27.16|27.18|26.7722|26.99
2023-10-17|27.05|27.87|26.72|27.62
2023-10-18|27.54|28.04|27.21|27.31
2023-10-19|27.25|27.78|26.88|26.96
2023-10-20|26.8|26.94|26.24|26.31
2023-10-23|26.13|26.21|25.52|25.57
2023-10-24|25.74|25.87|25.4|25.47
2023-10-25|25.38|25.65|25.18|25.55
2023-10-26|25.49|26.36|25.4442|26.12
2023-10-27|26.07|26.07|24.96|25.17
2023-10-30|25.32|25.78|25.2808|25.69
2023-10-31|25.74|26.38|25.715|26.34
2023-11-01|26.44|26.615|26.15|26.4
2023-11-02|26.71|27.66|26.59|27.62
2023-11-03|28.16|28.93|28.13|28.42
2023-11-06|28.56|28.77|28.02|28.33
2023-11-07|28.05|28.255|27.95|28.16
2023-11-08|28.16|28.2|27.6741|27.89
2023-11-09|28.07|28.08|27.4|27.53
2023-11-10|27.76|27.77|27.34|27.68
2023-11-13|27.54|27.85|27.42|27.7
2023-11-14|28.5|29.41|28.47|29.22
2023-11-15|29.2|29.73|29.2|29.62
2023-11-16|29.43|29.7|29.22|29.54
2023-11-17|29.71|30|29.55|29.98
2023-11-20|29.98|30.25|29.75|30.01
2023-11-21|29.99|29.99|29.55|29.66
2023-11-22|29.74|29.79|29.52|29.63
2023-11-24|29.48|29.89|29.48|29.73
2023-11-27|29.6|29.69|29.51|29.56
2023-11-28|29.53|29.65|29.3245|29.53
2023-11-29|29.88|30.605|29.81|30.31
2023-11-30|30.21|30.55|30.04|30.49
2023-12-01|30.4|31.05|30.35|30.96
2023-12-04|30.53|31|30.52|30.82
2023-12-05|30.68|30.79|30.33|30.58
2023-12-06|30.78|31.515|30.44|30.53
2023-12-07|30.59|30.93|30.54|30.66
2023-12-08|30.67|31.14|30.61|30.96
2023-12-11|30.92|31.08|30.71|30.85
2023-12-12|30.77|30.86|30.45|30.74
2023-12-13|30.75|32.13|30.625|32.04
2023-12-14|32.62|34.0694|32.57|33.94
2023-12-15|33.82|34.02|33.29|33.6
2023-12-18|33.71|33.79|33.405|33.43
2023-12-19|33.03|33.67|32.8|33.51
2023-12-20|33.38|33.705|32.95|32.98
2023-12-21|33.24|33.45|32.89|33.2
2023-12-22|33.21|33.67|33.2|33.43
2023-12-26|33.45|33.96|33.3715|33.86
2023-12-27|33.8|33.95|33.66|33.84
2023-12-28|33.82|33.97|33.77|33.88
2023-12-29|33.94|33.995|33.55|33.67
2024-01-02|33.39|34.07|33.27|33.9
2024-01-03|33.65|33.77|33.24|33.53
2024-01-04|33.57|34.31|33.54|33.8
2024-01-05|33.8|34.69|33.71|34.43
2024-01-08|34.3|34.3|33.64|34.16