2018-08-01|89.2|89.9218|88.801|89.8585
2018-08-02|89.4385|91.828|89.3|91.7165
2018-08-03|91.8872|92.05|91.0751|91.1645
2018-08-06|91.2905|92.3885|90.946|92.3875
2018-08-07|92.7265|93.486|92.3134|93.124
2018-08-08|93.05|94.5755|92.725|94.326
2018-08-09|94.1|95.7285|93.874|94.926
2018-08-10|94.4255|94.975|93.9106|94.315
2018-08-13|94.925|96.25|94.6835|94.81
2018-08-14|95.9695|96.0505|95|95.9825
2018-08-15|95.4775|95.8105|93.4895|94.131
2018-08-16|95.197|95.25|94.1776|94.326
2018-08-17|94.29|94.4|92.7775|94.111
2018-08-20|94.5285|94.5873|93.3031|93.8355
2018-08-21|94|94.8875|93.7203|94.171
2018-08-22|93.832|95.29|93.832|95.245
2018-08-23|95.3585|95.975|95.038|95.145
2018-08-24|95.5255|95.8005|95.127|95.2695
2018-08-27|95.75|96.385|95.4641|96.384
2018-08-28|96.8865|97.0889|96.441|96.641
2018-08-29|97.6725|99.9345|97.447|99.905
2018-08-30|99.871|101.2785|99.345|100.119
2018-08-31|100.35|101.119|100.237|100.6355
2018-09-04|101.325|102.525|100.65|101.9755
2018-09-05|101.9055|102.019|99.4945|99.741
2018-09-06|100.3253|100.375|96.7605|97.9155
2018-09-07|96.9355|98.76|96.8675|97.6035
2018-09-10|98.55|98.652|96.5758|96.9505
2018-09-11|96.4135|99.444|95.85|99.3575
2018-09-12|99.7|100|98.122|99.5
2018-09-13|100|100.438|99.1014|99.4935
2018-09-14|99.6465|99.6824|97.961|98.5095
2018-09-17|97.7365|97.841|94.3705|95.4015
2018-09-18|95.9325|97.91|95.772|97.0525
2018-09-19|97.025|97.0415|95.245|96.321
2018-09-20|96.929|97.75|96.6125|97.215
2018-09-21|97.711|97.8655|95.5251|95.7505
2018-09-24|95.1895|96.844|93.25|96.718
2018-09-25|97.145|98.7955|96.9425|98.7275
2018-09-26|98.425|99.7625|98.076|98.7425
2018-09-27|99.6618|100.8078|99.429|100.649
2018-09-28|100.2205|101.326|99.8232|100.15
2018-10-01|101.0995|101.6595|100.18|100.218
2018-10-02|99.9995|100.6695|98.2885|98.5655
2018-10-03|99.085|99.485|97.4905|97.638
2018-10-04|97.45|97.8|94.8285|95.471
2018-10-05|95.8995|96.454|93.1415|94.4825
2018-10-08|93.7|95.0998|91.5331|93.221
2018-10-09|92.9995|94.8338|92.616|93.516
2018-10-10|92.8945|92.928|87.7205|87.7625
2018-10-11|86.2|87.77|84.255|85.968
2018-10-12|90.4|90.4475|87.1265|89.4305
2018-10-15|89.75|89.7525|86.7115|88.0475
2018-10-16|89.175|91.194|88.0775|90.998
2018-10-17|92.1395|92.25|90.35|91.5865
2018-10-18|91.0745|91.5075|88.3935|88.536
2018-10-19|89.258|90.455|87.65|88.2015
2018-10-22|89.2|90.475|87.8|89.465
2018-10-23|87.112|88.817|85.7|88.435
2018-10-24|88.685|88.8855|82.828|83.21
2018-10-25|85.167|89.7405|84.6005|89.1085
2018-10-26|82.4795|84.923|80.15|82.1405
2018-10-29|83|83.2869|74.75|76.944
2018-10-30|74.308|77.0495|73.818|76.521
2018-10-31|78.4995|81.1955|78.2545|79.9005
2018-11-01|81.1765|83.5223|79.922|83.2765
2018-11-02|83.9295|84.872|82.5915|83.2765
2018-11-05|82.8785|82.9045|79.818|81.39
2018-11-06|80.9175|83.25|80.7275|82.1405
2018-11-07|83.65|87.9615|83.2038|87.7745
2018-11-08|87.75|89.2|86.2555|87.7455
2018-11-09|86.625|87.196|85.0935|85.6215
2018-11-12|84.912|85.4275|81.5005|81.8425
2018-11-13|82.4645|83.8532|80.6875|81.5585
2018-11-14|82.816|83.6498|79.8535|79.9505
2018-11-15|79.0505|81.241|77.3255|80.972
2018-11-16|79.375|80.724|78.656|79.6705
2018-11-19|78.8505|79.0595|75.168|75.6145
2018-11-20|71.875|76.7375|71|74.773
2018-11-21|77.1495|77.5|75.75|75.8365
2018-11-23|75.85|76.81|75.0905|75.103
2018-11-26|76.95|79.2405|76.211|79.0665
2018-11-27|78.7995|79.8825|77.9005|79.071
2018-11-28|80.696|84.0725|80.0608|83.8875
2018-11-29|83.7495|84.4995|82.6166|83.6785
2018-11-30|83.975|84.8|83.325|84.5085
2018-12-03|88.473|88.917|86.5|88.618
2018-12-04|87.8|88.5169|83.25|83.42
2018-12-06|80.7435|85.0525|80.4925|84.9595
2018-12-07|85.2535|85.9463|81.273|81.4565
2018-12-10|81.192|82.8995|79.5435|82.0515
2018-12-11|83.9|83.9734|80.98|82.162
2018-12-12|83.45|85.2495|83.0135|83.177
2018-12-13|84|84.606|82.075|82.919
2018-12-14|81.9|82.1285|79.25|79.5955
2018-12-17|78.3|78.8065|75.2505|76.0455
2018-12-18|77|78.3775|76.1505|77.574
2018-12-19|77.1525|79.2265|74.159|74.754
2018-12-20|74.2|75.475|71.6345|73.0415
2018-12-21|73.2495|74|68.198|68.8725
2018-12-24|67.3|69.8015|65.35|67.198
2018-12-26|68.4445|73.6578|68.1505|73.545
2018-12-27|72.71|73.45|69.5155|73.082
2018-12-28|73.6675|75.6735|72.45|73.901
2018-12-31|75.54|76.038|74.35|75.0985
2019-01-02|73.26|77.668|73.0465|76.9565
2019-01-03|76.0005|76.9|74.8555|75.014
2019-01-04|76.5|79.7|75.9155|78.7695
2019-01-07|80.1155|81.728|79.4593|81.4755
2019-01-08|83.2345|83.8305|80.8305|82.829
2019-01-09|82.649|83.3899|82.0698|82.971
2019-01-10|82.0505|83.1625|81.0808|82.811
2019-01-11|82.0275|83.0147|81.811|82.028
2019-01-14|80.75|82.41|79.7575|80.8605
2019-01-15|81.6|83.758|81.3005|83.728
2019-01-16|84.211|85.25|83.7939|84.189
2019-01-17|84|85.0085|83.875|84.661
2019-01-18|85.6|85.81|84.577|84.81
2019-01-22|84.05|84.0933|80.51|81.6085
2019-01-23|82.8|82.8715|80.6|82.001
2019-01-24|82.0535|82.8629|81.5892|82.7465
2019-01-25|83.525|84.174|83.0806|83.5285
2019-01-28|82.1795|82.25|80.7045|81.8945
2019-01-29|81.5635|81.619|79.536|79.694
2019-01-30|81.15|83.8475|80.984|83.5215
2019-01-31|84.6425|86.8206|83.9541|85.9365
2019-02-01|81.944|83.653|81.1005|81.3115
2019-02-04|81.15|82.4815|80.675|81.6655
2019-02-05|82.167|83.263|82.125|82.9405
2019-02-06|83.5375|83.613|81.667|82.013
2019-02-07|81.25|81.2769|79.6455|80.7185
2019-02-08|79.3|79.4295|78.3378|79.411
2019-02-11|80.049|80.4645|79.3|79.55
2019-02-12|80.2|81.9698|79.944|81.9005
2019-02-13|82.35|82.819|81.8553|82
2019-02-14|81.225|81.895|80.3031|81.1325
2019-02-15|81.393|81.4455|80.225|80.3975
2019-02-19|80.05|81.7|80.028|81.379
2019-02-20|81.5|81.7465|80.506|81.105
2019-02-21|80.9925|81.178|80.0455|80.972
2019-02-22|81.175|81.747|81.0585|81.578
2019-02-25|82.0725|82.73|81.5194|81.65
2019-02-26|81.299|81.9995|80.8067|81.82
2019-02-27|81.409|82.0905|80.755|82.0545
2019-02-28|81.7625|82.5885|81.6915|81.9915
2019-03-01|82.7565|83.713|82.55|83.5865
2019-03-04|84.25|85.4715|83.718|84.8085
2019-03-05|85.1475|85.39|84.4505|84.6215
2019-03-06|84.7985|84.8875|83.414|83.4475
2019-03-07|83.3685|83.4877|81.0255|81.2975
2019-03-08|80.2005|81.136|79.3285|81.04
2019-03-11|81.306|83.6143|81.3005|83.531
2019-03-12|83.45|84.2133|83.049|83.655
2019-03-13|84.15|85|83.9675|84.5405
2019-03-14|84.56|85.1|84.217|84.311
2019-03-15|85.15|85.94|84.6565|85.618
2019-03-18|85.635|87.5|85.6315|87.1075
2019-03-19|87.6755|89.208|87.6755|88.0925
2019-03-20|88.497|89.975|88.3517|89.8635
2019-03-21|89.813|91.1875|89.3641|90.963
2019-03-22|90.5085|90.949|88.1555|88.2385
2019-03-25|87.8895|89.1338|87.375|88.713
2019-03-26|89.65|90.2885|88.668|89.188
2019-03-27|89.2065|89.375|87.284|88.285
2019-03-28|88.5|88.8965|87.6735|88.671
2019-03-29|89.329|89.643|88.8315|89.0375
2019-04-01|90.0055|90.7835|89.9365|90.7095
2019-04-02|90.551|91|90.2561|90.699
2019-04-03|91.336|91.5|90.481|91.035
2019-04-04|91.0325|91.4375|90.21|90.943
2019-04-05|91.45|91.929|91.2595|91.864
2019-04-08|91.6615|92.51|91.2555|92.493
2019-04-09|92.2745|92.6545|91.589|91.792
2019-04-10|92.05|92.4|91.4405|92.3665
2019-04-11|92.435|92.4975|92.0155|92.2035
2019-04-12|92.42|92.575|92.065|92.153
2019-04-15|92.1|92.3425|90.945|92.2435
2019-04-16|92.5675|93.4885|92.4|93.152
2019-04-17|93.6495|93.8237|93.022|93.241
2019-04-18|93.4395|93.541|92.974|93.0845
2019-04-22|92.77|94.421|92.282|94.3655
2019-04-23|94.56|96.463|94.479|96.1885
2019-04-24|96.25|96.4845|94.908|95.0875
2019-04-25|95.8502|96.1225|95.0155|95.1125
2019-04-26|96.45|97.55|94.9|97.5315
2019-04-29|97.45|97.8168|96.7045|96.9215
2019-04-30|96.505|96.7855|95.3475|96.326
2019-05-01|96.6545|97.182|95.5275|95.576
2019-05-02|95.6665|96.0775|94.0935|95.041
2019-05-03|97.45|98.22|96.8|98.123
2019-05-06|95.899|97.95|95.525|97.5275
2019-05-07|96.9995|97.455|95.169|96.05
2019-05-08|95.9435|96.7685|95.5|95.8885
2019-05-09|95|95.47|93.8|94.9935
2019-05-10|94.9|95.1895|92.8|94.499
2019-05-13|91.828|92.3268|90.9|91.134
2019-05-14|91.975|92.622|90.7875|92.006
2019-05-15|91.3975|93.7214|91.15|93.5575
2019-05-16|94.297|95.8755|94.1145|95.3785
2019-05-17|94.6525|95.5265|93.3665|93.45
2019-05-20|92.6345|93.389|91.777|92.9485
2019-05-21|93.7395|93.95|92.3|92.876
2019-05-22|92.589|93.5743|92.55|92.984
2019-05-23|91.8295|92.2|90.21|90.774
2019-05-24|91.7945|92.088|90.8926|91.164
2019-05-28|91.6375|92.4633|91.3675|91.8215
2019-05-29|91.156|91.5|90.3766|90.9595
2019-05-30|91.2745|91.4735|90.3913|90.816
2019-05-31|89.5005|89.7793|88.6352|88.7535
2019-06-03|88.0005|88.3145|83.6|84.6345
2019-06-04|84.962|86.541|84.0445|86.478
2019-06-05|87.48|87.6|85.7626|86.925
2019-06-06|86.8855|88|86.3065|87.718
2019-06-07|88.185|90.3127|87.9745|90.2015
2019-06-10|91.1|94.2435|90.9|93.0315
2019-06-11|94.1625|94.685|92.9|93.185
2019-06-12|92.699|93.25|92.219|92.766
2019-06-13|93.336|94.1545|93.111|93.515
2019-06-14|93.2|93.8|92.95|93.4835
2019-06-17|93.825|94.7844|93.7725|94.3015
2019-06-18|95.0675|96.0835|94.9895|95.0685
2019-06-19|95.392|95.979|94.6235|95.4395
2019-06-20|96.6665|96.76|95.29|95.9095
2019-06-21|95.805|96.2975|95.379|95.565
2019-06-24|95.633|95.843|95.065|95.695
2019-06-25|95.592|95.8193|93.621|93.9135
2019-06-26|94.624|95.19|94.366|94.8915
2019-06-27|95.1|95.562|94.902|95.214
2019-06-28|95.455|95.647|94.2|94.6815
2019-07-01|96.149|96.491|95.733|96.1095
2019-07-02|95.969|96.7395|95.3315|96.7155
2019-07-03|96.7945|97.0795|96.525|96.95
2019-07-05|96.43|97.295|96.265|97.1455
2019-07-08|96.706|97.8|96.4127|97.616
2019-07-09|97.39|99.5005|97.1738|99.415
2019-07-10|99.8255|101.247|99.77|100.8705
2019-07-11|101.281|101.79|99.765|100.0535
2019-07-12|100.4135|100.85|100.1935|100.55
2019-07-15|101.07|101.145|100.0775|101.0495
2019-07-16|100.529|101.316|100.061|100.495
2019-07-17|100.3525|100.6|99.6015|99.6015
2019-07-18|99.0005|99.375|97.5775|98.895
2019-07-19|99.5605|99.8|98.1113|98.226
2019-07-22|98.557|99.45|97.913|99.2815
2019-07-23|99.7995|99.8895|98.6565|99.7245
2019-07-24|98.465|100.065|98.2935|100.0405
2019-07-25|100.05|100.06|98.636|98.691
2019-07-26|97.1|97.5448|96.2255|97.1525
2019-07-29|96.5|96.6113|94.527|95.6225
2019-07-30|94.5558|95.4945|94.174|94.9265
2019-07-31|94.9055|94.9775|92.472|93.339
2019-08-01|93.586|94.896|92.2005|92.766
2019-08-02|92.2535|92.3182|90.401|91.162
2019-08-05|88.511|89.4334|87.439|88.2565
2019-08-06|89.6115|89.6885|87.67|89.3915
2019-08-07|88.6995|89.9465|87.85|89.67
2019-08-08|90.3|91.713|89.9055|91.6445
2019-08-09|91.4475|91.5546|90.111|90.379
2019-08-12|89.7995|90.049|88.85|89.246
2019-08-13|89.15|91.5871|89|91.217
2019-08-14|89.6505|89.7826|87.8608|88.148
2019-08-15|89.0995|89.4|88.098|88.806
2019-08-16|89.6445|90.1454|89.2275|89.6285
2019-08-19|90.904|91.3|90.6305|90.806
2019-08-20|90.725|90.841|89.994|90.069
2019-08-21|90.9695|91.4789|90.75|91.177
2019-08-22|91.4|91.4706|90.005|90.28
2019-08-23|89.6515|90.2448|87.2615|87.481
2019-08-26|88.3455|88.5|87.1755|88.4435
2019-08-27|88.7865|88.97|87.334|88.0915
2019-08-28|87.75|88.393|87.2025|88.2125
2019-08-29|89.15|89.9275|88.8625|89.32
2019-08-30|89.8745|89.987|88.2285|88.8145
2019-09-03|88.5|90.04|88.4|89.492
2019-09-04|90.25|90.3815|89.8115|90.031
2019-09-05|91.0975|92.1|90.7788|92.036
2019-09-06|91.911|92.0325|91.32|91.6755
2019-09-09|92.05|92.5|91.2305|91.5675
2019-09-10|91.1375|91.2905|90.2668|91.0275
2019-09-11|90.607|91.671|90.454|91.1495
2019-09-12|91.8815|92.683|91.714|92.1775
2019-09-13|92.1005|92.3061|91.7585|91.967
2019-09-16|91.201|91.2847|90.01|90.392
2019-09-17|90.354|91.1995|90.205|91.1275
2019-09-18|90.852|91.103|89.775|90.873
2019-09-19|91.051|91.6285|90.895|91.075
2019-09-20|91.0855|91.5315|89.046|89.708
2019-09-23|88.85|89.635|88.366|89.265
2019-09-24|89.5303|89.7853|86.7773|87.0805
2019-09-25|87.368|88.65|86.15|88.4165
2019-09-26|88.1395|88.1685|86.575|86.992
2019-09-27|87.4|87.456|85.691|86.2725
2019-09-30|86.3495|86.873|85.461|86.7955
2019-10-01|87.3|87.78|86.4205|86.7825
2019-10-02|86.387|86.4445|85.25|85.6615
2019-10-03|85.65|86.25|84.253|86.221
2019-10-04|86.301|87.0288|85.9615|86.9825
2019-10-07|86.5815|87.3915|86.185|86.633
2019-10-08|86.1245|86.35|85.25|85.2755
2019-10-09|85.9805|86.4975|85.718|86.0995
2019-10-10|86.262|86.9145|85.6875|86.013
2019-10-11|87.146|87.2725|86.493|86.596
2019-10-14|86.4455|87.0944|86.1|86.8215
2019-10-15|87.107|88.8225|87.031|88.369
2019-10-16|88.6665|89.312|88.5261|88.8715
2019-10-17|89.8245|89.9425|89.101|89.374
2019-10-18|89.39|89.699|87.46|87.8755
2019-10-21|88.483|89.294|88.25|89.283
2019-10-22|89.4075|89.489|88.1|88.2865
2019-10-23|88.065|88.5025|87.1|88.1085
2019-10-24|88.5545|89.4169|88.0135|89.039
2019-10-25|84.8775|88.2105|84.75|88.0665
2019-10-28|87.403|88.935|87.125|88.854
2019-10-29|88.7405|88.85|87.7905|88.1355
2019-10-30|88.012|89.119|87.9558|88.9995
2019-10-31|88.7995|89.6|88.5738|88.833
2019-11-01|89.4005|89.8723|89.2605|89.572
2019-11-04|90.0505|90.753|90.0505|90.233
2019-11-05|90.458|90.5125|89.7|90.0855
2019-11-06|90.05|90.125|89.429|89.7885
2019-11-07|90.188|90.295|89.174|89.41
2019-11-08|89.3945|89.494|88.702|89.294
2019-11-11|88.9|89|88.3565|88.5825
2019-11-12|88.733|89.311|88.5955|88.9
2019-11-13|88.6695|88.75|87.3661|87.6555
2019-11-14|87.5715|88.3297|87.478|87.73
2019-11-15|88.0025|88.084|86.643|86.9745
2019-11-18|86.915|87.685|86.1355|87.6265
2019-11-19|87.8495|88.034|87.1515|87.6395
2019-11-20|87.457|88.1262|86.706|87.2765
2019-11-21|87.15|87.3435|86.518|86.7355
2019-11-22|86.951|87.3215|86.55|87.286
2019-11-25|87.6625|88.871|87.662|88.692
2019-11-26|88.996|89.8515|88.9175|89.847
2019-11-27|90.05|91.225|89.8655|90.9255
2019-11-29|90.889|91.2345|90.0395|90.04
2019-12-02|90.22|90.2775|88.134|89.08
2019-12-03|88|88.6435|87.3615|88.498
2019-12-04|88.7005|89.4545|88.011|88.0345
2019-12-05|88.175|88.175|87|87.024
2019-12-06|87.56|87.72|87.0065|87.58
2019-12-09|87.533|88.3446|87.2805|87.4755
2019-12-10|87.37|87.5335|86.75|86.9605
2019-12-11|87.0835|87.5|86.7855|87.436
2019-12-12|87.5|88.2|87.272|88.0165
2019-12-13|88.25|88.4495|87.75|88.047
2019-12-16|88.35|88.475|87.8525|88.4605
2019-12-17|88.9005|89.6|88.8695|89.533
2019-12-18|89.751|89.91|89.118|89.2015
2019-12-19|89.025|89.6495|88.703|89.614
2019-12-20|89.9808|90.1485|89.1225|89.325
2019-12-23|89.413|89.65|89.2255|89.65
2019-12-24|89.6905|89.7785|89.3788|89.4605
2019-12-26|90.0505|93.523|89.975|93.4385
2019-12-27|94.146|95.07|93.3005|93.49
2019-12-30|93.7|94.2|92.031|92.3445
2019-12-31|92.1|92.663|91.6115|92.392
2020-01-02|93.75|94.9005|93.2075|94.9005
2020-01-03|93.225|94.3098|93.225|93.7485
2020-01-06|93|95.1845|93|95.144
2020-01-07|95.225|95.6945|94.6022|95.343
2020-01-08|94.902|95.55|94.3222|94.5985
2020-01-09|95.4945|95.891|94.7902|95.0525
2020-01-10|95.2685|95.347|94|94.158
2020-01-13|94.5655|94.9|94.04|94.565
2020-01-14|94.294|94.3555|92.9275|93.472
2020-01-15|93.6125|93.943|92.7545|93.101
2020-01-16|94.1495|94.2795|93.301|93.897
2020-01-17|94.2945|94.332|92.8625|93.236
2020-01-21|93.25|94.7135|93|94.6
2020-01-22|94.8045|95.125|94.167|94.373
2020-01-23|94.2555|94.4988|93.638|94.229
2020-01-24|94.5685|94.7495|92.372|93.082
2020-01-27|91|92.05|90.767|91.417
2020-01-28|92.025|92.9055|91.501|92.6625
2020-01-29|93.2|93.7375|92.751|92.9
2020-01-30|92.9|93.6435|92.5305|93.534
2020-01-31|102.5735|102.786|100.1135|100.436
2020-02-03|100.53|102.425|100.0125|100.21
2020-02-04|101.494|102.99|100.7685|102.4835
2020-02-05|103.551|103.551|101.6|101.9935
2020-02-06|102.051|102.815|101.24|102.5115
2020-02-07|102.0995|104.9265|101.905|103.964
2020-02-10|104.2505|106.78|104.248|106.6955
2020-02-11|107.545|109.2975|106.8|107.54
2020-02-12|108.16|109.0125|107.7645|108
2020-02-13|107.2495|108.514|107.1|107.4935
2020-02-14|107.784|107.9518|106.2945|106.7435
2020-02-18|106.251|108.3035|106.2053|107.7835
2020-02-19|108.39|109.255|108.056|108.511
2020-02-20|108.6535|108.8395|106.3725|107.655
2020-02-21|107.1075|107.2275|104.4|104.7985
2020-02-24|100.159|101.9648|99.3987|100.4645
2020-02-25|101.321|101.73|97.921|98.637
2020-02-26|98.514|100.7335|98.0225|98.9795
2020-02-27|96.719|98.75|94.1381|94.215
2020-02-28|90.7315|94.488|90.5565|94.1875
2020-03-02|95.3245|97.7255|93.5|97.6975
2020-03-03|98.7685|99.8165|94.4045|95.4495
2020-03-04|97.3285|98.9|96.1|98.7915
2020-03-05|96.65|98.036|95.5|96.2015
2020-03-06|93.75|95.5435|93.475|95.0545
2020-03-09|88.693|93.1385|88.0645|90.0305
2020-03-10|93.544|94.7135|90.9085|94.591
2020-03-11|92.8925|93.566|90.075|91.043
2020-03-12|86.099|88.25|83.75|83.8305
2020-03-13|87.75|89.3155|84.031|89.25
2020-03-16|82.0755|87.9726|81.3016|84.4575
2020-03-17|88.7735|92.8888|84.462|90.392
2020-03-18|87.5|92.083|87.25|91.5
2020-03-19|93|97.25|91.6325|94.0465
2020-03-20|96.3155|97.85|91.0365|92.3045
2020-03-23|91.3875|95.97|90.6|95.1415
2020-03-24|97.5748|97.75|95.017|97.005
2020-03-25|96.0345|97.513|94.289|94.292
2020-03-26|95.1|97.8245|94.4645|97.7745
2020-03-27|96.543|96.9895|94.996|95.005
2020-03-30|96.1415|98.6815|95.617|98.1975
2020-03-31|98.2175|99.651|97.2005|97.486
2020-04-01|96.6485|97.248|94.65|95.385
2020-04-02|95.082|96.3763|94.5|95.9415
2020-04-03|95.5575|96.3165|94.4575|95.3295
2020-04-06|96.8|99.926|96.501|99.8795
2020-04-07|100.8555|101.786|99.881|100.58
2020-04-08|101.05|102.2|100.5575|102.15
2020-04-09|102.215|102.65|100.883|102.138
2020-04-13|102|109|101.9|108.4435
2020-04-14|110.0235|114.6|109.3105|114.166
2020-04-15|112.884|116.6685|112.25|115.384
2020-04-16|117.3|123.0499|116.75|120.4095
2020-04-17|118.6165|120|115.801|118.75
2020-04-20|119.4975|122.249|119.3025|119.6805
2020-04-21|120.8305|121.4155|113.983|116.406
2020-04-22|118.45|119.7|117.55|118.1745
2020-04-23|119.999|121.211|119.104|119.9725
2020-04-24|120.85|121.0217|119.1|120.511
2020-04-27|122.16|122.244|118.15|118.8
2020-04-28|118.605|118.675|115.3|115.704
2020-04-29|116.5005|119.5945|115.5|118.6355
2020-04-30|120.992|123.75|119.8005|123.7
2020-05-01|116.84|118.122|112.9095|114.302
2020-05-04|112.819|116.349|112.819|115.7995
2020-05-05|117|117.55|115.3563|115.89
2020-05-06|116.472|117.8725|116|117.563
2020-05-07|118.739|118.8|117.1555|118.3805
2020-05-08|118.607|119.3622|117.85|118.9805
2020-05-11|118.735|120.9833|118.6055|120.45
2020-05-12|120.5925|120.95|117.75|117.8475
2020-05-13|118.34|120.385|116.8903|118.396
2020-05-14|118.0505|119.5685|117.6605|119.4425
2020-05-15|118.426|120.55|117.8185|120.489
2020-05-18|120.2173|121.65|119.2005|121.313
2020-05-19|121.4915|124.2498|121.4485|122.4665
2020-05-20|123.8935|125.0005|123.3635|124.897
2020-05-21|125|126.2725|122.127|122.337
2020-05-22|122.7505|123.4925|121.5065|121.844
2020-05-26|122.9|123.1|120.703|121.093
2020-05-27|120.2495|120.679|116.5|120.5195
2020-05-28|119.2165|121.8485|118.9115|120.055
2020-05-29|120.797|122.1185|119.9099|122.1185
2020-06-01|122.4|123.8465|122.2085|123.552
2020-06-02|123.35|123.6765|122.2655|123.6205
2020-06-03|123.4005|124.4|123.0585|123.92
2020-06-04|123.8715|125.377|122.5005|123.03
2020-06-05|122.2255|124.4323|121.8565|124.15
2020-06-08|125.01|126.5|124.3668|126.203
2020-06-09|126.472|131.3215|126.25|130.043
2020-06-10|132.25|136.1175|131.313|132.3725
2020-06-11|130.175|133.569|126.8115|127.898
2020-06-12|130.0605|131.0738|125.1675|127.251
2020-06-15|126.33|129.2|125.4|128.634
2020-06-16|131|131|128.8|130.7635
2020-06-17|132.375|132.75|131.591|132.049
2020-06-18|132.3505|132.982|131.8055|132.699
2020-06-19|133.904|134.8715|132.95|133.7505
2020-06-22|134.225|135.75|133.45|135.691
2020-06-23|136.301|139.1555|135.902|138.2205
2020-06-24|139|139.8|136.05|136.72
2020-06-25|136.9775|137.8115|135.607|137.729
2020-06-26|138.7528|139.1284|134.4|134.6435
2020-06-29|134.5005|134.84|131.504|134.019
2020-06-30|134.2533|138.4815|133.7515|137.941
2020-07-01|137.8995|144.75|137.7|143.935
2020-07-02|145.6005|147.778|143.5551|144.515
2020-07-06|146.7485|152.994|146.5|152.852
2020-07-07|152.9275|153.4775|149.5|150.006
2020-07-08|151.1305|154.1985|150.6215|154.0555
2020-07-09|155.7995|159.694|153.7001|159.1315
2020-07-10|159.588|160.75|156.785|160
2020-07-13|162.553|167.2145|153.4195|155.2
2020-07-14|154.45|156.369|147.5|154.2
2020-07-15|154.0115|154.9175|148.659|150.4435
2020-07-16|148.553|151.6|145.9115|149.995
2020-07-17|150.45|151.2|147.4225|148.0985
2020-07-20|150.01|160.068|149.7009|159.842
2020-07-21|161.6245|162.0288|155.286|156.9145
2020-07-22|156.25|157.5|153.263|154.9955
2020-07-23|154.9136|154.9136|148.5|149.3275
2020-07-24|146.5|151.579|144.4|150.4455
2020-07-27|153.1|154.9|150.7885|152.7605
2020-07-28|152.7135|153.8546|149.788|150.0165
2020-07-29|151.5495|151.958|149.8385|151.6765
2020-07-30|150.7|154.6|150.25|152.594
2020-07-31|162.2|162.341|157.55|158.234
2020-08-03|159.0255|159.2|155.2|155.5945
2020-08-04|155.0605|158.362|155.0605|156.9415
2020-08-05|157.1885|160.6793|156.365|160.2515
2020-08-06|159.718|162.3735|158.2715|161.25
2020-08-07|161.2005|162.0405|157.0336|158.373
2020-08-10|158.5155|158.6255|155.076|157.408
2020-08-11|155.66|157.961|153.65|154.0335
2020-08-12|155.4|158.7193|155.071|158.112
2020-08-13|159.1495|160.8761|157.75|158.051
2020-08-14|158.909|158.9118|156|157.401
2020-08-17|158.656|159.7485|157.7089|159.1205
2020-08-18|160.6|166|160.2909|165.6245
2020-08-19|165.1505|165.795|162.8|163.024
2020-08-20|162.6|165.631|161.9|164.8685
2020-08-21|164.75|165.7198|163.7695|164.236
2020-08-24|165.5075|169.0158|162.878|165.373
2020-08-25|164.7495|167.87|163.35|167.3245
2020-08-26|167.5555|172.5869|167.2284|172.0925
2020-08-27|172.5025|172.65|168.9|170
2020-08-28|171.15|171.6685|169.325|170.09
2020-08-31|170.4495|174.75|170.25|172.548
2020-09-01|174.479|175.6935|173.35|174.956
2020-09-02|177.35|177.6125|174.3343|176.5725
2020-09-03|174.25|174.4205|165.15|168.4
2020-09-04|165.9|169.075|155.5565|164.731
2020-09-08|157.2|162.5423|156.5|157.492
2020-09-09|160.1495|165.1588|159.25|163.4305
2020-09-10|165.3609|167.4945|158.5275|158.7555
2020-09-11|160.4345|160.867|154.199|155.811
2020-09-14|158.6469|159.3695|154.8|155.1485
2020-09-15|156.808|158.751|155.446|157.8065
2020-09-16|158.9995|159.3619|153.7075|153.905
2020-09-17|150.4625|151.4716|148.6275|150.4365
2020-09-18|151.587|151.89|145.277|147.7455
2020-09-21|145.325|148.1|143.55|148.0235
2020-09-22|151.6918|156.6995|150.01|156.4495
2020-09-23|156.0215|156.35|149.6188|149.993
2020-09-24|148.8895|153.465|148.25|150.9895
2020-09-25|152.743|155.077|149.95|154.7565
2020-09-28|157.4425|158.752|155.8584|158.7025
2020-09-29|158.7695|159.413|156.627|157.244
2020-09-30|157.057|160.644|156.6995|157.4365
2020-10-01|160.4|161.2|158.6|161.063
2020-10-02|157.6815|159.7898|156.15|156.25
2020-10-05|157.292|160.1265|157.0425|159.96
2020-10-06|158.25|159.1|154.5|154.998
2020-10-07|156.75|160|156.6193|159.7845
2020-10-08|161.2495|161.6647|158.7495|159.5275
2020-10-09|160.5|164.4495|159.8915|164.3325
2020-10-12|167.497|174.812|166.9775|172.1465
2020-10-13|173.3995|174.619|171.2109|172.1815
2020-10-14|172.35|173.244|167|168.1855
2020-10-15|164.6005|167.794|164|166.9325
2020-10-16|168.1615|169.983|158|163.6355
2020-10-19|164.9805|166.45|159.6368|160.3605
2020-10-20|161.114|163.3|159.6005|160.8505
2020-10-21|160.625|161.6938|158|159.247
2020-10-22|159.4935|159.9375|156.097|158.82
2020-10-23|159.55|160.2665|157|160.22
2020-10-26|159.937|164.149|157.665|160.352
2020-10-27|161.247|164.583|160.565|164.3165
2020-10-28|162.465|163.201|158.1235|158.139
2020-10-29|160.0635|162.8625|158.2|160.5505
2020-10-30|157.8875|158.3502|150.95|151.8075
2020-11-02|153.087|153.9853|147.506|150.224
2020-11-03|150.9265|153.745|149.049|152.4205
2020-11-04|157.9995|162.2425|156.9865|162.058
2020-11-05|165.9985|168.34|164.444|166.1
2020-11-06|165.232|166.1|161.6|165.5685
2020-11-09|161.5515|164.45|155.6053|157.187
2020-11-10|154.751|155.7|150.9741|151.751
2020-11-11|153.089|156.9573|152.5|156.8695
2020-11-12|157.9975|158.794|154.3025|155.514
2020-11-13|156.1|157.0861|154.2695|156.4405
2020-11-16|154.66|157.135|153.6343|156.553
2020-11-17|159.1772|159.4625|156.763|156.783
2020-11-18|156.7|157|155.255|155.273
2020-11-19|155.2655|156.25|154.046|155.851
2020-11-20|155.851|156.6445|154.9023|154.97
2020-11-23|155.8349|156.9873|153.273|154.9195
2020-11-24|155.025|156.7125|154.3129|155.903
2020-11-25|157.0935|159.9|157.013|159.2535
2020-11-27|160.563|160.8095|159.5025|159.767
2020-11-30|160.424|161.4195|156.2775|158.402
2020-12-01|159.425|162.4475|157.859|161.004
2020-12-02|161.0825|161.6|158.663|160.1765
2020-12-03|160.273|161.432|159.0655|159.3365
2020-12-04|159.9105|159.9105|157.938|158.129
2020-12-07|157.824|159.038|157.0845|157.9
2020-12-08|157.945|159.2065|156.001|158.8645
2020-12-09|158.3945|158.7215|154.4|155.21
2020-12-10|154.4495|157.105|153.8|155.0745
2020-12-11|154.833|155.9335|153.641|155.821
2020-12-14|157.15|159.5235|156.3|157.8485
2020-12-15|159.0505|159.425|156.5245|158.256
2020-12-16|158.8005|162.35|158.184|162.048
2020-12-17|162.5|163.1755|161.05|161.804
2020-12-18|162.1995|162.471|158.58|160.0825
2020-12-21|160.0005|161.3483|158.3|160.309
2020-12-22|160.1422|161.1|159.004|160.326
2020-12-23|160.25|160.5065|159.2085|159.2635
2020-12-24|159.695|160.1|158.45|158.6345
2020-12-28|159.7|165.2|158.6345|164.198
2020-12-29|165.497|167.5325|164.0612|166.1
2020-12-30|167.05|167.105|164.1235|164.2925
2020-12-31|163.75|164.1461|162.06|162.8465
2021-01-04|163.5|163.6|157.201|159.3315
2021-01-05|158.3005|161.169|158.253|160.9255
2021-01-06|157.324|159.8755|156.558|156.919
2021-01-07|157.85|160.4271|157.75|158.108
2021-01-08|159|159.532|157.11|159.135
2021-01-11|157.4005|157.8192|155.5|155.7105
2021-01-12|156|157.1071|154.3|156.0415
2021-01-13|156.422|159.4975|156.104|158.2945
2021-01-14|158.376|158.9|156.0295|156.3735
2021-01-15|156.151|157.1273|154.7585|155.2125
2021-01-19|155.35|157.25|154.8|156.038
2021-01-20|159.0995|163.99|158.75|163.169
2021-01-21|164.65|167.4275|164.4784|165.3495
2021-01-22|165.2155|166.0955|164.1582|164.6115
2021-01-25|166.425|168.1945|162.1573|164.7
2021-01-26|164.8178|166.9|164.1435|166.3065
2021-01-27|167.0745|167.326|160.354|161.629
2021-01-28|161.752|165.084|161.4345|161.881
2021-01-29|161.5|161.8495|159.3|160.31
2021-02-01|162.118|167.513|161.7513|167.144
2021-02-02|169|171.387|168.0563|169
2021-02-03|171.2505|171.7|165.431|165.6265
2021-02-04|166.5|167.35|163.8875|166.55
2021-02-05|165.95|168.85|165.1355|167.6075
2021-02-08|167.925|168.25|165.2|166.147
2021-02-09|165.6245|166.9|164.892|165.25
2021-02-10|165.7|165.8977|162.7|164.329
2021-02-11|164.6|164.6|162.403|163.1065
2021-02-12|162.5|164.0125|161.6655|163.8855
2021-02-16|162.7025|165.415|162.6796|163.4475
2021-02-17|163.18|166.0455|162.975|165.432
2021-02-18|164.121|166.9|163.697|166.4115
2021-02-19|166.4115|166.675|162.2875|162.495
2021-02-22|160.4065|161.616|158.613|159.037
2021-02-23|156.3515|160.2365|154.68|159.725
2021-02-24|158.3375|158.5615|156.269|157.9765
2021-02-25|156.837|158.913|152.388|152.858
2021-02-26|154.76|156.122|151.835|154.6465
2021-03-01|156.3945|157.478|154.8995|157.307
2021-03-02|157.1735|158.176|154.356|154.7265
2021-03-03|154.059|155.3888|149.75|150.25
2021-03-04|150.6|152.9065|147.2715|148.8785
2021-03-05|150.25|150.45|144.05|150.023
2021-03-08|150.75|153.2295|147.5655|147.5975
2021-03-09|150.8995|154.548|150.2574|153.1425
2021-03-10|154.9225|155.823|151.5025|152.882
2021-03-11|155.2005|156.5892|154.1465|155.6795
2021-03-12|153.75|154.949|152.275|154.4745
2021-03-15|153.7285|154.112|151.6045|154.084
2021-03-16|155.2485|156.4455|153.793|154.593
2021-03-17|153.661|158.6525|153.511|156.7865
2021-03-18|155.05|155.8315|151.25|151.3995
2021-03-19|151.4615|153.8643|150.8315|153.748
2021-03-22|153.3925|156.329|153.0025|155.5435
2021-03-23|156.35|159.1|156.0425|156.875
2021-03-24|157.552|158.0155|154.2575|154.3535
2021-03-25|153.6495|155.489|151.857|152.313
2021-03-26|152.203|152.833|149.8|152.6015
2021-03-29|152.772|154.5625|151.4223|153.7865
2021-03-30|153.5005|153.65|151.7|152.7645
2021-03-31|153.203|155.9665|153.125|154.704
2021-04-01|155.897|158.122|155.7775|158.05
2021-04-05|158.65|161.7978|158.062|161.3365
2021-04-06|161.1875|162.3655|160.852|161.191
2021-04-07|161.69|165.1806|161.1825|163.9695
2021-04-08|165.545|166.225|164.6|164.965
2021-04-09|165.235|168.61|164.445|168.61
2021-04-12|167.7605|169.752|167.5575|168.9695
2021-04-13|170.0423|171.6|169.7815|170
2021-04-14|170.202|170.2065|166.3|166.65
2021-04-15|168.55|169.85|167.6|168.9545
2021-04-16|169|170.34|167.7795|169.972
2021-04-19|169.5165|171.7967|168.008|168.6005
2021-04-20|168.68|169.1495|165.8|166.7345
2021-04-21|165.8|168.143|165.1903|168.101
2021-04-22|168.584|168.6435|165.0725|165.452
2021-04-23|165.955|168.75|165.425|167.044
2021-04-26|167.4|171.4225|166.547|170.45
2021-04-27|172.1735|173|169.9005|170.8715
2021-04-28|171.74|174.494|171.25|172.925
2021-04-29|175.2549|175.7223|171.75|173.5655
2021-04-30|176.256|177.7|173.125|173.371
2021-05-03|174.2365|174.3323|168.6351|169.3245
2021-05-04|167.8095|168.3988|163.6065|165.5935
2021-05-05|166.9428|167.7348|163.218|163.527
2021-05-06|163.5|165.72|162.36|165.3185
2021-05-07|165.9545|166.5445|164.4535|164.5805
2021-05-10|164.116|164.15|159.5|159.5245
2021-05-11|156.814|161.9|156.3685|161.1955
2021-05-12|159.25|160.397|156.655|157.597
2021-05-13|159.2735|160.192|156.65|158.0735
2021-05-14|159.278|161.443|159.15|161.145
2021-05-17|162.2965|164.6375|161.7295|163.5195
2021-05-18|164.6288|165.6|161.5185|161.614
2021-05-19|159.75|161.7375|159.2|161.59
2021-05-20|162.2202|162.984|161.809|162.384
2021-05-21|162.5|162.8347|159.8505|160.154
2021-05-24|160.775|162.8975|160.525|162.2495
2021-05-25|163.3335|163.991|160.688|162.9525
2021-05-26|163.7295|164.7865|162.9255|163.258
2021-05-27|162.8|163.0178|161.502|161.5055
2021-05-28|162.1|162.3995|160.985|161.1535
2021-06-01|162.1748|162.549|160.453|160.9325
2021-06-02|161.155|161.75|160.4|161.6995
2021-06-03|160.2115|160.7218|159.2015|159.3505
2021-06-04|160.6|161.05|159.9405|160.311
2021-06-07|159.8665|160.4|158.61|159.9005
2021-06-08|161.1305|163.9766|160.9005|163.2055
2021-06-09|163.6435|164.879|163.535|164.0575
2021-06-10|164.1005|167.55|164.0575|167.4825
2021-06-11|167.4825|168.329|166.6725|167.3415
2021-06-14|167.3415|169.25|166.775|169.1935
2021-06-15|169.2|169.8493|168.1555|169.1565
2021-06-16|169.6|171.3175|168.0265|170.7625
2021-06-17|170.159|174.86|170.05|174.462
2021-06-18|173.9995|175.35|173.6855|174.345
2021-06-21|173.821|174.1|171.7|172.698
2021-06-22|172.903|176.189|172.8045|175.272
2021-06-23|175.25|176.05|174.16|175.191
2021-06-24|175.382|176.243|171.5425|172.454
2021-06-25|173.2|173.241|169.709|170.073
2021-06-28|170.8|172.4|170.6755|172.1945
2021-06-29|171.941|172.8015|171.1515|172.407
2021-06-30|172.053|173.5801|171.75|172.008
2021-07-01|171.7305|172.85|170.471|171.6485
2021-07-02|172.582|175.586|171.846|175.549
2021-07-06|176.5055|184.274|176.45|183.787
2021-07-07|185.8689|186.71|183.9455|184.829
2021-07-08|182.178|187.9993|181.056|186.5705
2021-07-09|186.126|187.4|184.6698|185.967
2021-07-12|187.2|187.8645|184.8396|185.9275
2021-07-13|185.105|188.6539|183.566|183.868
2021-07-14|185.4425|185.883|183.0413|184.084
2021-07-15|184.71|184.77|181.046|181.56
2021-07-16|181.6655|182.303|178.5228|178.6815
2021-07-19|176.629|177.5105|174.958|177.4795
2021-07-20|178.366|179.6|175.9|178.6595
2021-07-21|178.8188|179.3225|177.1821|179.26
2021-07-22|179.3615|182.001|179.1135|181.9015
2021-07-23|182|183.3055|181.102|182.832
2021-07-26|183.6585|185.604|182.3625|184.991
2021-07-27|184.925|184.925|179.3075|181.3195
2021-07-28|181.689|182.921|180.05|181.516
2021-07-29|181.3875|181.8975|179.0005|179.996
2021-07-30|167.3975|168.407|165.349|166.3795
2021-08-02|167.655|167.946|165.85|166.574
2021-08-03|167.036|169.55|164.9885|168.312
2021-08-04|168.9675|169.444|167.278|167.736
2021-08-05|167.811|169.45|167.046|168.7995
2021-08-06|168.75|168.75|166.4519|167.247
2021-08-09|167.1805|167.744|166.426|167.0935
2021-08-10|167.2505|167.9|165.75|166.034
2021-08-11|166.5723|166.885|163.8895|164.6055
2021-08-12|164.5|165.7255|163.4835|165.175
2021-08-13|165.2835|165.3033|164.15|164.6985
2021-08-16|164.15|165|160.5565|164.9495
2021-08-17|163.875|164.0245|161.284|162.098
2021-08-18|162.0995|162.7049|160|160.061
2021-08-19|159.701|161.65|159.1232|159.3875
2021-08-20|160.1936|160.3905|158.788|159.9975
2021-08-23|160.595|164.045|160.5003|163.2935
2021-08-24|164|165.7747|163.729|165.289
2021-08-25|165.4935|166.05|164.3075|164.959
2021-08-26|164.95|166.6|164.8|165.8
2021-08-27|166.6615|167.616|165.6875|167.4815
2021-08-30|167.8713|172.25|167.761|171.0785
2021-08-31|171.24|173.629|169.7795|173.5395
2021-09-01|174.8198|176.35|173.762|173.95
2021-09-02|174.738|175.598|172.75|173.156
2021-09-03|172.6|174.1335|171.822|173.9025
2021-09-07|173.9|176.4045|173.847|175.4645
2021-09-08|175.5825|177.2815|174.7835|176.275
2021-09-09|176.301|177.4995|174.0185|174.208
2021-09-10|175.0915|175.4225|173.1453|173.4575
2021-09-13|174.14|174.898|171.9|172.8585
2021-09-14|173.7775|174.3403|171.8855|172.5
2021-09-15|172.126|174.271|170.1005|173.7895
2021-09-16|172.998|174.6275|172.3072|174.412
2021-09-17|174.4207|174.8705|172.6065|173.126
2021-09-20|169.8|170.95|165.2505|167.7865
2021-09-21|168.75|168.985|166.6195|167.1815
2021-09-22|167.55|169.45|167.0525|169.0025
2021-09-23|169.0025|171.448|169.0025|170.8
2021-09-24|170.1005|171.463|169.67|171.276
2021-09-27|168.575|170.7785|166.9805|170.29
2021-09-28|167.8855|168.4595|164.505|165.798
2021-09-29|166.1055|167.565|164.8935|165.056
2021-09-30|165.8|166.3925|163.6995|164.252
2021-10-01|164.4505|165.4587|162.797|164.163
2021-10-04|163.9695|163.9995|158.8125|159.489
2021-10-05|160.225|163.0365|160.1232|161.05
2021-10-06|160.6765|163.217|159.931|163.1005
2021-10-07|164.577|166.2873|164.153|165.1215
2021-10-08|165.85|166.0715|164.41|164.431
2021-10-11|163.75|164.6295|161.905|162.315
2021-10-12|162.85|163.3764|161.814|162.3665
2021-10-13|163.4855|164.419|163.0544|164.214
2021-10-14|165.1227|165.63|164.539|164.993
2021-10-15|165.571|170.521|165.2|170.451
2021-10-18|169.4179|172.4585|169.255|172.337
2021-10-19|171.7145|172.7345|171.1|172.2075
2021-10-20|172.633|173.143|170.0185|170.753
2021-10-21|170.7125|172.014|170.15|171.7505
2021-10-22|171.05|171.492|166.565|166.7775
2021-10-25|166.75|167.39|164.885|166.0185
2021-10-26|167.4755|170.806|167.199|168.8035
2021-10-27|169.4|171.85|168.5727|169.6245
2021-10-28|170.1048|173.95|169.3|172.3285
2021-10-29|165.001|168.741|163.666|168.6215
2021-11-01|168.09|168.793|164.601|165.9055
2021-11-02|165.7505|166.5558|164.1775|165.6375
2021-11-03|165.45|169.746|164.876|169.2
2021-11-04|168.5|174.9313|168.25|173.85
2021-11-05|173.85|178.3125|173.849|175.9495
2021-11-08|176.162|178.95|174.393|174.449
2021-11-09|175.7625|179.6885|175.0713|178.8115
2021-11-10|178.1935|180.2725|173.1545|174.1025
2021-11-11|175.65|177.162|173.3735|173.625
2021-11-12|174.25|177.0363|172.3525|176.2575
2021-11-15|176.85|179.694|176.2905|177.284
2021-11-16|176.95|178.825|176.2573|177.035
2021-11-17|178.236|179.3623|177.2675|177.45
2021-11-18|178.3175|185.21|178.05|184.803
2021-11-19|185.6345|188.1073|183.786|183.8285
2021-11-22|183.8188|185.6728|178.375|178.6285
2021-11-23|179.252|181.0525|176.3855|179.002
2021-11-24|178.1335|180.682|176.8425|179.0205
2021-11-26|180.1048|181.675|175.2075|175.228
2021-11-29|177.3822|179.8|176.575|178.0785
2021-11-30|178.175|179.2885|174.6005|175.3535
2021-12-01|177.25|177.994|172.08|172.186
2021-12-02|173|174.635|171.1875|171.868
2021-12-03|172.75|173.4933|166.93|169.4895
2021-12-06|169.65|173.6955|166.9345|171.3685
2021-12-07|174.6|177.4995|173.3345|176.1645
2021-12-08|176.1505|177.18|174.7505|176.158
2021-12-09|175.75|176.9695|174.1395|174.171
2021-12-10|175.417|175.927|170.5|172.212
2021-12-13|172|172.1|169.13|169.5675
2021-12-14|167.55|169.499|166.44|169.0915
2021-12-15|168.598|173.6|165.195|173.315
2021-12-16|173.3686|174.166|168.1603|168.871
2021-12-17|167.7105|170.8985|165.6136|170.0175
2021-12-20|166.85|167.8743|165.6|167.079
2021-12-21|167.8505|170.7165|165.6475|170.417
2021-12-22|169.2698|172.05|168.5005|171.037
2021-12-23|170.428|171.975|170.15|171.0685
2021-12-27|171.037|172.943|169.2155|169.6695
2021-12-28|170.1825|172.1759|169.1355|170.661
2021-12-29|170.84|171.212|168.6005|169.201
2021-12-30|169.7|170.888|168.524|168.6445
2021-12-31|168.956|169.35|166.5585|166.717
2022-01-03|167.55|170.7035|166.1605|170.4045
2022-01-04|170.438|171.4|166.3495|167.522
2022-01-05|166.883|167.1263|164.357|164.357
2022-01-06|163.4505|164.8|161.9372|163.254
2022-01-07|163.839|165.2433|162.031|162.554
2022-01-10|160.5855|161.6615|156.3045|161.486
2022-01-11|161.5|166.35|160.7015|165.362
2022-01-12|166.575|166.878|164.417|165.207
2022-01-13|165.2505|166.2215|161.091|161.214
2022-01-14|160.15|162.25|159.8005|162.138
2022-01-18|159.105|159.7345|157.6645|158.9175
2022-01-19|158.762|159.25|156.25|156.299
2022-01-20|156.766|158|151.351|151.6675
2022-01-21|149.95|150.9|142.0704|142.643
2022-01-24|139|144.945|135.352|144.544
2022-01-25|142.2425|143.6|138.145|139.986
2022-01-26|144.75|145.1848|137.3185|138.8725
2022-01-27|140.8|144.2435|139.35|139.6375
2022-01-28|140.8605|143.998|137.9293|143.978
2022-01-31|144.75|150.3605|144.3005|149.5735
2022-02-01|150|151.708|147.6277|151.1935
2022-02-02|155.0504|155.075|148.8636|150.6125
2022-02-03|141.7375|144.2475|138.333|138.8455
2022-02-04|155.6065|161.2|150.608|157.6395
2022-02-07|158.52|162.6908|157.25|157.9355
2022-02-08|156.7505|161.7925|155.5505|161.4135
2022-02-09|162.8735|163.8345|160.25|161.1895
2022-02-10|158.35|160.7165|157.75|159.0035
2022-02-11|158.1345|159|152.7338|153.2935
2022-02-14|151.751|158.4483|151.65|155.167
2022-02-15|157.6055|158.007|154.6375|156.5105
2022-02-16|155.7905|158.834|154.7345|158.1005
2022-02-17|158.146|160.3488|154.5|154.6525
2022-02-18|155.4995|155.4995|150.893|152.6015
2022-02-22|150.4785|152.9825|148.4855|150.1975
2022-02-23|151.6505|151.763|144.651|144.827
2022-02-24|139.8375|151.749|139.5|151.358
2022-02-25|150.55|153.99|149.2135|153.7885
2022-02-28|152.425|154.45|150.85|153.563
2022-03-01|152.7325|154.099|149.977|151.142
2022-03-02|150.849|152.9995|148.75|152.0525
2022-03-03|153.5315|153.929|146.856|147.8985
2022-03-04|147.159|147.85|143.807|145.641
2022-03-07|145.4435|146.0945|137.4165|137.453
2022-03-08|136.6835|140.6995|133.5725|136.0145
2022-03-09|139.5|140.25|136.828|139.279
2022-03-10|145.685|148.6743|143.978|146.8175
2022-03-11|149.5745|149.675|145.369|145.5245
2022-03-14|145.981|147.45|140.884|141.853
2022-03-15|142.85|147.985|142|147.3665
2022-03-16|148.5|153.15|147.3535|153.104
2022-03-17|152.6405|157.4985|152.14|157.239
2022-03-18|156.813|161.594|156.011|161.2505
2022-03-21|161.1208|163.084|159.553|161.4915
2022-03-22|161.8055|166.167|161.699|164.889
2022-03-23|163.705|166.37|162.687|163.408
2022-03-24|163.7495|164.1185|160.05|163.6495
2022-03-25|164|165.3685|162.25|164.7735
2022-03-28|164.975|169.0375|164.9|168.9905
2022-03-29|170.384|170.8315|167.8685|169.315
2022-03-30|168.5095|168.9505|165.5|166.301
2022-03-31|166.4448|166.495|162.9535|162.9975
2022-04-01|164.1495|165.827|162.3195|163.56
2022-04-04|164.125|168.3945|163.2055|168.3465
2022-04-05|167.7415|168.1105|163.266|164.055
2022-04-06|161.6505|162.2|157.2545|158.756
2022-04-07|158.4|160.079|154.5115|157.7845
2022-04-08|156.75|157.3685|154.2308|154.4605
2022-04-11|152.713|154.1365|150.5345|151.122
2022-04-12|153.6925|155.099|150.383|150.7875
2022-04-13|150.0185|156.025|149.6|155.541
2022-04-14|155.39|155.897|151.4718|151.7065
2022-04-18|151.5235|154.0395|150.2505|152.785
2022-04-19|152.0295|158.649|151.5505|158.1155
2022-04-20|157.6025|157.6025|153.6035|153.998
2022-04-21|154.714|156.738|147.5895|148.296
2022-04-22|148.25|149.615|143.6975|144.35
2022-04-25|144.023|146.2215|142.3065|146.074
2022-04-26|144.8|144.8558|138.9295|139.391
2022-04-27|140.1915|141.9485|135.7835|138.167
2022-04-28|142.178|145.9375|140.3|144.5965
2022-04-29|129.849|130.761|121.625|124.2815
2022-05-02|122.401|124.6683|118.375|124.5
2022-05-03|124.0535|126.2205|122.825|124.2535
2022-05-04|123.6|126|119.183|125.9285
2022-05-05|123|123.499|115.0725|116.407
2022-05-06|114.85|119.0505|113.0813|114.7725
2022-05-09|111.3125|114|107.957|108.789
2022-05-10|111.25|112.6425|107.171|108.859
2022-05-11|108.1035|110.156|104.4285|105.372
2022-05-12|102.75|110.7808|102.4055|106.9305
2022-05-13|109.069|113.184|107.8|113.055
2022-05-16|113.1|113.9925|110.3541|110.8105
2022-05-17|113.275|115.8|111.2765|115.3685
2022-05-18|111.4395|112.853|106.2488|107.1125
2022-05-19|106.2805|110.034|106.1929|107.319
2022-05-20|109.5685|109.898|105.0093|107.591
2022-05-23|108.461|108.8188|103.95|107.557
2022-05-24|104.025|105.4|101.26|104.1
2022-05-25|103.6555|108.175|103.65|106.775
2022-05-26|107.97|112.6655|107.4535|111.0775
2022-05-27|113.55|115.187|112.628|115.1465
2022-05-31|116.28|121.9945|115.675|120.2095
2022-06-01|122.256|125.179|120.6223|121.684
2022-06-02|121.684|125.61|120.045|125.511
2022-06-03|124.2|124.4|121.0465|122.35
2022-06-06|125.245|128.99|123.81|124.79
2022-06-07|122.005|124.1|120.63|123
2022-06-08|122.61|123.75|120.75|121.18
2022-06-09|119.99|121.3|116.1|116.15
2022-06-10|113.415|114.5|109.05|109.65
2022-06-13|104.19|106.54|101.86|103.67
2022-06-14|104.19|104.88|101.43|102.31
2022-06-15|103.86|109.06|103.53|107.67
2022-06-16|104.47|104.58|102.01|103.66
2022-06-17|102.8|106.98|102.51|106.22
2022-06-21|108.2|111.6299|103.56|108.68
2022-06-22|107.43|112.13|107.02|108.95
2022-06-23|110.39|113|107.93|112.44
2022-06-24|112.38|116.71|111.43|116.46
2022-06-27|117.09|117.98|112.7|113.22
2022-06-28|113.5|114.85|107.04|107.4
2022-06-29|107.38|110.99|106.91|108.92
2022-06-30|108.11|108.18|102.52|106.21
2022-07-01|106.29|109.75|105.8469|109.56
2022-07-05|107.6|114.08|106.3242|113.5
2022-07-06|113.21|115.48|112.01|114.33
2022-07-07|113.85|116.99|113.49|116.33
2022-07-08|114.6|116.58|113.69|115.54
2022-07-11|114.08|114.3|110.87|111.75
2022-07-12|112.16|113.23|108.34|109.22
2022-07-13|107.03|111.78|106.01|110.4
2022-07-14|110.24|111.18|107.58|110.63
2022-07-15|112.5|115.59|111.59|113.55
2022-07-18|115|117.24|113.15|113.76
2022-07-19|115.7|118.95|114.03|118.21
2022-07-20|118.615|123.475|118.32|122.77
2022-07-21|123.2|124.85|121.26|124.63
2022-07-22|125.01|125.5|121.3504|122.42
2022-07-25|122.695|123.64|120.03|121.14
2022-07-26|115.79|118.15|114.53|114.81
2022-07-27|117.31|121.9|117.16|120.97
2022-07-28|121.57|122.84|118.08|122.28
2022-07-29|134.9|137.65|132.41|134.95
2022-08-01|134.96|138.8339|133.51|135.39
2022-08-02|134.72|137.44|134.09|134.16
2022-08-03|136.21|140.49|136.05|139.52
2022-08-04|140.58|143.56|139.55|142.57
2022-08-05|140.1|142.86|139.6|140.8
2022-08-08|142.05|144.23|138.29|139.41
2022-08-09|138.052|138.9523|136.21|137.83
2022-08-10|142.9|144.6|141.01|142.69
2022-08-11|143.86|144.49|139.76|140.64
2022-08-12|142.05|143.57|140.1201|143.55
2022-08-15|142.8|143.76|141.49|143.18
2022-08-16|143.905|146.57|142|144.78
2022-08-17|142.69|143.38|140.78|142.1
2022-08-18|141.32|142.77|140.38|142.3
2022-08-19|140.47|141.11|137.9142|138.23
2022-08-22|135.72|136.32|132.85|133.22
2022-08-23|133.41|134.99|132.95|133.62
2022-08-24|132.75|135.47|132.1|133.8
2022-08-25|135.26|137.42|134.28|137.28
2022-08-26|136.55|137.83|130.5|130.75
2022-08-29|129.9|131.9499|128.77|129.79
2022-08-30|131.25|132.0745|126.85|128.73
2022-08-31|129.45|130.59|126.74|126.77
2022-09-01|126|128.02|123.66|127.82
2022-09-02|129.5|131.38|126.39|127.51
2022-09-06|127.92|128.62|124.74|126.11
2022-09-07|126.12|129.82|125.4|129.48
2022-09-08|127.72|130.28|127.1|129.82
2022-09-09|130.91|133.69|130.76|133.27
2022-09-12|134.095|136.49|134|136.45
2022-09-13|131.01|131.4|126.27|126.82
2022-09-14|127.364|128.84|126.33|128.55
2022-09-15|127.38|130.37|125.495|126.28
2022-09-16|122.78|123.87|120.7|123.53
2022-09-19|122.16|124.71|121.8|124.66
2022-09-20|123.35|124.3963|121.14|122.19
2022-09-21|122.49|123.76|118.45|118.54
2022-09-22|117.08|118.79|116.26|117.31
2022-09-23|116|116.05|112.06|113.78
2022-09-26|113.295|117.34|113.13|115.15
2022-09-27|117.195|118.32|113.05|114.41
2022-09-28|114.38|118.7|113.8|118.01
2022-09-29|115.6|116.07|113.06|114.8
2022-09-30|114.075|116.92|112.84|113
2022-10-03|113.58|116.91|112.45|115.88
2022-10-04|119.89|123|119.79|121.09
2022-10-05|118.58|121.75|117.69|120.95
2022-10-06|120.77|121.53|119.5|120.3
2022-10-07|118|118.17|113.88|114.56
2022-10-10|115.1|116.25|112.43|113.67
2022-10-11|112.71|115.48|110.39|112.21
2022-10-12|112.49|113.83|111.4|112.9
2022-10-13|107.88|113.44|105.345|112.53
2022-10-14|114.1|114.96|106.6|106.9
2022-10-17|110.11|114.19|110.09|113.79
2022-10-18|119.06|119.52|114.79|116.36
2022-10-19|114.71|116.5932|113.22|115.07
2022-10-20|113.83|118.24|113.51|115.25
2022-10-21|114.792|119.59|114.5|119.32
2022-10-24|119.98|120.39|116.57|119.82
2022-10-25|119.65|121.3152|118.95|120.6
2022-10-26|116|119.3457|114.76|115.66
2022-10-27|113.92|114.12|109.77|110.96
2022-10-28|97.905|103.96|97.66|103.41
2022-10-31|103.56|104.87|100.74|102.44
2022-11-01|103.99|104.58|96.06|96.79
2022-11-02|97.315|97.74|92.01|92.12
2022-11-03|92.47|93.5|89.02|89.3
2022-11-04|91.49|92.44|88.04|90.98
2022-11-07|91.95|92.1|89.04|90.53
2022-11-08|90.79|91.72|88.23|89.98
2022-11-09|89.47|89.48|85.87|86.14
2022-11-10|92.935|98.69|91.65|96.63
2022-11-11|97.88|101.19|96.66|100.79
2022-11-14|98.77|100.1199|97.29|98.49
2022-11-15|103.21|103.79|97.34|98.94
2022-11-16|96.85|98.4879|95.54|97.12
2022-11-17|95.37|96.97|94.03|94.85
2022-11-18|95.95|95.99|92.48|94.14
2022-11-21|93.97|95.02|90.59|92.46
2022-11-22|92.62|93.35|90.87|93.2
2022-11-23|93.24|94.58|92.83|94.13
2022-11-25|93.79|94.43|93.065|93.41
2022-11-28|93.93|96.4|93.43|93.95
2022-11-29|94.04|94.41|91.44|92.42
2022-11-30|92.47|96.54|91.525|96.54
2022-12-01|96.99|97.23|94.92|95.5
2022-12-02|94.475|95.36|93.78|94.13
2022-12-05|93.05|94.06|90.82|91.01
2022-12-06|90.5|91.04|87.9|88.25
2022-12-07|88.34|89.89|87.48|88.46
2022-12-08|89.24|90.86|87.88|90.35
2022-12-09|88.9|90.3|88.63|89.09
2022-12-12|89.21|90.58|87.87|90.55
2022-12-13|95.23|96.25|90.52|92.49
2022-12-14|92.502|93.4581|89.87|91.58
2022-12-15|89.89|89.97|87.47|88.45
2022-12-16|88.265|89.35|86.73|87.86
2022-12-19|87.51|87.63|84.51|84.92
2022-12-20|85.33|86.61|84.33|85.19
2022-12-21|86.175|87.225|85.21|86.77
2022-12-22|85.52|85.68|82.25|83.79
2022-12-23|83.25|85.78|82.9344|85.25
2022-12-27|84.97|85.35|83|83.04
2022-12-28|82.8|83.48|81.69|81.82
2022-12-29|82.87|84.55|82.55|84.18
2022-12-30|83.12|84.05|82.47|84
2023-01-03|85.46|86.96|84.205|85.82
2023-01-04|86.55|86.98|83.36|85.14
2023-01-05|85.33|85.42|83.07|83.12
2023-01-06|83.03|86.4|81.43|86.08
2023-01-09|87.46|89.48|87.08|87.36
2023-01-10|87.57|90.185|87.29|89.87
2023-01-11|90.93|95.26|90.93|95.09
2023-01-12|96.93|97.19|93.5|95.27
2023-01-13|94.18|98.37|94.12|98.12
2023-01-17|98.68|98.89|95.73|96.05
2023-01-18|97.25|99.32|95.38|95.46
2023-01-19|94.74|95.44|92.86|93.68
2023-01-20|93.86|97.354|93.2025|97.25
2023-01-23|97.56|97.78|95.86|97.52
2023-01-24|96.93|98.09|96|96.32
2023-01-25|92.56|97.24|91.52|97.18
2023-01-26|98.235|99.49|96.92|99.22
2023-01-27|99.53|103.485|99.53|102.24
2023-01-30|101.09|101.74|99.01|100.55
2023-01-31|101.155|103.3484|101.14|103.13
2023-02-01|102.53|106.24|101.24|105.15
2023-02-02|110.245|114|108.88|112.91
2023-02-03|105.26|108.78|102.52|103.39
2023-02-06|102.925|103.9484|100.65|102.18
2023-02-07|101.17|102.41|98.08|102.11
2023-02-08|102.04|102.6699|98.775|100.05
2023-02-09|101.32|101.78|97.57|98.24
2023-02-10|97.56|98.8163|96.23|97.61
2023-02-13|97.85|99.68|96.91|99.54
2023-02-14|98.41|100.9207|97.52|99.7
2023-02-15|99.09|101.17|98.45|101.16
2023-02-16|99.21|100.63|98.1|98.15
2023-02-17|97.8|97.94|95.65|97.2
2023-02-21|95.335|95.605|94.27|94.58
2023-02-22|95.1|97.01|94.8|95.79
2023-02-23|96.12|96.43|93.67|95.82
2023-02-24|93.53|94.14|92.3186|93.5
2023-02-27|94.28|94.78|93.14|93.76
2023-02-28|93.14|94.69|92.92|94.23
2023-03-01|93.87|94.68|91.59|92.17
2023-03-02|91.41|92.23|90.39|92.13
2023-03-03|92.74|94.94|92.66|94.9
2023-03-06|95.19|96.545|93.74|93.75
2023-03-07|94.06|95.09|92.78|93.55
2023-03-08|93.6|94.165|92.18|93.92
2023-03-09|93.68|96.21|92.18|92.25
2023-03-10|92.67|93.57|90.245|90.73
2023-03-13|89.97|94.02|88.12|92.43
2023-03-14|93.83|95.07|92.71|94.88
2023-03-15|93.22|96.67|93.07|96.2
2023-03-16|95.75|100.99|95.61|100.04
2023-03-17|99.79|100.66|97.455|98.95
2023-03-20|98.41|98.48|95.7|97.71
2023-03-21|98.14|100.845|98|100.61
2023-03-22|100.45|102.1|98.61|98.7
2023-03-23|100.43|101.06|97.62|98.71
2023-03-24|98.065|98.3|96.4|98.13
2023-03-27|99.07|99.34|97.08|98.04
2023-03-28|98.11|98.44|96.29|97.24
2023-03-29|98.69|100.4218|98.56|100.25
2023-03-30|101.55|103.04|101.01|102
2023-03-31|102.16|103.49|101.95|103.29
2023-04-03|102.3|103.29|101.43|102.41
2023-04-04|102.75|104.2|102.11|103.95
2023-04-05|103.91|103.91|100.7506|101.1
2023-04-06|100.75|102.3817|99.8008|102.06
2023-04-10|100.96|102.2|99.57|102.17
2023-04-11|100.8|101|99.01|99.92
2023-04-12|100.4|100.51|97.705|97.83
2023-04-13|98.95|102.57|98.71|102.4
2023-04-14|102.07|103.2013|101.11|102.51
2023-04-17|103.16|103.73|101.59|102.74
2023-04-18|103.95|104.2|101.52|102.3
2023-04-19|101.58|105.12|101.39|104.3
2023-04-20|103.53|105.25|103.21|103.81
2023-04-21|106.1|108.15|105.08|106.96
2023-04-24|107.655|109.23|105.07|106.21
2023-04-25|104.91|105.45|102.45|102.57
2023-04-26|105.04|106.62|104.1|104.98
2023-04-27|108.16|110.86|106.8|109.82
2023-04-28|107.73|109.48|104.33|105.45
2023-05-01|104.95|105.23|101.82|102.05
2023-05-02|101.47|103.9|101.15|103.63
2023-05-03|103.735|105.96|103.28|103.65
2023-05-04|104.04|105.39|103.3117|104
2023-05-05|104.27|105.76|103.55|105.655
2023-05-08|105.04|106.095|104.7001|105.83
2023-05-09|105.48|106.79|105.1567|106.62
2023-05-10|108.1|110.67|108.05|110.19
2023-05-11|111.03|113.28|110.49|112.18
2023-05-12|112.16|112.64|109.3185|110.26
2023-05-15|111.15|112.29|109.25|111.2
2023-05-16|111.05|114.7899|111.05|113.4
2023-05-17|114.89|115.83|114.22|115.5
2023-05-18|116.69|118.6|116.335|118.15
2023-05-19|118.16|118.31|115.7|116.25
2023-05-22|116.77|116.77|114.25|115.01
2023-05-23|114.27|117.14|113.78|114.99
2023-05-24|115.35|117.34|115.02|116.75
2023-05-25|116.63|116.87|114.31|115
2023-05-26|116.04|121.5|116.02|120.11
2023-05-30|122.37|122.92|119.855|121.66
2023-05-31|121.45|122.04|119.17|120.58
2023-06-01|120.69|123.49|119.93|122.77
2023-06-02|124.92|126.39|124.015|124.25
2023-06-05|123.36|125.8|123.03|125.3
2023-06-06|125.07|127.4|125|126.61
2023-06-07|127.01|127.365|120.63|121.23
2023-06-08|123.01|125.625|122.2579|124.25
2023-06-09|124.08|125.8|123.19|123.43
2023-06-12|124.02|126.78|123.53|126.57
2023-06-13|128.12|128.41|125.18|126.66
2023-06-14|126.7|126.95|124.12|126.42
2023-06-15|125.21|127.69|124.32|127.11
2023-06-16|127.71|127.9|125.3|125.49
2023-06-20|124.97|127.25|124.5|125.78
2023-06-21|125.64|126.73|123.85|124.83
2023-06-22|125.31|130.33|125.14|130.15
2023-06-23|129.11|130.84|128.28|129.33
2023-06-26|129.33|131.49|127.1|127.33
2023-06-27|128.63|130.085|127.55|129.18
2023-06-28|128.94|131.48|128.44|129.04
2023-06-29|128.77|129.26|127.255|127.9
2023-06-30|129.47|131.245|128.95|130.36
2023-07-03|130.82|131.85|130.065|130.22
2023-07-05|130.24|131.4|129.64|130.38
2023-07-06|128.25|128.73|127.37|128.36
2023-07-07|128.59|130.97|128.1294|129.78
2023-07-10|129.07|129.28|125.915|127.13
2023-07-11|127.75|129.77|127.35|128.78
2023-07-12|130.31|131.26|128.83|130.8
2023-07-13|134.04|134.67|132.71|134.3
2023-07-14|134.06|136.65|134.06|134.68
2023-07-17|134.56|135.62|133.21|133.56
2023-07-18|132.71|133.86|131.355|132.83
2023-07-19|133.39|135.99|132.53|135.36
2023-07-20|134.07|134.7915|129.33|129.96
2023-07-21|131.34|131.37|128.415|130
2023-07-24|130.305|131.66|128.35|128.8
2023-07-25|129.31|129.58|128.53|129.13
2023-07-26|126.51|129.08|126.11|128.15
2023-07-27|131|132.63|127.79|128.25
2023-07-28|129.69|133.01|129.33|132.21
2023-07-31|133.2|133.87|132.38|133.68
2023-08-01|133.55|133.69|131.6199|131.69
2023-08-02|130.154|130.23|126.82|128.21
2023-08-03|127.48|129.84|126.41|128.91
2023-08-04|141.06|143.63|139.32|139.57
2023-08-07|140.99|142.54|138.95|142.22
2023-08-08|140.62|140.84|138.42|139.94
2023-08-09|139.97|140.32|137.1|137.85
2023-08-10|139.075|140.41|137.49|138.56
2023-08-11|137.4|139.33|137|138.41
2023-08-14|138.3|140.59|137.75|140.57
2023-08-15|140.05|141.2778|137.23|137.67
2023-08-16|137.19|137.27|135.01|135.07
2023-08-17|135.46|136.085|133.53|133.98
2023-08-18|131.62|134.065|131.15|133.22
2023-08-21|133.74|135.185|132.71|134.68
2023-08-22|135.08|135.65|133.73|134.25
2023-08-23|134.5|135.95|133.22|135.52
2023-08-24|136.4|136.775|131.83|131.84
2023-08-25|132.47|133.87|130.58|133.26
2023-08-28|133.78|133.95|131.85|133.14
2023-08-29|133.38|135.14|133.25|134.91
2023-08-30|134.93|135.68|133.92|135.07
2023-08-31|135.06|138.7885|135|138.01
2023-09-01|139.455|139.96|136.875|138.12
2023-09-05|137.73|137.8|135.82|137.27
2023-09-06|136.32|137.45|134.61|135.36
2023-09-07|133.9|138.03|133.16|137.85
2023-09-08|136.86|138.8519|136.75|138.23
2023-09-11|138.75|143.62|138.64|143.1
2023-09-12|142.32|143|140.61|141.23
2023-09-13|140.95|144.98|140.865|144.85
2023-09-14|145.08|145.86|142.95|144.72
2023-09-15|142.69|143.57|140.09|140.39
2023-09-18|140.48|141.75|139.22|139.98
2023-09-19|138.7|138.84|135.56|137.63
2023-09-20|138.55|139.37|135.2|135.29
2023-09-21|131.94|132.24|129.31|129.33
2023-09-22|131.11|132.03|128.52|129.12
2023-09-25|129.36|131.78|128.77|131.27
2023-09-26|130.12|130.39|125.28|125.98
2023-09-27|125.76|127.48|124.13|125.98
2023-09-28|124.04|126.5801|123.04|125.98
2023-09-29|128.2|129.15|126.32|127.12
2023-10-02|127.28|130.47|126.54|129.46
2023-10-03|128.06|128.52|124.2544|124.72
2023-10-04|126.06|127.36|125.68|127
2023-10-05|126.71|126.73|124.33|125.96
2023-10-06|124.16|128.45|124.13|127.96
2023-10-09|126.22|128.79|124.76|128.26
2023-10-10|128.82|130.74|128.05|129.48
2023-10-11|129.74|132.05|129.61|131.83
2023-10-12|132.17|134.48|131.23|132.33
2023-10-13|132.98|133.3145|128.95|129.79
2023-10-16|130.69|133.07|130.425|132.55
2023-10-17|130.39|132.58|128.71|131.47
2023-10-18|129.9|130.6699|127.51|128.13
2023-10-19|130.565|132.24|127.47|128.4
2023-10-20|128.05|128.17|124.97|125.17
2023-10-23|124.63|127.88|123.98|126.56
2023-10-24|127.74|128.8|126.34|128.56
2023-10-25|126.04|126.34|120.79|121.39
2023-10-26|120.63|121.6393|118.35|119.57
2023-10-27|126.2|130.02|125.52|127.74
2023-10-30|129.72|133.47|127.63|132.71
2023-10-31|132.75|133.57|131.71|133.09
2023-11-01|133.96|137.35|133.71|137
2023-11-02|138.73|138.81|136.47|138.07
2023-11-03|138.99|139.49|137.45|138.6
2023-11-06|138.76|140.73|138.36|139.74
2023-11-07|140.55|143.37|140.5|142.71
2023-11-08|142.97|143.12|141.2183|142.08
2023-11-09|142.02|142.65|139.84|140.6
2023-11-10|140.46|143.65|139.91|143.56
2023-11-13|142.08|143.23|140.67|142.59
2023-11-14|145|147.26|144.68|145.8
2023-11-15|147.06|147.29|142.59|143.2
2023-11-16|140.91|143.32|139.52|142.83
2023-11-17|142.66|145.23|142.545|145.18
2023-11-20|145.13|146.63|144.725|146.13
2023-11-21|143.91|144.05|141.5|143.9
2023-11-22|144.57|147.74|144.57|146.71
2023-11-24|146.7|147.2|145.32|146.74
2023-11-27|147.53|149.26|146.88|147.73
2023-11-28|146.98|147.5999|145.53|147.03
2023-11-29|147.85|148.54|145.97|146.32
2023-11-30|144.76|146.93|144.332|146.09
2023-12-01|146|147.245|145.55|147.03
2023-12-04|145.25|145.35|142.81|144.84
2023-12-05|143.55|148.57|143.13|146.88
2023-12-06|147.58|147.85|144.28|144.52
2023-12-07|146.15|147.92|145.34|146.88
2023-12-08|145.48|147.84|145.4|147.42
2023-12-11|145.66|146.19|143.64|145.89
2023-12-12|145.52|147.5|145.3|147.48
2023-12-13|148.12|149.46|146.82|148.84
2023-12-14|149.93|150.54|145.52|147.42
2023-12-15|148.38|150.57|147.88|149.97
2023-12-18|150.56|154.855|150.05|154.07
2023-12-19|154.4|155.12|152.69|153.79
2023-12-20|152.9|155.63|151.56|152.12
2023-12-21|153.3|153.97|152.1|153.84
2023-12-22|153.77|154.35|152.71|153.42
2023-12-26|153.56|153.975|153.03|153.41
2023-12-27|153.56|154.78|153.12|153.34
2023-12-28|153.72|154.08|152.95|153.38
2023-12-29|153.1|153.89|151.03|151.94
2024-01-02|151.54|152.38|148.39|149.93
2024-01-03|149.2|151.05|148.33|148.47
2024-01-04|145.59|147.38|144.05|144.57
2024-01-05|144.69|146.59|144.53|145.24
2024-01-08|146.74|149.4|146.15|149.1