2018-08-01|61.4|61.6735|60.5105|61.0005
2018-08-02|60.295|61.494|60.2395|61.3075
2018-08-03|61.481|61.5|60.753|61.1855
2018-08-06|61.25|61.3044|60.7898|61.2385
2018-08-07|61.85|62.5585|61.8085|62.111
2018-08-08|62.0235|62.825|61.9004|62.2805
2018-08-09|62.495|62.7771|62.3005|62.455
2018-08-10|62.15|62.2848|61.6|61.8805
2018-08-13|61.849|62.4636|61.682|61.7505
2018-08-14|61.7595|62.2935|61.2555|62.105
2018-08-15|61.463|61.762|60.4755|60.719
2018-08-16|61.2365|61.3|60.1275|60.3245
2018-08-17|60.1015|60.451|59.412|60.048
2018-08-20|60.251|60.55|59.7313|60.3885
2018-08-21|60.4|60.863|60.0177|60.081
2018-08-22|60|60.592|59.95|60.3665
2018-08-23|60.357|61.064|60.212|60.269
2018-08-24|60.441|61.0825|60.3179|61.0325
2018-08-27|61.38|62.1545|61.2858|62.091
2018-08-28|62.0645|62.1273|61.4345|61.5575
2018-08-29|61.8725|62.533|61.8179|62.465
2018-08-30|62.2115|62.6818|61.6295|61.956
2018-08-31|61.749|61.933|60.5643|60.9095
2018-09-04|60.2135|60.6495|59.625|59.85
2018-09-05|59.69|59.9505|58.1|59.324
2018-09-06|59.315|59.315|57.6|58.572
2018-09-07|57.9335|58.763|57.8608|58.2415
2018-09-10|58.6095|58.727|58.0055|58.232
2018-09-11|58.0815|58.934|57.812|58.868
2018-09-12|58.636|58.9305|57.918|58.141
2018-09-13|58.537|58.9305|58.1425|58.7665
2018-09-14|58.955|59.0213|58.4165|58.6265
2018-09-17|58.507|58.862|57.7015|57.8025
2018-09-18|57.8545|58.804|57.8545|58.061
2018-09-19|58.249|58.6605|57.729|58.5545
2018-09-20|58.9995|59.4945|58.668|59.3435
2018-09-21|59.6|59.6105|58.302|58.3045
2018-09-24|57.8585|58.9|57.3455|58.6685
2018-09-25|58.8075|59.344|58.4|59.2325
2018-09-26|59.2575|59.7115|58.7383|59.0245
2018-09-27|59.3365|60.105|59.1815|59.732
2018-09-28|59.5935|59.7705|59.225|59.6735
2018-10-01|59.9945|60.495|59.515|59.7655
2018-10-02|59.548|60.498|59.3315|60.0055
2018-10-03|60.25|60.3205|59.6915|60.1475
2018-10-04|59.7665|59.8755|57.7788|58.4095
2018-10-05|58.375|58.675|57.256|57.8675
2018-10-08|57.5055|58.4|56.3682|57.4485
2018-10-09|57.3075|57.7175|56.8786|56.941
2018-10-10|56.554|56.6085|54.0565|54.061
2018-10-11|53.647|55.32|53.4135|53.966
2018-10-12|55.4|55.75|54.3201|55.504
2018-10-15|55.4455|55.6723|54.45|54.6125
2018-10-16|55.2295|56.211|55.125|56.064
2018-10-17|56.323|56.4495|55.1095|55.7845
2018-10-18|56.092|56.092|53.8545|54.3985
2018-10-19|54.6685|55.518|54.3875|54.823
2018-10-22|55.153|55.6115|54.55|55.058
2018-10-23|54.0445|55.3945|53.5|55.1845
2018-10-24|55.2125|55.306|52.437|52.5355
2018-10-25|53.5895|55.549|53.4775|54.7785
2018-10-26|51.8515|55.3265|51.7045|53.5735
2018-10-29|54.1235|54.852|49.7915|51.004
2018-10-30|50.423|51.8745|50.0375|51.8105
2018-10-31|52.9905|54.597|52.85|53.8385
2018-11-01|53.79|54.1988|53.123|53.5
2018-11-02|53.6865|54.1488|52.7305|52.8895
2018-11-05|52.75|52.9235|51.062|52.0045
2018-11-06|51.974|53.2173|51.9035|52.7905
2018-11-07|53.45|54.773|53.295|54.6695
2018-11-08|54.569|54.6635|53.6102|54.12
2018-11-09|53.6995|53.778|52.6555|53.3075
2018-11-12|53.0695|53.106|51.55|51.9315
2018-11-13|52.1645|52.8303|51.5575|51.8025
2018-11-14|52.5|52.7282|51.55|52.183
2018-11-15|52.2355|53.5925|51.589|53.2355
2018-11-16|52.9705|53.35|52.449|53.0745
2018-11-19|52.86|53.0395|50.813|51
2018-11-20|50|51.587|49.801|51.288
2018-11-21|51.838|52.428|51.6735|51.8805
2018-11-23|51.5|51.8795|51.12|51.194
2018-11-26|51.9175|52.4655|51.6955|52.431
2018-11-27|52.05|52.879|51.9245|52.2205
2018-11-28|52.438|54.342|51.788|54.3115
2018-11-29|53.804|54.7123|53.8|54.415
2018-11-30|54.4535|54.7785|53.894|54.7215
2018-12-03|56.157|56.2325|55.1832|55.3215
2018-12-04|55.156|55.221|52.499|52.541
2018-12-06|51.713|53.56|51.5385|53.4365
2018-12-07|53.0005|53.763|51.425|51.829
2018-12-10|51.7525|52.4225|51.1645|51.9775
2018-12-11|52.8245|53.03|51.992|52.5875
2018-12-12|53.4|54.0825|53.1395|53.184
2018-12-13|53.4035|53.988|52.6965|53.095
2018-12-14|52.499|53.13|52.0395|52.105
2018-12-17|51.8755|52.6575|50.395|50.8265
2018-12-18|51.3045|52.474|51.072|51.4355
2018-12-19|51.6995|53.1|50.4025|51.1505
2018-12-20|50.9065|51.711|49.818|50.4705
2018-12-21|50.765|51.201|48.6845|48.977
2018-12-24|48.695|50.177|48.5055|48.811
2018-12-26|49.4505|52|49.15|51.973
2018-12-27|50.8575|52.1945|49.85|52.194
2018-12-28|52.481|52.778|51.655|51.854
2018-12-31|52.548|52.635|51.1795|51.7805
2019-01-02|50.8285|52.616|50.7855|52.2925
2019-01-03|52.05|52.849|50.7035|50.803
2019-01-04|51.6295|53.542|51.3709|53.5355
2019-01-07|53.575|53.7|52.738|53.4195
2019-01-08|53.8055|54.228|53.0265|53.814
2019-01-09|54.0825|54.1315|53.32|53.733
2019-01-10|53.383|53.5575|52.8855|53.5165
2019-01-11|53.159|53.1888|52.424|52.8595
2019-01-14|52.346|52.5765|52.0628|52.2345
2019-01-15|52.5085|54.0025|52.367|53.8575
2019-01-16|54|54.6188|53.967|54.0485
2019-01-17|53.9735|54.59|53.675|54.495
2019-01-18|55|55.4176|54.545|54.913
2019-01-22|54.4|54.5755|53.1735|53.526
2019-01-23|53.8675|54.2465|52.9875|53.7785
2019-01-24|53.824|53.9738|53.035|53.695
2019-01-25|54.25|54.7|54.091|54.5495
2019-01-28|54.0055|54.15|53.19|53.504
2019-01-29|53.634|53.7575|52.7932|53.031
2019-01-30|53.4215|54.55|53.3425|54.453
2019-01-31|55.15|55.8665|54.7705|55.8185
2019-02-01|55.62|56.25|55.2445|55.5375
2019-02-04|55.633|56.64|55.451|56.64
2019-02-05|56.242|57.3425|55.8624|57.2995
2019-02-06|56.9785|57.35|55.6385|55.7615
2019-02-07|55.208|55.242|54.3|54.9355
2019-02-08|54.35|54.9455|54.3275|54.753
2019-02-11|54.8475|55.2973|54.643|54.7505
2019-02-12|55.34|56.2648|55.2925|56.0685
2019-02-13|56.2495|56.7365|55.925|56.008
2019-02-14|55.9025|56.4115|55.5223|56.0835
2019-02-15|56.504|56.5835|55.5325|55.6825
2019-02-19|55.5|56.0945|55.5|55.928
2019-02-20|55.9995|56.1705|55.264|55.69
2019-02-21|55.542|55.597|54.626|54.8485
2019-02-22|55.045|55.562|54.78|55.5185
2019-02-25|55.8|55.927|55.3635|55.47
2019-02-26|55.2875|55.9755|54.996|55.7565
2019-02-27|55.3475|55.899|55.05|55.8025
2019-02-28|55.565|56.3825|55.5505|55.996
2019-03-01|56.245|57.1485|56.2375|57.0495
2019-03-04|57.3495|57.914|56.5345|57.39
2019-03-05|57.503|58.4805|57.3098|58.1015
2019-03-06|58.1245|58.3783|57.7745|57.893
2019-03-07|57.786|57.8378|56.7455|57.165
2019-03-08|56.3365|57.354|56.165|57.116
2019-03-11|57.2225|58.8095|57.2225|58.788
2019-03-12|58.913|60|58.913|59.66
2019-03-13|60.0323|60.0465|59.597|59.666
2019-03-14|59.7255|59.894|59.224|59.2775
2019-03-15|59.669|59.8285|59.1305|59.223
2019-03-18|59.165|59.5|58.8711|59.213
2019-03-19|59.4405|60|59.2935|59.9425
2019-03-20|59.8675|61.357|59.8085|61.1985
2019-03-21|60.8|61.5895|60.6575|61.577
2019-03-22|61.316|61.5|60.1413|60.275
2019-03-25|59.8465|60.3199|59.352|59.65
2019-03-26|59.9265|60.1415|58.836|59.231
2019-03-27|59.275|59.378|57.9685|58.651
2019-03-28|58.577|58.5783|57.9716|58.4245
2019-03-29|58.745|58.9495|58.144|58.6655
2019-04-01|59.205|59.833|59.1|59.7215
2019-04-02|59.766|60.0675|59.2855|60.0245
2019-04-03|60.374|60.815|60.025|60.296
2019-04-04|60.297|60.7835|60.2065|60.75
2019-04-05|60.7495|60.811|60.2515|60.3575
2019-04-08|60.3945|60.4345|59.993|60.192
2019-04-09|59.8|60.1145|59.654|59.8625
2019-04-10|60.034|60.1893|59.8218|60.108
2019-04-11|60.198|60.398|60.0065|60.231
2019-04-12|60.5|60.9175|60.4055|60.8935
2019-04-15|60.9|61.21|60.4555|61.055
2019-04-16|61.25|61.541|61.006|61.3565
2019-04-17|61.65|62.028|61.391|61.817
2019-04-18|61.959|62.1|61.7305|61.8185
2019-04-22|61.7995|62.4545|61.4155|62.442
2019-04-23|62.5345|63.45|62.319|63.2275
2019-04-24|63.206|63.4005|62.75|62.8
2019-04-25|63.2385|63.3704|62.6015|63.1725
2019-04-26|63.45|63.6535|63.016|63.609
2019-04-29|63.7|64.4635|63.3147|64.379
2019-04-30|59.25|59.6405|58.75|59.424
2019-05-01|59.4025|59.4025|58.359|58.404
2019-05-02|58.388|58.7095|57.7501|58.1305
2019-05-03|58.6825|59.34|58.45|59.27
2019-05-06|58.313|59.5425|58.313|59.4695
2019-05-07|59.0235|59.522|58.052|58.705
2019-05-08|58.6005|59.0212|58.287|58.3135
2019-05-09|57.9515|58.483|57.5425|58.119
2019-05-10|58.1795|58.63|57.125|58.2135
2019-05-13|57.098|57.397|56.1055|56.6015
2019-05-14|56.8605|57.021|55.9775|56.022
2019-05-15|55.8935|58.5665|55.8333|58.2105
2019-05-16|58.2255|59.408|58.142|58.949
2019-05-17|58.4235|59.0075|58.0005|58.115
2019-05-20|57.225|57.3398|56.5721|56.9425
2019-05-21|57.4245|57.6354|56.897|57.4815
2019-05-22|57.3375|57.926|57.2945|57.571
2019-05-23|57.025|57.2986|56.4612|57.0385
2019-05-24|57.368|57.4883|56.583|56.6735
2019-05-28|56.7|57.5794|56.656|56.7075
2019-05-29|56.376|56.455|55.411|55.823
2019-05-30|55.777|56.1565|55.606|55.8975
2019-05-31|55.0645|55.48|55.009|55.1815
2019-06-03|53.275|53.275|51.25|51.8115
2019-06-04|52.145|52.8025|51.6845|52.6525
2019-06-05|52.577|52.6775|51.5245|52.111
2019-06-06|52.2495|52.3745|51.685|52.217
2019-06-07|52.5315|53.546|52.42|53.302
2019-06-10|53.649|54.633|53.6161|54.019
2019-06-11|54.699|55.0995|53.8801|53.936
2019-06-12|53.9|54.0465|53.377|53.8515
2019-06-13|54.182|54.7085|54.0075|54.4385
2019-06-14|54.321|54.6345|54.0086|54.2675
2019-06-17|54.314|54.959|54.314|54.625
2019-06-18|55.4845|55.8195|54.9495|55.18
2019-06-19|55.28|55.35|54.674|55.1165
2019-06-20|55.9995|56.006|55.237|55.571
2019-06-21|55.462|56.2055|55.404|56.094
2019-06-24|55.9805|56.1|55.5505|55.776
2019-06-25|55.633|55.7175|54.19|54.3175
2019-06-26|54.325|54.6485|53.612|53.99
2019-06-27|54.2|54.355|53.7645|53.8005
2019-06-28|53.8195|54.05|53.6685|54.0455
2019-07-01|54.9|55.379|54.6852|54.8975
2019-07-02|55.112|55.5885|54.9085|55.5625
2019-07-03|55.8705|56.338|55.693|56.079
2019-07-05|55.89|56.644|55.807|56.5795
2019-07-08|56.2585|56.299|55.5605|55.8175
2019-07-09|55.59|56.4013|55.3585|56.2415
2019-07-10|56.561|57.1025|56.5485|57.024
2019-07-11|57.1625|57.6535|56.979|57.2105
2019-07-12|57.1995|57.367|56.939|57.245
2019-07-15|57.343|57.541|56.97|57.517
2019-07-16|57.3|57.929|57.25|57.679
2019-07-17|57.5485|57.918|57.2885|57.3175
2019-07-18|57.087|57.3803|56.6365|57.3165
2019-07-19|57.4095|57.557|56.481|56.505
2019-07-22|56.6725|56.9625|56.212|56.9035
2019-07-23|57.2|57.345|56.59|57.3105
2019-07-24|56.595|57.2|56.3495|56.8905
2019-07-25|56.891|57.085|56.046|56.606
2019-07-26|61.202|63.2775|61.2|62.5205
2019-07-29|62.0525|62.3685|61.4115|61.9705
2019-07-30|61.2705|61.7435|61.165|61.257
2019-07-31|61.15|61.7|60.3882|60.834
2019-08-01|60.7015|61.7055|60.286|60.4505
2019-08-02|60.037|60.345|59.447|59.6995
2019-08-05|58.502|58.762|57.007|57.616
2019-08-06|58.1655|58.998|58|58.4975
2019-08-07|57.8|58.9223|57.4812|58.6995
2019-08-08|59.1415|60.2505|58.651|60.24
2019-08-09|59.8995|60.194|59.1802|59.4005
2019-08-12|58.9605|59.248|58.3836|58.7355
2019-08-13|58.573|60.239|58.573|59.8635
2019-08-14|58.8155|59.115|58.027|58.2145
2019-08-15|58.175|58.792|58.1055|58.363
2019-08-16|58.9775|59.136|58.5905|58.88
2019-08-19|59.5045|60.3495|59.5045|59.9225
2019-08-20|59.7625|59.803|59.1055|59.1345
2019-08-21|59.6575|59.95|59.3715|59.5625
2019-08-22|59.7035|59.9006|58.929|59.4765
2019-08-23|59.0995|59.704|57.3875|57.5645
2019-08-26|57.863|58.4735|57.648|58.4445
2019-08-27|59.0265|59.12|58.0725|58.392
2019-08-28|58.0855|58.821|57.865|58.551
2019-08-29|59.056|59.803|59.056|59.6425
2019-08-30|59.925|59.925|59.1901|59.405
2019-09-03|58.8515|59.3445|58.16|58.4195
2019-09-04|58.8355|59.174|58.55|59.0705
2019-09-05|59.5765|60.652|59.5765|60.569
2019-09-06|60.4065|60.6008|60.1261|60.2465
2019-09-09|60.2|61|59.631|60.2205
2019-09-10|59.7575|60.5|59.729|60.3
2019-09-11|60.1705|61.13|60.11|61.0085
2019-09-12|61.215|62.093|61.151|61.7125
2019-09-13|61.5675|62.044|61.3505|61.978
2019-09-16|61.476|61.978|61.2805|61.565
2019-09-17|61.52|61.75|61.1845|61.4575
2019-09-18|61.3755|61.7805|60.8265|61.6205
2019-09-19|61.603|62.222|61.601|61.9355
2019-09-20|61.656|62.166|61.154|61.4965
2019-09-23|61.3|61.9545|61.2085|61.7015
2019-09-24|62|62.337|60.534|60.938
2019-09-25|60.791|62.415|60.5045|62.326
2019-09-26|62.098|62.25|61.6134|62.0695
2019-09-27|62.1505|62.201|60.7225|61.2545
2019-09-30|61.0485|61.3|60.615|60.95
2019-10-01|60.95|61.5615|60.179|60.255
2019-10-02|59.849|59.8495|58.5645|58.8315
2019-10-03|59|59.453|58.1215|59.3915
2019-10-04|59.5945|60.572|59.4585|60.45
2019-10-07|60.22|60.9102|60.1875|60.384
2019-10-08|59.8795|60.304|59.4505|59.4565
2019-10-09|59.9675|60.4175|59.8815|60.1155
2019-10-10|59.929|60.75|59.867|60.4335
2019-10-11|61.1105|61.4195|60.687|60.7725
2019-10-14|60.617|61.3165|60.588|60.857
2019-10-15|61.02|62.3665|61.02|62.1505
2019-10-16|62.0585|62.737|61.9225|62.182
2019-10-17|62.5465|63.1663|62.497|62.6535
2019-10-18|62.673|62.9445|62.054|62.2745
2019-10-21|62.613|62.7314|62.03|62.3075
2019-10-22|62.3925|62.53|62.069|62.14
2019-10-23|62.118|62.9945|62.118|62.9565
2019-10-24|63.045|63.2|62.6858|63.0495
2019-10-25|62.5515|63.48|62.5005|63.2565
2019-10-28|63.7725|64.9655|63.627|64.5
2019-10-29|63.8115|64.0795|62.8606|63.131
2019-10-30|62.6485|63.468|62.6|63.0645
2019-10-31|63.064|63.3835|62.5421|63.0055
2019-11-01|63.25|63.731|63.025|63.687
2019-11-04|63.8225|64.7065|63.8178|64.5685
2019-11-05|64.6445|64.9465|64.5614|64.6015
2019-11-06|64.473|64.6865|64.125|64.59
2019-11-07|64.714|66.187|64.7123|65.443
2019-11-08|65.264|65.9|65.2183|65.5685
2019-11-11|65.159|65.3213|64.8705|64.9595
2019-11-12|65|65.5|64.7885|64.94
2019-11-13|64.7035|65.215|64.6755|64.9
2019-11-14|64.875|65.85|64.7825|65.573
2019-11-15|65.947|66.744|65.714|66.7435
2019-11-18|66.611|66.7764|65.875|66.035
2019-11-19|66.385|66.385|65.64|65.773
2019-11-20|65.587|65.75|64.5575|65.1525
2019-11-21|65.074|65.6295|64.65|65.0675
2019-11-22|65.281|65.4365|64.5705|64.767
2019-11-25|64.959|65.5655|64.9065|65.3345
2019-11-26|65.493|65.74|65.2545|65.6775
2019-11-27|65.75|65.918|65.4815|65.6495
2019-11-29|65.356|65.5103|65.1985|65.248
2019-12-02|65.05|65.2915|64.05|64.496
2019-12-03|63.9785|64.9231|63.95|64.764
2019-12-04|65.3505|66.29|65.2435|66.027
2019-12-05|66.4|66.4679|65.822|66.4065
2019-12-06|66.672|67.2|66.672|67.031
2019-12-09|66.902|67.9725|66.892|67.178
2019-12-10|67.075|67.4988|66.802|67.233
2019-12-11|67.542|67.56|67.1335|67.251
2019-12-12|67.297|67.7888|67.025|67.5135
2019-12-13|67.3975|67.6547|67.1935|67.3915
2019-12-16|67.825|68.234|67.6335|68.0585
2019-12-17|68.1445|68.25|67.5662|67.756
2019-12-18|67.83|68.0235|67.55|67.631
2019-12-19|67.591|67.905|67.4492|67.802
2019-12-20|68.1675|68.182|67.45|67.4795
2019-12-23|67.7935|67.99|67.3255|67.442
2019-12-24|67.425|67.513|67.139|67.178
2019-12-26|67.3085|68.0663|67.2235|68.02
2019-12-27|68.1495|68.2265|67.4655|67.5945
2019-12-30|67.5|67.65|66.701|66.807
2019-12-31|66.5055|66.9|66.4543|66.851
2020-01-02|67.0775|68.407|67.0775|68.3685
2020-01-03|67.393|68.625|67.2772|68.033
2020-01-06|67.5|69.825|67.5|69.7105
2020-01-07|69.897|70.1495|69.519|69.667
2020-01-08|69.604|70.579|69.542|70.216
2020-01-09|71.0285|71.3665|70.5135|70.9915
2020-01-10|71.378|71.7465|70.9175|71.4865
2020-01-13|71.8065|72.026|71.301|71.9615
2020-01-14|71.9505|72.09|71.4185|71.544
2020-01-15|71.5105|72.0698|71.5105|71.96
2020-01-16|72.372|72.5995|72.046|72.585
2020-01-17|73.1455|74.0648|72.911|74.0195
2020-01-21|73.956|74.5925|73.56|74.22
2020-01-22|74.55|75.1607|74.2465|74.2975
2020-01-23|74.382|74.776|74.105|74.3325
2020-01-24|74.6795|74.7748|73.2625|73.3355
2020-01-27|71.55|71.9035|71.06|71.695
2020-01-28|72.15|72.8|71.6235|72.628
2020-01-29|72.94|73.2715|72.337|72.9315
2020-01-30|71.998|72.864|71.82|72.792
2020-01-31|73.445|73.5065|71.4265|71.7115
2020-02-03|73.1|74.5|72.9495|74.297
2020-02-04|72.8535|73.475|71.315|72.3535
2020-02-05|73.121|73.192|71.528|72.4115
2020-02-06|72.5165|74.1|72.4785|73.8115
2020-02-07|73.365|74.292|73.3175|73.9615
2020-02-10|73.716|75.475|73.716|75.434
2020-02-11|75.5905|76.4815|75.2819|75.4395
2020-02-12|75.724|76.0348|75.4055|75.9135
2020-02-13|75.6345|76.359|75.23|75.733
2020-02-14|75.78|76.037|75.367|76.037
2020-02-18|75.75|76.5815|75.6295|75.9835
2020-02-19|76.2535|76.6053|76.07|76.3345
2020-02-20|76.1|76.482|75.341|75.9075
2020-02-21|75.4015|75.6108|74.022|74.2555
2020-02-24|71.3055|71.8485|70.5695|71.0795
2020-02-25|71.65|71.907|69.12|69.4225
2020-02-26|69.807|70.785|68.95|69.659
2020-02-27|68.103|68.5852|65.8585|65.9045
2020-02-28|63.875|67.057|63.55|66.9665
2020-03-02|67.5805|69.5435|66.3408|69.4555
2020-03-03|69.971|70.5075|66.6|67.0695
2020-03-04|67.9615|69.4045|67.1555|69.326
2020-03-05|67.51|67.9455|65.255|65.952
2020-03-06|63.853|65.311|63.0525|64.9205
2020-03-09|60.265|62.738|60|60.778
2020-03-10|63|64.0575|60.9385|64.0195
2020-03-11|62.485|63.048|59.8035|60.7705
2020-03-12|56.3|59.6935|55.665|55.7455
2020-03-13|58.95|60.988|55.8572|60.9865
2020-03-16|54.8|57.6133|53.722|54.2165
2020-03-17|54.6555|56.543|52.8005|55.99
2020-03-18|52.8255|55.325|51.864|54.84
2020-03-19|54.6525|57.8985|53.0054|55.7645
2020-03-20|56.786|57.1995|53.2745|53.616
2020-03-23|53.066|53.566|50.6768|52.831
2020-03-24|55.1885|56.75|54.531|56.723
2020-03-25|56.3235|57.445|54.3005|55.1245
2020-03-26|55.59|58.4985|54.6765|58.0875
2020-03-27|56.2835|57.5335|55.2955|55.5355
2020-03-30|56.252|57.5815|54.824|57.341
2020-03-31|57.365|58.7655|56.907|58.1405
2020-04-01|56.1|56.4845|54.8725|55.281
2020-04-02|54.913|56.343|54.82|56.042
2020-04-03|55.9508|56.177|53.9905|54.894
2020-04-06|56.9|59.733|56.547|59.346
2020-04-07|61.05|61.25|59.1115|59.3255
2020-04-08|60.325|60.9535|59.408|60.514
2020-04-09|61.204|61.2785|59.8368|60.5725
2020-04-13|60.459|61.0255|59.3799|60.878
2020-04-14|62.2545|64.1035|61.8465|63.4615
2020-04-15|62.2805|64.023|62.02|63.1235
2020-04-16|63.705|63.95|62.131|63.1735
2020-04-17|64.2425|64.7215|63.5615|64.1625
2020-04-20|63.55|64.08|63.0685|63.3305
2020-04-21|62.35|62.7135|60.4855|60.817
2020-04-22|62.277|64.2807|62.1|63.1605
2020-04-23|63.5775|64.6655|63.2835|63.8155
2020-04-24|63.0585|64.02|62.4725|63.9655
2020-04-27|64.8|64.8075|63.45|63.794
2020-04-28|64.3965|64.4025|61.61|61.6835
2020-04-29|67.073|67.9995|66.267|67.074
2020-04-30|66.244|67.641|66.1245|67.433
2020-05-01|66.425|67.6035|65.55|66.0305
2020-05-04|65.4115|66.383|64.95|66.34
2020-05-05|66.896|68.697|66.873|67.5555
2020-05-06|68.0845|68.556|67.3645|67.365
2020-05-07|68.297|68.88|67.7635|68.628
2020-05-08|69.1565|69.938|68.774|69.4185
2020-05-11|68.914|70.8265|68.8576|70.163
2020-05-12|70.356|70.75|68.7385|68.787
2020-05-13|68.8525|69.2741|66.42|67.4665
2020-05-14|66.751|67.871|66.1955|67.8065
2020-05-15|67.5|68.724|66.95|68.6595
2020-05-18|68.0875|69.6163|67.7125|69.197
2020-05-19|69.3498|69.6|68.6743|68.6743
2020-05-20|69.479|70.521|69.3625|70.336
2020-05-21|70.4|70.7745|69.6725|70.14
2020-05-22|69.8355|70.638|69.5915|70.521
2020-05-26|71.8635|72.05|70.6065|70.851
2020-05-27|70.8625|71.087|69.5645|70.892
2020-05-28|69.843|72.042|69.8375|70.8365
2020-05-29|70.847|71.6285|70.6675|71.446
2020-06-01|70.9195|71.898|70.9|71.591
2020-06-02|71.5275|71.9805|70.9415|71.961
2020-06-03|71.915|72.3276|71.4889|71.819
2020-06-04|71.52|71.948|70.2365|70.609
2020-06-05|70.6585|72.2525|70.3|71.9195
2020-06-08|71.117|72.3995|71.117|72.3305
2020-06-09|72.268|73.4|72.1605|72.808
2020-06-10|72.977|73.713|72.8135|73.2925
2020-06-11|72.124|72.7238|70.1|70.192
2020-06-12|71.4245|71.85|69.301|70.659
2020-06-15|69.54|71.24|69.396|70.9925
2020-06-16|72.261|72.751|71.295|72.136
2020-06-17|72.358|73|71.569|72.556
2020-06-18|72.458|72.5705|71.3505|71.798
2020-06-19|72.2|72.39|71.0675|71.586
2020-06-22|71.45|72.6375|71.1605|72.593
2020-06-23|72.782|73.7971|72.262|73.2205
2020-06-24|73.0755|73.771|71.4875|71.5985
2020-06-25|71.495|72.145|71|72.0665
2020-06-26|71.5695|71.6725|67.5995|67.995
2020-06-29|67.909|69.78|67.3505|69.7485
2020-06-30|69.522|70.9325|69.198|70.6805
2020-07-01|70.555|72.15|70.491|71.902
2020-07-02|72.347|74.1475|72.321|73.235
2020-07-06|74.003|75.3295|73.643|74.785
2020-07-07|74.5|75.84|74.1775|74.259
2020-07-08|74.716|75.294|74.2815|74.8
2020-07-09|75.3225|76.136|74.4043|75.5495
2020-07-10|75.3075|77.1915|74.827|77.087
2020-07-13|77.5|78.8566|75.2621|75.567
2020-07-14|74.5155|76.1475|74.175|76.029
2020-07-15|76.1565|76.7665|74.9|75.682
2020-07-16|75|75.9345|74.3155|75.9
2020-07-17|76.081|76.172|74.921|75.7775
2020-07-20|75.763|78.5145|75.18|78.286
2020-07-21|79.3495|79.3495|77.714|77.921
2020-07-22|78.025|78.5|77.305|78.4245
2020-07-23|78.3485|78.5935|75.3696|75.784
2020-07-24|74.9465|75.8818|74.42|75.5935
2020-07-27|75.78|77.0485|75.7605|76.51
2020-07-28|76.259|76.324|74.883|75.017
2020-07-29|75.316|76.5626|75.0665|76.101
2020-07-30|74.85|76.8935|74.611|76.5725
2020-07-31|75.2505|75.4475|72.7015|74.148
2020-08-03|74.332|74.5235|73.282|73.7225
2020-08-04|73.8285|74.278|72.9325|73.2485
2020-08-05|73.465|74.1205|73.173|73.6805
2020-08-06|73.5875|75.1195|73.3|75.005
2020-08-07|75|75.8423|74.082|74.7245
2020-08-10|74.359|75.2038|73.654|74.805
2020-08-11|74.622|75.5|73.9|74.016
2020-08-12|74.279|75.6193|74.2625|75.331
2020-08-13|75.517|76.8625|75.4003|75.9225
2020-08-14|75.783|76.095|75.144|75.3865
2020-08-17|75.7335|76.2805|75.3985|75.899
2020-08-18|76.309|78.1235|76.1855|77.93
2020-08-19|77.6655|78.684|77.1975|77.3765
2020-08-20|77.1725|79.2935|76.91|79.0875
2020-08-21|78.8515|79.886|78.4003|79.021
2020-08-24|79.699|80.7085|79.0285|79.41
2020-08-25|79.1035|80.581|79.1035|80.411
2020-08-26|80.4|82.961|80.18|82.619
2020-08-27|82.684|82.75|81.2875|81.7165
2020-08-28|81.6745|82.3585|81.5375|82.2205
2020-08-31|82.3945|82.3983|81.5155|81.709
2020-09-01|81.8315|83.2865|81.611|83.0355
2020-09-02|83.6888|86.659|83.3165|86.414
2020-09-03|85.4857|85.4857|80.753|82.092
2020-09-04|81.213|82.2555|77.3806|79.552
2020-09-08|76.6755|78.1933|76.4005|76.6195
2020-09-09|77.8765|78.45|76.8026|77.848
2020-09-10|78.032|79.2041|76.2903|76.601
2020-09-11|76.8|78.76|74.868|76.036
2020-09-14|76.9503|78.2|75.787|75.964
2020-09-15|76.8|77.9785|76.5918|77.072
2020-09-16|77.777|78.1|75.991|76.045
2020-09-17|74.8|75.4149|73.5|74.7765
2020-09-18|74.9005|75.1502|71.8565|72.9995
2020-09-21|72.003|72.418|70.3275|71.558
2020-09-22|72.5045|73.476|71.7265|73.273
2020-09-23|72.939|73.048|70.385|70.7605
2020-09-24|70.5515|72.1854|70.4925|71.4145
2020-09-25|71.6315|72.5|70.667|72.248
2020-09-28|73.7105|73.84|72.4651|73.226
2020-09-29|73.5195|73.8332|72.9403|73.4665
2020-09-30|73.34|74.4875|72.994|73.48
2020-10-01|74.2135|74.952|73.9605|74.5045
2020-10-02|73.1015|74.16|72.546|72.921
2020-10-05|73.3105|74.4105|73.2135|74.301
2020-10-06|73.779|74.338|72.4295|72.672
2020-10-07|73.2145|73.448|71.8|73.0145
2020-10-08|73.2545|74.5|73.2545|74.2965
2020-10-09|74.735|75.826|74.4725|75.761
2020-10-12|77.15|79.693|76.6285|78.4575
2020-10-13|79.1865|79.5|78.16|78.584
2020-10-14|78.9295|79.3842|77.5265|78.404
2020-10-15|77.3575|78.7553|77.2515|77.9565
2020-10-16|78.2925|79.0565|78.15|78.6505
2020-10-19|79.023|79.4075|76.4|76.7305
2020-10-20|76.3525|78.875|76.2835|77.7965
2020-10-21|78.6665|80.9365|78.5815|79.6655
2020-10-22|79.6525|81.0995|79.25|80.7665
2020-10-23|81.3035|82.118|81.0255|82.05
2020-10-26|81.2505|81.912|78.825|79.5225
2020-10-27|79.7835|80.3423|79.139|80.213
2020-10-28|77.987|78.0675|75.731|75.831
2020-10-29|76.118|79.6855|76.112|78.362
2020-10-30|83.6055|84.35|80.223|81.0505
2020-11-02|81.408|83.0385|80.8015|81.3015
2020-11-03|81.589|83.085|80.831|82.5105
2020-11-04|85.514|88.5683|85.3015|87.4565
2020-11-05|89.05|89.682|87.5255|88.1685
2020-11-06|87.6975|88.6215|87.0175|88.0875
2020-11-09|89.545|90.903|88.001|88.15
2020-11-10|86.5545|88.15|85.865|87.0195
2020-11-11|87.5|88.211|87.3683|87.6355
2020-11-12|87.3815|88.4135|87.28|87.492
2020-11-13|87.8815|89.052|87.2275|88.851
2020-11-16|88.585|89.9535|88.3845|89.069
2020-11-17|88.847|89.25|88.35|88.5075
2020-11-18|88.2615|88.6735|87.307|87.339
2020-11-19|86.919|88.4795|86.8503|88.196
2020-11-20|88.2605|88.7|87.093|87.1095
2020-11-23|87.48|87.695|85.886|86.743
2020-11-24|86.525|88.58|86.3845|88.444
2020-11-25|88.6445|88.927|87.827|88.5715
2020-11-27|88.6545|90.2|88.622|89.6595
2020-11-30|89.0592|89.4033|87.75|88.037
2020-12-01|88.7185|91.2415|88.4685|89.905
2020-12-02|89.905|91.7825|89.4736|91.3975
2020-12-03|91.2005|92.36|91.1325|91.3385
2020-12-04|91.226|91.658|90.8495|91.3995
2020-12-07|90.95|91.6185|90.289|90.974
2020-12-08|90.505|91.095|89.8102|90.9275
2020-12-09|90.6005|91.7135|88.3905|89.2065
2020-12-10|88.49|89.0655|87.016|88.7665
2020-12-11|88.153|89.2225|88|89.0885
2020-12-14|88.75|89.8695|87.8608|88.003
2020-12-15|88.221|88.571|87.4975|88.3885
2020-12-16|88.644|88.65|87.804|88.15
2020-12-17|88.4255|88.5892|86.933|87.395
2020-12-18|87.709|87.7555|86.011|86.5505
2020-12-21|85.6755|87.0425|84.95|86.9685
2020-12-22|86.7215|86.8703|85.6288|86.175
2020-12-23|86.4055|87.3995|86.252|86.619
2020-12-24|86.75|87.3|86.4555|86.9425
2020-12-28|87.5818|89.5364|87.3168|88.8045
2020-12-29|89.3895|89.622|87.8045|87.936
2020-12-30|88.1005|88.2548|86.28|86.976
2020-12-31|86.771|87.9465|86.771|87.594
2021-01-04|87.877|88.0325|85.3925|86.412
2021-01-05|86.25|87.3835|85.9008|87.046
2021-01-06|85.1315|87.4|84.95|86.7645
2021-01-07|87.003|89.42|86.8525|89.3625
2021-01-08|89.399|90.492|88.6768|90.3605
2021-01-11|89.3035|89.7158|88.026|88.336
2021-01-12|87.696|88.902|86.2655|87.3275
2021-01-13|86.929|88.2518|86.9005|87.72
2021-01-14|87.681|88.7505|86.67|87.009
2021-01-15|86.9095|87.8|86.0775|86.8095
2021-01-19|87.6125|90.4638|87.073|89.543
2021-01-20|91.573|95.1855|91.2765|94.345
2021-01-21|94.9|96.743|94.3555|94.5625
2021-01-22|94.784|95.5475|94.088|95.0525
2021-01-25|96.0335|96.479|93.3765|94.97
2021-01-26|94.442|96.25|94.2123|95.862
2021-01-27|94.1265|94.5|90.45|91.5395
2021-01-28|92.197|94.9415|92.132|93.1555
2021-01-29|92.3085|92.864|90.51|91.787
2021-02-01|92.6785|96.1196|92.576|95.0675
2021-02-02|96.128|97.788|95.7245|96.3755
2021-02-03|103.65|105.825|100.919|103.5035
2021-02-04|103.4445|103.9275|102.1295|103.1185
2021-02-05|103.5|105.1255|102.9665|104.9
2021-02-08|105.2955|106.1773|103.6|104.6455
2021-02-09|103.927|105.2565|103.927|104.1755
2021-02-10|104.7105|105.4185|103.1545|104.769
2021-02-11|104.9755|105.1015|103.866|104.7945
2021-02-12|104.5125|105.441|104.1565|105.2055
2021-02-16|105.218|107.634|105.218|106.095
2021-02-17|105|106.683|104.946|106.4155
2021-02-18|105.5195|106.6368|105.1855|105.86
2021-02-19|105.9635|106.5265|104.8705|105.057
2021-02-22|103.35|104.571|103.107|103.244
2021-02-23|101.2505|104.1005|100.101|103.543
2021-02-24|102.0915|105.039|101.9065|104.7585
2021-02-25|103.3725|104.744|101.0645|101.568
2021-02-26|102.526|103.5505|100.803|101.843
2021-03-01|102.826|104.326|102.305|104.0755
2021-03-02|103.8095|105.2185|103.563|103.792
2021-03-03|103.3605|104.4259|100.5|101.3355
2021-03-04|101.1685|104.462|101.0135|102.4545
2021-03-05|103.656|105.9055|102.3208|105.427
2021-03-08|105.0565|106.4405|101.0805|101.2085
2021-03-09|103.5|103.902|102.3915|102.635
2021-03-10|103.588|103.75|101.6685|102.7515
2021-03-11|103.703|106.285|103.619|105.7385
2021-03-12|104.25|104.513|102.3775|103.096
2021-03-15|103.115|103.353|102.1755|103.3245
2021-03-16|103.9495|106.178|103.5|104.626
2021-03-17|103.8015|105.489|102.7|104.554
2021-03-18|103.05|103.775|101.6775|101.811
2021-03-19|102.1025|102.655|100.884|102.16
2021-03-22|102.092|102.8995|101.3035|101.9295
2021-03-23|102.585|103.6151|101.961|102.648
2021-03-24|103.2685|103.9105|102.0778|102.253
2021-03-25|102.2405|102.9435|100.5365|102.218
2021-03-26|101.943|102.5495|100.701|101.7775
2021-03-29|101.394|102.9215|100.781|102.7975
2021-03-30|102.8815|103.539|102.2015|102.777
2021-03-31|102.956|104.6664|102.8373|103.4315
2021-04-01|104.8975|107.147|104.8445|106.8875
2021-04-05|107.647|111.8655|107.581|111.2775
2021-04-06|111.125|111.883|110.74|111.2375
2021-04-07|111.3065|112.75|111.2665|112.484
2021-04-08|113.898|114.2003|112.884|113.272
2021-04-09|112.835|114.452|112.6857|114.294
2021-04-12|113.3125|113.766|111.9233|112.7395
2021-04-13|113.0735|113.8605|112.8045|113.3635
2021-04-14|113.758|113.8995|112.4595|112.742
2021-04-15|113.849|115.3298|113.3|114.833
2021-04-16|115.15|115.322|114.2225|114.888
2021-04-19|114.599|115.9225|114.3923|115.12
2021-04-20|115.3945|115.48|113.5855|114.6815
2021-04-21|114.2625|114.766|112.9285|114.6645
2021-04-22|114.6615|115.1881|112.8225|113.396
2021-04-23|114.1735|116.291|113.9105|115.765
2021-04-26|115.9965|117.063|115.692|116.337
2021-04-27|116.8|116.8725|115.2135|115.356
2021-04-28|120.3573|122.6189|118.7425|118.9955
2021-04-29|120.5165|121.826|120.114|121.4945
2021-04-30|120.2245|121.357|120.108|120.506
2021-05-03|120.136|120.985|119.225|119.7585
2021-05-04|118.487|118.963|115.585|117.7125
2021-05-05|118.421|119.11|117.5705|117.837
2021-05-06|117.532|119.1355|117.1169|119.0675
2021-05-07|120|120.8205|119.5|119.9345
2021-05-10|118.7445|118.9|116.7365|117.083
2021-05-11|114.593|116.1|114.15|115.438
2021-05-12|113.0855|114.2685|111.5025|111.954
2021-05-13|113.0545|113.8301|112.136|113.0985
2021-05-14|114.5915|116.057|114.166|115.808
2021-05-17|115.466|116.167|114.75|116.0705
2021-05-18|116.8453|117.1575|115.158|115.1715
2021-05-19|113.22|115.838|113.176|115.4355
2021-05-20|116.402|118.017|116.0545|117.8045
2021-05-21|118.2995|118.45|117.1185|117.255
2021-05-24|118.35|120.924|118.0055|120.3335
2021-05-25|121|121.6445|120.1495|120.4535
2021-05-26|120.6418|122.1472|120.6258|121.6765
2021-05-27|121.847|122|120.1|120.1255
2021-05-28|121.098|121.407|120.3845|120.578
2021-06-01|121.1|121.8985|120.244|121.4905
2021-06-02|121.7655|122.1|120.21|121.064
2021-06-03|119.751|120.4873|119.1415|120.2305
2021-06-04|121.126|122.693|120.8885|122.588
2021-06-07|122.566|123.4|122.0536|123.3045
2021-06-08|123.995|124.7248|123.412|124.1425
2021-06-09|124.975|125.25|124.3665|124.57
2021-06-10|124.7005|126.163|124.7|126.08
2021-06-11|126.246|126.3495|124.9145|125.6965
2021-06-14|125.6695|126.4115|125.047|126.352
2021-06-15|126.522|126.862|125.6485|126.033
2021-06-16|126.2475|126.5235|124.15|125.6965
2021-06-17|125.523|127.1965|125.515|126.371
2021-06-18|125.7055|126.389|124.603|125.5675
2021-06-21|125.74|127.0367|125.1343|126.455
2021-06-22|126.45|127.27|126.0265|126.9995
2021-06-23|126.55|127.796|126.252|126.4615
2021-06-24|127.0535|127.5355|126.96|127.282
2021-06-25|126.957|127.505|126.444|126.995
2021-06-28|127|127.337|125.9738|126.8195
2021-06-29|126.7725|127|125.437|126.0185
2021-06-30|125.6536|125.8|124.7575|125.316
2021-07-01|124.8498|126.4625|124.8498|126.3685
2021-07-02|126.8395|128.848|126.769|128.719
2021-07-06|129.4495|129.8845|128.409|129.771
2021-07-07|130.341|130.6399|129.76|130.0775
2021-07-08|128.25|130.0325|128.04|129.177
2021-07-09|128.9445|129.8495|128.9435|129.5745
2021-07-12|129.8335|130.77|129.6|130.564
2021-07-13|130.8815|132.042|130.637|130.9945
2021-07-14|131.9015|132.996|131.898|132.0825
2021-07-15|132.5|132.595|130.598|131.2665
2021-07-16|131.641|132.183|130.8215|131.8455
2021-07-19|131.1555|131.247|128.537|129.254
2021-07-20|130.004|132.0014|129.1884|131.1015
2021-07-21|130.787|132.6172|130.6015|132.6005
2021-07-22|132.65|133.5045|132.4|133.3285
2021-07-23|135.26|138.8085|134.7005|137.816
2021-07-26|138.25|139.713|137.651|139.6445
2021-07-27|140.011|140.011|135.1|136.7965
2021-07-28|138.562|139.676|136.35|136.3815
2021-07-29|136.3806|137.1515|136.138|136.5405
2021-07-30|135.511|135.7714|134.8142|135.221
2021-08-02|135.4845|136.0205|134.6695|135.9895
2021-08-03|136|136.3355|134.1835|136.28
2021-08-04|136.2495|136.538|135.415|136.0285
2021-08-05|136.0285|136.95|135.6|136.94
2021-08-06|136.295|137.08|136.0465|137.036
2021-08-09|136.949|138.3215|136.4288|138.002
2021-08-10|138.0795|138.5515|137.2265|138.0965
2021-08-11|138.283|138.8478|137.35|137.6895
2021-08-12|137.713|138.418|136.779|138.3895
2021-08-13|138.3575|138.674|138.005|138.406
2021-08-16|138|138.9905|136.1658|138.916
2021-08-17|138.191|138.7185|136.7875|137.3005
2021-08-18|137.1155|138.294|136.421|136.57
2021-08-19|135.4675|137.452|135.356|136.9135
2021-08-20|137.083|138.6145|136.467|138.437
2021-08-23|138.9985|142.177|138.7479|141.0995
2021-08-24|141.5435|143.0075|141.3535|142.3985
2021-08-25|142.883|143.313|142.4395|142.95
2021-08-26|142.6185|143.1348|142.0915|142.123
2021-08-27|142.1125|145.011|142.02|144.5505
2021-08-30|144.7045|146.4895|144.6|145.4695
2021-08-31|145.8845|146.112|145|145.462
2021-09-01|145.65|146.8205|145.6145|145.842
2021-09-02|145.9495|146.325|144.1065|144.219
2021-09-03|144.146|145.377|143.505|144.775
2021-09-07|144.7495|145.824|144.541|145.519
2021-09-08|145.3935|145.551|144.2|144.8835
2021-09-09|144.8835|145.6695|144.434|144.9135
2021-09-10|145.4435|146.019|141.7415|141.921
2021-09-13|143.201|144.191|142.2825|143.465
2021-09-14|144.161|144.7275|142.9055|143.406
2021-09-15|143.759|145.5815|142.256|145.206
2021-09-16|145.121|145.2|143.4164|144.3735
2021-09-17|143.7985|144.2495|141.0615|141.4635
2021-09-20|139.0002|139.3625|137.053|139.017
2021-09-21|140.117|140.8116|138.9055|139.6465
2021-09-22|140.0505|141.5835|139.4718|140.9385
2021-09-23|141.6095|142.2525|141.0965|141.8265
2021-09-24|140.946|142.9035|140.8505|142.633
2021-09-27|141.5855|142.5|140.5|141.501
2021-09-28|139.0885|139.6065|135.7|136.184
2021-09-29|137.1097|137.3985|134.25|134.521
2021-09-30|134.325|135.59|133|133.2655
2021-10-01|133.5545|137.071|133.3775|136.4625
2021-10-04|135.6995|135.7|131.1665|133.765
2021-10-05|134|137.362|134|136.177
2021-10-06|134.6255|137.852|134.4865|137.354
2021-10-07|138.863|140.1545|138.563|139.1855
2021-10-08|139.906|140.317|139.4293|140.056
2021-10-11|139.8|140.7636|138.8065|138.8475
2021-10-12|139.6375|139.695|136.25|136.713
2021-10-13|137.75|138.55|136.9765|137.9
2021-10-14|139.952|141.6515|139.339|141.412
2021-10-15|142.2|142.2|141.0645|141.675
2021-10-18|141.2135|142.9988|141.2135|142.9605
2021-10-19|143.2915|144.107|143.096|143.822
2021-10-20|144.2225|144.2478|141.912|142.415
2021-10-21|142.192|142.8495|141.637|142.7805
2021-10-22|140.351|141.5585|137.1705|138.625
2021-10-25|138.8105|139.2058|136.7485|138.773
2021-10-26|140.606|140.8395|139.0055|139.672
2021-10-27|139.9025|149.118|139.9025|146.4275
2021-10-28|147.299|147.4245|144.7635|146.129
2021-10-29|145.52|148.613|145.1665|148.2705
2021-11-01|148.165|148.3995|143.5795|143.774
2021-11-02|144.8094|146.9205|144.641|145.863
2021-11-03|146.275|146.9105|145.0535|146.79
2021-11-04|147.2|149.95|146.635|148.683
2021-11-05|149.3535|150.5707|148.652|149.241
2021-11-08|150|151.0345|149.12|149.3515
2021-11-09|149.746|150.3785|147.507|149.2485
2021-11-10|148.0098|148.7|145.325|146.626
2021-11-11|147.107|148.5023|146.6945|146.748
2021-11-12|147.8315|149.8595|146.454|149.6455
2021-11-15|150|150.477|148.6525|149.388
2021-11-16|149.1705|149.8325|148.35|149.076
2021-11-17|149.229|149.626|148.563|149.062
2021-11-18|149.146|151.61|148.9985|150.709
2021-11-19|151|151.85|149.8875|149.9525
2021-11-22|150.1418|150.7445|147.0055|147.0785
2021-11-23|147.113|147.694|144.8895|146.757
2021-11-24|146.35|147|145.199|146.7175
2021-11-26|145.0155|145.297|142.4855|142.806
2021-11-29|144.2985|146.862|144.2985|146.114
2021-11-30|145.4503|146.6285|142.066|142.452
2021-12-01|144.2125|146.4991|141.5|141.618
2021-12-02|141.824|144.675|140.982|143.7765
2021-12-03|144.4955|145.213|141.15|142.5205
2021-12-06|143.574|144.3515|140.647|143.7965
2021-12-07|145.95|148.3|145.7025|148.0365
2021-12-08|148.3315|149.1565|147.2|148.7205
2021-12-09|148.176|149.605|147.529|148.106
2021-12-10|149.1|149.4|147.3575|148.675
2021-12-13|148.444|148.5625|146.36|146.7045
2021-12-14|144.77|145.442|142.2425|144.9705
2021-12-15|144.366|147.5173|142.7055|147.3685
2021-12-16|148.077|148.5515|144.0925|144.8385
2021-12-17|142.7145|144.4601|141.788|142.803
2021-12-20|140.6796|142.6105|140.25|142.4015
2021-12-21|143.15|144.6921|141.735|144.2205
2021-12-22|144.1|147.303|143.963|146.949
2021-12-23|147.0895|148.5726|146.9508|147.1425
2021-12-27|147.4635|148.4265|147.25|148.064
2021-12-28|148.3745|148.3745|145.9355|146.448
2021-12-29|146.4295|147.1838|145.5045|146.5045
2021-12-30|146.45|147.0625|145.7585|146.0025
2021-12-31|145.544|146.365|144.6775|144.6795
2022-01-03|144.4755|145.55|143.5025|145.0745
2022-01-04|145.5505|146.61|143.8161|144.4165
2022-01-05|144.181|144.298|137.5235|137.6535
2022-01-06|137.4975|139.686|136.7635|137.551
2022-01-07|137.905|138.2547|135.789|137.0045
2022-01-10|135.099|138.64|133.1405|138.574
2022-01-11|138.1805|140.3295|136.8135|140.0175
2022-01-12|141.5545|142.8142|141.112|141.648
2022-01-13|141.8405|143.1855|138.914|139.131
2022-01-14|137.5|141.2005|137.5|139.7865
2022-01-18|136.6|137.3915|135.617|136.2905
2022-01-19|136.9385|138.3995|135.5|135.652
2022-01-20|136.514|137.912|133.1445|133.5065
2022-01-21|133.012|134.7605|130.001|130.092
2022-01-24|126.0275|130.7785|124.642|130.372
2022-01-25|128.4355|129.3385|126.378|126.7355
2022-01-26|130.5925|132.8075|127.1535|129.24
2022-01-27|131.361|132.6099|128.945|129.121
2022-01-28|130|133.3705|128.6945|133.2895
2022-01-31|134.198|135.8435|132.274|135.6985
2022-02-01|137.835|138.2|134.5682|137.8785
2022-02-02|151.8635|152.1|145.5575|148.0365
2022-02-03|145.295|149.1177|142.205|142.6505
2022-02-04|143.017|144.5353|139.8175|143.016
2022-02-07|143.709|143.8465|138.699|138.938
2022-02-08|138.9913|139.8371|136.873|139.213
2022-02-09|140.8498|142.1755|140.377|141.453
2022-02-10|139.5|141.431|138.05|138.6025
2022-02-11|138.75|139.2833|133.2885|134.13
2022-02-14|133.3655|136.1665|133.302|135.3
2022-02-15|137.4715|137.9|135.5395|136.4255
2022-02-16|136.4305|137.946|134.8236|137.4875
2022-02-17|136.15|136.8395|132.202|132.3085
2022-02-18|133.0375|133.824|130.307|130.4675
2022-02-22|129.985|131.9007|127.741|129.4025
2022-02-23|131.0785|131.749|127.5035|127.585
2022-02-24|125|133.037|124.7645|132.6735
2022-02-25|133.5255|135.389|131.765|134.5195
2022-02-28|133.2845|135.6405|132.8253|134.891
2022-03-01|134.48|136.111|133.3785|134.168
2022-03-02|134.6083|135.6155|133.4325|134.7515
2022-03-03|135.9785|136.7138|133.431|134.308
2022-03-04|133.3825|134.199|130.4085|132.122
2022-03-07|131.904|131.904|126.41|126.4645
2022-03-08|126.2505|131.2465|125.8608|127.2785
2022-03-09|131.4|134.1985|130.088|133.866
2022-03-10|131.4625|133.5385|131.401|132.682
2022-03-11|133.9995|134.2|130.2965|130.4755
2022-03-14|130.573|131.026|126.413|126.741
2022-03-15|127.7415|130.5173|126.568|129.6605
2022-03-16|131|133.771|129.201|133.6905
2022-03-17|133.321|134.7395|132.719|134.6005
2022-03-18|133.884|136.9135|132.932|136.8015
2022-03-21|136.8475|137.5825|134.6115|136.4785
2022-03-22|136.5|141.5|136.5|140.2775
2022-03-23|139.1385|140.025|138.1665|138.5035
2022-03-24|139.2725|141.3965|138.0394|141.312
2022-03-25|141.754|141.9595|139.6995|141.5215
2022-03-28|140.6845|141.9765|139.8281|141.95
2022-03-29|143.1605|144.1625|142.484|143.25
2022-03-30|142.87|143.4805|142.168|142.6445
2022-03-31|142.4485|142.6445|139.619|139.6495
2022-04-01|140.01|140.95|138.797|140.7
2022-04-04|140.8245|144.0438|140.8245|143.6425
2022-04-05|143.3995|143.59|140.9435|141.063
2022-04-06|139.1615|139.8485|136.4181|137.176
2022-04-07|136.618|137.7015|134.8573|136.465
2022-04-08|136.25|136.25|133.7525|134.0105
2022-04-11|132.9|132.9392|129.6175|129.7965
2022-04-12|132.4235|132.4235|127.576|128.3745
2022-04-13|128.6265|130.6557|128.4386|130.286
2022-04-14|130.6495|130.7103|127.1115|127.253
2022-04-18|127.41|128.712|126.5785|127.961
2022-04-19|128.077|130.9038|127.4515|130.531
2022-04-20|131.284|131.9235|127.8941|128.2455
2022-04-21|129.35|130.3075|124.65|124.9375
2022-04-22|125|125.452|119.1405|119.614
2022-04-25|119.4295|123.278|118.7693|123.25
2022-04-26|122.75|122.75|119.1619|119.506
2022-04-27|114.373|117.5|113.1243|115.0205
2022-04-28|117.115|120.4385|115.1439|119.4115
2022-04-29|117.578|118.96|114.694|114.9665
2022-05-02|113.9065|117.3395|113.3995|117.157
2022-05-03|116.765|119.3|116.627|118.1295
2022-05-04|118.0035|123.143|115.7385|122.575
2022-05-05|120.2205|121.2333|115.1825|116.7465
2022-05-06|115.519|117.4985|114.143|115.66
2022-05-09|113.3035|115.5629|112.5515|113.084
2022-05-10|116.0405|116.691|113.3833|114.5845
2022-05-11|113.7105|116.671|113.65|113.961
2022-05-12|111.938|114.8565|110.1135|113.161
2022-05-13|114.8455|118.085|114|116.5155
2022-05-16|115.384|116.6075|114.335|114.7925
2022-05-17|117.2275|117.2275|115.3375|116.7015
2022-05-18|115.2375|115.6957|112.142|112.401
2022-05-19|111.841|113.5875|110.468|110.7455
2022-05-20|112.0855|112.55|106.373|109.313
2022-05-23|110.104|112.0055|109.1543|111.6665
2022-05-24|106.3775|106.395|102.208|105.926
2022-05-25|105.142|106.5447|104.2113|105.8395
2022-05-26|106.0505|108.9553|105.488|108.296
2022-05-27|109.7885|112.868|109.55|112.799
2022-05-31|113.079|116.4335|112.5725|114.039
2022-06-01|114.9315|117.399|113.5505|114.137
2022-06-02|114.188|117.898|113.308|117.746
2022-06-03|115.9925|116.3645|113.668|114.564
2022-06-06|116.7425|119.3985|116.5283|117.0105
2022-06-07|115.648|117.7486|115.1255|117.2295
2022-06-08|116.8765|118.646|116.6968|117.238
2022-06-09|116.3415|118.35|114.867|114.918
2022-06-10|112.7813|113.497|110.861|111.4275
2022-06-13|107.446|109.2185|106.5881|106.8765
2022-06-14|106.89|108.4575|106.352|107.194
2022-06-15|108.8995|112.063|108.1188|110.3905
2022-06-16|108.1495|109.2905|105.7925|106.636
2022-06-17|106.535|109.2495|105.6285|107.8655
2022-06-21|109.702|112.673|109.2935|112.015
2022-06-22|111.163|113.7695|110.7243|112.034
2022-06-23|112.95|113.1965|111.029|112.6845
2022-06-24|113.603|118.6375|113.603|118.538
2022-06-27|118.935|119.25|116.0008|116.6225
2022-06-28|116.351|117.8565|112.444|112.5715
2022-06-29|112.1485|113.6645|111.554|112.2565
2022-06-30|110.4995|111.3298|107.31|109.3725
2022-07-01|108.337|109.8064|107.105|109.081
2022-07-05|107.5145|114.0526|106.2495|113.887
2022-07-06|114.092|116.352|112.2505|115.2135
2022-07-07|116.008|119.862|115.534|119.306
2022-07-08|117.55|120.435|117.514|120.1685
2022-07-11|118.65|118.7945|116.2345|116.5225
2022-07-12|116.8385|117.8495|114.615|114.8495
2022-07-13|112.639|115.157|111.823|112.187
2022-07-14|110.826|111.9875|109.3255|111.44
2022-07-15|112.963|114.0005|111.8225|112.767
2022-07-18|113.44|114.8|109.3|109.91
2022-07-19|111.73|114.81|110.5|114.62
2022-07-20|114.06|116.33|113.26|114.7
2022-07-21|115.09|115.21|111.91|115.04
2022-07-22|111.81|113.18|107.6|108.36
2022-07-25|108.88|110.58|107.01|108.21
2022-07-26|107.43|107.74|104.76|105.44
2022-07-27|109.6|114.4|108.42|113.6
2022-07-28|112.8|114.7|111.851|114.59
2022-07-29|113.4|116.9|113.23|116.64
2022-08-01|115.53|117.12|114.69|115.48
2022-08-02|114.43|117.08|114.26|115.9
2022-08-03|116.34|119.42|116.15|118.78
2022-08-04|118.3|119.5|117.71|118.87
2022-08-05|116.93|118.86|116.71|118.22
2022-08-08|119.12|120.86|117.83|118.14
2022-08-09|117.99|118.2|116.56|117.5
2022-08-10|119.59|121.78|119.36|120.65
2022-08-11|122.08|122.3402|119.55|119.82
2022-08-12|121.16|122.65|120.4001|122.65
2022-08-15|122.21|123.26|121.57|122.88
2022-08-16|122.32|123.2276|121.535|122.51
2022-08-17|120.93|122.15|120.2|120.32
2022-08-18|120.23|121.69|119.5502|120.86
2022-08-19|119.87|120|117.67|118.12
2022-08-22|116.1|116.5|114.67|115.07
2022-08-23|114.32|115.93|114.3|114.77
2022-08-24|114.45|115.7171|113.78|114.7
2022-08-25|115.15|117.78|115.05|117.7
2022-08-26|115.81|116.6|111.22|111.3
2022-08-29|110.78|111.96|109.81|110.34
2022-08-30|111.03|111.37|108.8|109.91
2022-08-31|111.63|111.77|109.05|109.15
2022-09-01|109.2|111.22|108.19|110.55
2022-09-02|111.34|111.675|108.13|108.68
2022-09-06|108.135|108.88|106.51|107.48
2022-09-07|107.76|110.99|107.615|110.48
2022-09-08|109.18|110.58|108.06|109.42
2022-09-09|110.05|112|110|111.78
2022-09-12|111.99|112.64|110.93|111.87
2022-09-13|108.89|109.37|105|105.31
2022-09-14|105.44|106.1|104.5|105.87
2022-09-15|105.01|106.21|103.31|103.9
2022-09-16|102.97|104.03|101.855|103.63
2022-09-19|102.54|104.02|102.37|103.85
2022-09-20|102.88|103.17|101.12|101.83
2022-09-21|102.24|103.49|99.99|100.01
2022-09-22|99.45|101.68|99.41|100.57
2022-09-23|100.06|100.11|98.01|99.17
2022-09-26|98.61|100.44|98.38|98.81
2022-09-27|99.91|100.46|97.34|98.09
2022-09-28|98.02|101.4|97.8|100.74
2022-09-29|99.3|99.3|96.52|98.09
2022-09-30|97.73|99.494|96.03|96.15
2022-10-03|97.22|99.97|97.02|99.3
2022-10-04|101.04|102.72|101.04|102.41
2022-10-05|100.69|102.74|99.74|102.22
2022-10-06|101.5|103.73|101.5|102.24
2022-10-07|100.65|101.42|99.21|99.57
2022-10-10|99.85|99.99|97.87|98.71
2022-10-11|98.25|100.12|97.25|98.05
2022-10-12|98.27|99.6476|97.67|98.3
2022-10-13|95.93|100.53|95.27|99.71
2022-10-14|100.625|101.29|97.03|97.18
2022-10-17|99.52|101.77|99.51|100.78
2022-10-18|103.94|104.22|100.65|101.39
2022-10-19|100.7|101.6592|99.635|100.29
2022-10-20|100.82|103|99.97|100.53
2022-10-21|98.46|101.62|98.23|101.48
2022-10-24|102.09|103.1|100.3|102.97
2022-10-25|103.3|105.0999|103.02|104.93
2022-10-26|96.76|98.54|94.57|94.82
2022-10-27|94.31|95.17|91.9|92.6
2022-10-28|92.53|96.86|92.3225|96.58
2022-10-31|95.78|96.35|94.38|94.66
2022-11-01|95.59|96.165|90.43|90.5
2022-11-02|90.91|91.3|87.01|87.07
2022-11-03|86.345|86.55|83.45|83.49
2022-11-04|85.51|86.73|83.88|86.7
2022-11-07|87.34|88.94|86.96|88.65
2022-11-08|89.16|90.405|87.65|88.91
2022-11-09|88.545|89.49|87.3599|87.4
2022-11-10|92.34|94.55|91.65|94.17
2022-11-11|94.71|97.36|94.16|96.73
2022-11-14|95.5|97.18|95.1125|96.03
2022-11-15|98.67|100.42|97.02|98.72
2022-11-16|98.02|99.85|97.9015|98.99
2022-11-17|97.18|99.48|97.1|98.5
2022-11-18|99.01|99.16|96.74|97.8
2022-11-21|97.56|98.72|95.67|95.83
2022-11-22|96.16|97.5475|94.41|97.33
2022-11-23|97.34|99.0685|97.34|98.82
2022-11-25|98.465|98.94|97.53|97.6
2022-11-28|97.2|97.83|95.89|96.25
2022-11-29|96|96.3901|94.39|95.44
2022-11-30|95.12|101.45|94.67|101.45
2022-12-01|101.4|102.59|100.67|101.28
2022-12-02|99.37|101.15|99.17|100.83
2022-12-05|99.815|101.7499|99.355|99.87
2022-12-06|99.67|100.21|96.7604|97.31
2022-12-07|96.77|97.31|95.025|95.15
2022-12-08|95.69|95.87|93.8|93.95
2022-12-09|93.9|94.49|93.02|93.07
2022-12-12|93.09|93.8745|91.9|93.56
2022-12-13|98.07|99.8|95.38|95.85
2022-12-14|95.54|97.22|93.94|95.31
2022-12-15|93.54|94.03|90.43|91.2
2022-12-16|91.2|91.75|90.01|90.86
2022-12-19|90.88|91.2|88.925|89.15
2022-12-20|88.73|89.78|88.04|89.63
2022-12-21|89.73|90.915|88.91|90.25
2022-12-22|88.93|89.18|86.9401|88.26
2022-12-23|87.62|90.1|87.62|89.81
2022-12-27|89.31|89.5|87.535|87.93
2022-12-28|87.5|88.52|86.3701|86.46
2022-12-29|87.03|89.365|86.99|88.95
2022-12-30|87.365|88.83|87.03|88.73
2023-01-03|89.83|91.55|89.02|89.7
2023-01-04|91.01|91.24|87.8|88.71
2023-01-05|88.07|88.21|86.56|86.77
2023-01-06|87.36|88.47|85.57|88.16
2023-01-09|89.195|90.83|88.58|88.8
2023-01-10|86.72|89.475|86.7|89.24
2023-01-11|90.06|92.45|89.74|92.26
2023-01-12|92.4|92.62|90.57|91.91
2023-01-13|91.528|92.98|90.93|92.8
2023-01-17|92.78|92.97|90.84|92.16
2023-01-18|92.94|93.588|91.4|91.78
2023-01-19|91.39|94.4|91.38|93.91
2023-01-20|95.95|99.42|95.91|99.28
2023-01-23|99.13|101.4|98.75|101.21
2023-01-24|99.55|101.09|98.7|99.21
2023-01-25|97.2|97.72|95.262|96.73
2023-01-26|98.28|99.21|96.82|99.16
2023-01-27|99.05|101.58|98.97|100.71
2023-01-30|98.745|99.4088|97.52|97.95
2023-01-31|97.86|99.91|97.79|99.87
2023-02-01|99.74|102.1899|98.42|101.43
2023-02-02|106.79|108.82|106.54|108.8
2023-02-03|103.51|108.02|103.3|105.22
2023-02-06|102.685|104.7|102.21|103.47
2023-02-07|103.63|108.67|103.5475|108.04
2023-02-08|102.69|103.58|98.455|100
2023-02-09|100.54|100.61|93.86|95.46
2023-02-10|95.74|97.02|94.53|94.86
2023-02-13|95.01|95.35|94.05|95
2023-02-14|94.66|95.175|92.65|94.95
2023-02-15|94.74|97.34|94.36|97.1
2023-02-16|95.54|97.88|94.97|95.78
2023-02-17|95.07|95.75|93.45|94.59
2023-02-21|93.24|93.4149|92|92.05
2023-02-22|91.934|92.36|90.87|91.8
2023-02-23|92.13|92.13|90.01|91.07
2023-02-24|89.63|90.13|88.86|89.35
2023-02-27|90.09|90.4499|89.61|90.1
2023-02-28|89.54|91.45|89.52|90.3
2023-03-01|90.16|91.2|89.85|90.51
2023-03-02|89.86|92.48|89.77|92.31
2023-03-03|92.74|94.11|92.66|94.02
2023-03-06|94.36|96.3|94.3|95.58
2023-03-07|95.42|96.09|93.8443|94.17
2023-03-08|94.405|96.24|94.405|94.65
2023-03-09|94.49|95.92|92.355|92.66
2023-03-10|92.5|93.18|90.8|91.01
2023-03-13|90.565|93.08|89.94|91.66
2023-03-14|93.07|94.83|92.78|94.25
2023-03-15|93.54|97.25|93.04|96.55
2023-03-16|96.57|101.97|95.87|101.07
2023-03-17|100.84|103.49|100.75|102.46
2023-03-20|101.06|102.58|100.79|101.93
2023-03-21|101.98|105.96|101.86|105.84
2023-03-22|105.14|107.51|104.21|104.22
2023-03-23|105.89|107.1009|105.41|106.26
2023-03-24|105.74|106.16|104.74|106.06
2023-03-27|105.32|105.4|102.63|103.06
2023-03-28|103|103|100.28|101.36
2023-03-29|102.72|102.82|101.03|101.9
2023-03-30|101.44|101.61|100.29|101.32
2023-03-31|101.71|104.19|101.44|104
2023-04-03|102.67|104.95|102.38|104.91
2023-04-04|104.84|106.1|104.6|105.12
2023-04-05|106.12|106.54|104.1021|104.95
2023-04-06|105.77|109.63|104.815|108.9
2023-04-10|107.39|107.97|105.6|106.95
2023-04-11|106.92|107.22|105.28|106.12
2023-04-12|107.39|107.5874|104.97|105.22
2023-04-13|106.47|108.265|106.44|108.19
2023-04-14|107.69|109.58|107.59|109.46
2023-04-17|105.43|106.71|105.32|106.42
2023-04-18|107|107.05|104.78|105.12
2023-04-19|104.215|105.725|103.8|105.02
2023-04-20|104.65|106.8875|104.64|105.9
2023-04-21|106.09|106.64|105.485|105.91
2023-04-24|106.05|107.32|105.36|106.78
2023-04-25|106.61|107.44|104.56|104.61
2023-04-26|105.56|107.02|103.27|104.45
2023-04-27|105.23|109.15|104.42|108.37
2023-04-28|107.8|108.29|106.04|108.22
2023-05-01|107.72|108.68|107.5|107.71
2023-05-02|107.66|107.73|104.5|105.98
2023-05-03|106.22|108.13|105.62|106.12
2023-05-04|106.16|106.3|104.7|105.21
2023-05-05|105.32|106.44|104.7386|106.215
2023-05-08|105.795|108.42|105.79|108.24
2023-05-09|108.78|110.595|107.725|107.94
2023-05-10|108.55|113.51|108.48|112.28
2023-05-11|115.86|118.44|114.9301|116.9
2023-05-12|117|118.26|116.55|117.92
2023-05-15|116.49|118.795|116.48|116.96
2023-05-16|116.83|121.2|116.83|120.09
2023-05-17|120.18|122.28|119.46|121.48
2023-05-18|121.56|123.9|121.49|123.52
2023-05-19|124.2|126.479|122.72|123.25
2023-05-22|123.51|127.05|123.45|125.87
2023-05-23|124.93|125.42|123.05|123.29
2023-05-24|121.88|122.7499|120.75|121.64
2023-05-25|125.21|125.98|122.9|124.35
2023-05-26|124.065|126|123.29|125.43
2023-05-30|126.29|126.38|122.89|124.64
2023-05-31|123.7|124.9|123.1|123.37
2023-06-01|123.5|125.04|123.3|124.37
2023-06-02|124.49|126.745|124.35|125.23
2023-06-05|124.61|127.99|124.38|126.63
2023-06-06|126.6|128.88|125.97|127.91
2023-06-07|127.575|129.55|122.63|122.94
2023-06-08|122.585|123.73|122.01|122.67
2023-06-09|122.56|124.285|122.42|122.87
2023-06-12|123.395|124.75|122.35|124.35
2023-06-13|125.65|125.86|123.845|124.43
2023-06-14|123.8|124.79|122.16|124.38
2023-06-15|123.88|126.16|123.14|125.79
2023-06-16|126.7|126.7|123.79|124.06
2023-06-20|123.535|125.175|122.83|123.85
2023-06-21|123.235|123.41|120.86|121.26
2023-06-22|120.66|123.935|119.6|123.87
2023-06-23|122.04|123.44|121.86|123.02
2023-06-26|121.4656|122.72|118.99|119.09
2023-06-27|117.84|119.895|116.91|119.01
2023-06-28|117.96|121.27|117.6|121.08
2023-06-29|120.09|120.91|119.21|120.01
2023-06-30|121.1|122.03|120.88|120.97
2023-07-03|120.32|121.02|119.705|120.56
2023-07-05|120.06|123.37|120.06|122.63
2023-07-06|120.64|121.1499|119.2499|120.93
2023-07-07|120.89|121.75|120.09|120.14
2023-07-10|119.07|119.07|116.64|116.87
2023-07-11|116.76|118.225|115.83|117.71
2023-07-12|119.3|120.96|119|119.62
2023-07-13|121.54|125.335|121.06|124.83
2023-07-14|125.13|127.09|124.9|125.7
2023-07-17|126.06|127.28|124.5|125.06
2023-07-18|124.905|124.99|123.3|124.08
2023-07-19|124.79|125.47|122.47|122.78
2023-07-20|122.12|124.7|118.685|119.53
2023-07-21|120.87|121.3|119.07|120.31
2023-07-24|121.926|123.35|121.38|121.88
2023-07-25|121.88|123.69|121.53|122.79
2023-07-26|130.36|131.37|128.71|129.66
2023-07-27|131.8|133.6|129.18|129.87
2023-07-28|130.97|134.07|130.92|133.01
2023-07-31|133.01|133.83|132.13|133.11
2023-08-01|130.855|132.92|130.75|131.89
2023-08-02|129.84|130.42|127.85|128.64
2023-08-03|128.37|129.77|127.775|128.77
2023-08-04|129.6|131.93|128.315|128.54
2023-08-07|129.51|132.06|129.43|131.94
2023-08-08|130.98|131.94|130.13|131.84
2023-08-09|132.19|132.47|129.505|130.15
2023-08-10|131.97|132.647|130.035|130.21
2023-08-11|129.202|130.44|128.75|130.17
2023-08-14|129.85|131.91|129.59|131.83
2023-08-15|131.59|131.99|129.819|130.27
2023-08-16|129.28|130.8975|128.46|129.11
2023-08-17|130.45|132.4913|129.85|130.46
2023-08-18|129.06|129.83|127|128.11
2023-08-21|127.85|129.26|127.16|128.93
2023-08-22|129.13|130.95|128.925|129.69
2023-08-23|130.85|134.07|130.51|133.21
2023-08-24|134.7272|134.97|130.3|130.42
2023-08-25|130.14|131.4|128.04|130.69
2023-08-28|132.08|133.24|130.85|131.79
2023-08-29|132.9981|137.295|132.98|135.49
2023-08-30|135.57|137.25|135.021|136.93
2023-08-31|137.05|138.4|136.82|137.35
2023-09-01|138.43|138.58|135.94|136.8
2023-09-05|136.44|137.37|135.56|136.71
2023-09-06|137.015|137.48|134.69|135.37
2023-09-07|134.6|136.58|133.9601|136.2
2023-09-08|135.87|137.515|135.87|137.2
2023-09-11|137.38|138.2638|136.55|137.74
2023-09-12|137.13|137.64|135.93|136.07
2023-09-13|135.9|137.7|134.93|137.5
2023-09-14|138.39|139.55|137.06|138.99
2023-09-15|138.8|139.36|137.18|138.3
2023-09-18|137.63|139.93|137.63|138.96
2023-09-19|138.25|139.175|137.5|138.83
2023-09-20|138.83|138.84|134.52|134.59
2023-09-21|132.39|133.19|131.09|131.36
2023-09-22|131.68|133.01|130.51|131.25
2023-09-25|130.77|132.22|130.03|132.17
2023-09-26|130.914|131.405|128.19|129.45
2023-09-27|129.44|131.72|129.38|131.46
2023-09-28|130.69|134.1799|130.69|133.13
2023-09-29|134.08|134.89|131.32|131.85
2023-10-02|132.155|135.36|132.065|135.17
2023-10-03|134.93|135.24|132.815|133.3
2023-10-04|133.66|136.57|133.43|136.27
2023-10-05|136.13|136.5|134.455|135.99
2023-10-06|134.94|139.1857|134.94|138.73
2023-10-09|137.99|139.97|136.7|139.5
2023-10-10|139.51|140.74|138.43|139.2
2023-10-11|139.85|142.22|139.84|141.7
2023-10-12|142.16|142.38|139.45|140.29
2023-10-13|140.65|141.34|137.97|138.58
2023-10-16|139.73|140.905|139.32|140.49
2023-10-17|140.03|141.25|138.5287|140.99
2023-10-18|140.75|141.99|138.705|139.28
2023-10-19|139.8|141.005|138.6|138.98
2023-10-20|138.59|139.04|136.245|136.74
2023-10-23|136.23|139.02|135.11|137.9
2023-10-24|139.16|140.7099|138.75|140.12
2023-10-25|129.77|130.1|126.09|126.67
2023-10-26|124.47|125.46|122.32|123.44
2023-10-27|124.03|124.44|121.46|123.4
2023-10-30|124.46|126.55|123.88|125.75
2023-10-31|126.27|126.56|123.925|125.3
2023-11-01|125.34|127.74|124.925|127.57
2023-11-02|129.56|130.09|128.11|128.58
2023-11-03|129.09|130.73|129.01|130.37
2023-11-06|130.22|131.56|129.93|131.45
2023-11-07|131.98|133.28|131.14|132.4
2023-11-08|132.36|133.54|132.16|133.26
2023-11-09|133.36|133.96|131.51|131.69
2023-11-10|131.53|134.27|130.87|134.06
2023-11-13|133.36|134.11|132.77|133.64
2023-11-14|135.65|137.24|135.1|135.43
2023-11-15|136.64|136.84|135.33|136.38
2023-11-16|136.96|138.8799|136.08|138.7
2023-11-17|137.82|138|135.48|136.94
2023-11-20|135.5|138.425|135.49|137.92
2023-11-21|137.94|138.965|137.705|138.62
2023-11-22|139.1|141.1|139|140.02
2023-11-24|139.54|139.677|137.47|138.22
2023-11-27|137.57|139.63|137.54|138.05
2023-11-28|137.63|138.66|137.04|138.62
2023-11-29|138.985|139.67|136.295|136.4
2023-11-30|136.4|136.96|132.79|133.92
2023-12-01|133.32|133.5|132.1517|133.32
2023-12-04|131.294|131.45|129.4|130.63
2023-12-05|130.37|133.54|129.73|132.39
2023-12-06|132.9|133.31|131.31|131.43
2023-12-07|136.6|140|136.23|138.45
2023-12-08|135.66|137.99|135.57|136.64
2023-12-11|133.82|134.79|132.89|134.7
2023-12-12|133.27|134.54|132.83|133.64
2023-12-13|134.545|134.78|132.95|133.97
2023-12-14|134.77|135.035|131.06|133.2
2023-12-15|132.92|134.83|132.63|133.84
2023-12-18|133.86|138.38|133.77|137.19
2023-12-19|138|138.77|137.45|138.1
2023-12-20|140.33|143.0783|139.41|139.66
2023-12-21|140.77|142.03|140.4725|141.8
2023-12-22|142.13|143.25|142.055|142.72
2023-12-26|142.98|143.945|142.5001|142.82
2023-12-27|142.83|143.32|141.0512|141.44
2023-12-28|141.85|142.27|140.8283|141.28
2023-12-29|140.68|141.435|139.9|140.93
2024-01-02|139.6|140.6147|137.74|139.56
2024-01-03|138.6|141.09|138.43|140.36
2024-01-04|139.85|140.635|138.01|138.04
2024-01-05|138.352|138.81|136.85|137.39