2018-08-01|106.03|106.446|105.42|106.28
2018-08-02|105.4|108.09|104.84|107.57
2018-08-03|107.8|108.05|106.82|108.04
2018-08-06|108.12|108.42|107.559|108.13
2018-08-07|108.56|109.1|108.17|108.88
2018-08-08|109.33|109.75|108.7599|109.49
2018-08-09|109.71|110.16|109.6|109.67
2018-08-10|109.42|109.69|108.38|109
2018-08-13|109.24|109.58|108.1|108.21
2018-08-14|108.56|109.75|108.04|109.56
2018-08-15|108.49|108.985|106.82|107.66
2018-08-16|108.3|108.86|107.3|107.64
2018-08-17|107.36|107.9|106.69|107.58
2018-08-20|107.51|107.9|106.48|106.87
2018-08-21|106.92|107.35|105.85|105.98
2018-08-22|105.85|107.34|105.78|107.06
2018-08-23|107.15|108.18|106.87|107.56
2018-08-24|107.67|108.56|107.56|108.4
2018-08-27|109.27|109.64|108.51|109.6
2018-08-28|109.94|110.5|109.79|110.26
2018-08-29|110.45|112.03|110.27|112.02
2018-08-30|111.67|112.61|111.44|111.95
2018-08-31|111.685|112.777|111.515|112.33
2018-09-04|110.85|111.955|110.22|111.71
2018-09-05|111.01|111.42|108.1|108.49
2018-09-06|108.25|108.99|107.51|108.74
2018-09-07|108.23|108.7248|107.23|108.21
2018-09-10|108.84|109.64|108.36|109.38
2018-09-11|108.9|111.59|108.89|111.24
2018-09-12|111.43|111.85|110.51|111.71
2018-09-13|112.12|113.725|112.12|112.91
2018-09-14|113.36|113.73|112.44|113.37
2018-09-17|113.69|113.7|111.86|112.14
2018-09-18|112.19|113.695|111.72|113.21
2018-09-19|113.05|113.32|111.035|111.7
2018-09-20|112.28|113.8|111.93|113.57
2018-09-21|114|115.29|113.51|114.26
2018-09-24|113.03|114.9|112.2175|114.67
2018-09-25|114.8|115.1|113.75|114.45
2018-09-26|114.47|115.055|113.74|113.98
2018-09-27|114.78|114.91|114.2|114.41
2018-09-28|114.19|114.57|113.68|114.37
2018-10-01|114.75|115.68|114.73|115.61
2018-10-02|115.3|115.84|114.44|115.15
2018-10-03|115.42|116.18|114.93|115.17
2018-10-04|114.61|114.7588|111.63|112.79
2018-10-05|112.63|113.17|110.64|112.13
2018-10-08|111.66|112.03|109.34|110.85
2018-10-09|111.14|113.08|110.8|112.26
2018-10-10|111.24|111.5|105.79|106.16
2018-10-11|105.35|108.93|104.2|105.91
2018-10-12|109.01|111.24|107.12|109.57
2018-10-15|108.91|109.48|106.9468|107.6
2018-10-16|109.54|111.41|108.95|111
2018-10-17|111.68|111.81|109.5482|110.71
2018-10-18|110.1|110.53|107.83|108.5
2018-10-19|108.93|110.86|108.21|108.66
2018-10-22|109.32|110.54|108.24|109.63
2018-10-23|107.77|108.97|105.11|108.1
2018-10-24|108.41|108.49|101.5901|102.32
2018-10-25|106.55|109.27|106.15|108.3
2018-10-26|105.69|108.75|104.76|106.96
2018-10-29|108.105|108.7|101.63|103.85
2018-10-30|103.66|104.38|100.11|103.73
2018-10-31|105.435|108.14|105.39|106.81
2018-11-01|107.05|107.32|105.53|105.92
2018-11-02|106.48|107.32|104.975|106.16
2018-11-05|106.37|107.74|105.9|107.51
2018-11-06|107.38|108.84|106.28|107.72
2018-11-07|109.44|112.24|109.4|111.96
2018-11-08|111.8|112.21|110.91|111.75
2018-11-09|110.85|111.45|108.76|109.57
2018-11-12|109.42|109.96|106.1|106.87
2018-11-13|107.55|108.74|106.64|106.94
2018-11-14|108.1|108.26|104.47|104.97
2018-11-15|104.99|107.8|103.91|107.28
2018-11-16|107.08|108.88|106.8|108.29
2018-11-19|108.27|108.56|103.55|104.62
2018-11-20|101.8|102.97|99.3528|101.71
2018-11-21|103.6|104.43|102.24|103.11
2018-11-23|102.17|103.8099|102|103.07
2018-11-26|104.79|106.63|104.58|106.47
2018-11-27|106.27|107.33|105.36|107.14
2018-11-28|107.89|111.33|107.86|111.12
2018-11-29|110.33|111.115|109.03|110.19
2018-11-30|110.7|110.97|109.36|110.89
2018-12-03|113|113.42|110.73|112.09
2018-12-04|111.94|112.6373|108.2115|108.52
2018-12-06|105.82|109.24|105|109.19
2018-12-07|108.38|109.45|104.3|104.82
2018-12-10|104.8|107.98|103.89|107.59
2018-12-11|109.8|110.95|107.44|108.59
2018-12-12|110.89|111.27|109.04|109.08
2018-12-13|109.58|110.87|108.63|109.45
2018-12-14|108.25|109.26|105.5|106.03
2018-12-17|105.41|105.8|101.71|102.89
2018-12-18|103.75|104.51|102.52|103.97
2018-12-19|103.65|106.88|101.35|103.69
2018-12-20|103.05|104.31|98.78|101.51
2018-12-21|101.63|103|97.46|98.23
2018-12-24|97.68|97.97|93.98|94.13
2018-12-26|95.14|100.69|93.96|100.56
2018-12-27|99.3|101.19|96.4|101.18
2018-12-28|102.09|102.41|99.52|100.39
2018-12-31|101.29|102.4|100.44|101.57
2019-01-02|99.55|101.75|98.94|101.12
2019-01-03|100.1|100.185|97.2|97.4
2019-01-04|99.72|102.51|98.93|101.93
2019-01-07|101.64|103.2681|100.98|102.06
2019-01-08|103.04|103.97|101.7134|102.8
2019-01-09|103.86|104.88|103.2445|104.27
2019-01-10|103.22|103.75|102.38|103.6
2019-01-11|103.19|103.44|101.64|102.8
2019-01-14|101.9|102.8716|101.26|102.05
2019-01-15|102.51|105.05|101.88|105.01
2019-01-16|105.26|106.255|104.96|105.38
2019-01-17|105|106.625|104.76|106.12
2019-01-18|107.46|107.9|105.91|107.71
2019-01-22|106.75|107.1|104.86|105.68
2019-01-23|106.12|107.04|105.34|106.71
2019-01-24|106.86|107|105.34|106.2
2019-01-25|107.24|107.88|106.59|107.17
2019-01-28|106.26|106.48|104.66|105.08
2019-01-29|104.88|104.97|102.17|102.94
2019-01-30|104.62|106.38|104.33|106.38
2019-01-31|103.8|105.22|103.18|104.43
2019-02-01|103.775|104.0999|102.35|102.78
2019-02-04|102.87|105.8|102.77|105.74
2019-02-05|106.06|107.27|105.96|107.22
2019-02-06|107|107|105.53|106.03
2019-02-07|105.185|105.59|104.29|105.27
2019-02-08|104.39|105.78|104.2603|105.67
2019-02-11|106.2|106.58|104.965|105.25
2019-02-12|106.14|107.14|105.48|106.89
2019-02-13|107.5|107.78|106.71|106.81
2019-02-14|106.31|107.29|105.66|106.9
2019-02-15|107.91|108.3|107.3624|108.22
2019-02-19|107.79|108.66|107.78|108.17
2019-02-20|107.86|107.94|106.29|107.15
2019-02-21|106.9|109.48|106.87|109.41
2019-02-22|110.05|111.2|109.82|110.97
2019-02-25|111.76|112.18|111.26|111.59
2019-02-26|111.26|113.24|111.17|112.36
2019-02-27|111.69|112.36|110.88|112.17
2019-02-28|112.04|112.88|111.73|112.03
2019-03-01|112.89|113.02|111.665|112.53
2019-03-04|113.02|113.25|110.8|112.26
2019-03-05|112.25|112.39|111.23|111.7
2019-03-06|111.87|112.66|111.43|111.75
2019-03-07|111.4|111.55|109.865|110.39
2019-03-08|109.16|110.71|108.8|110.51
2019-03-11|110.99|112.95|110.98|112.83
2019-03-12|112.82|113.99|112.6499|113.62
2019-03-13|114.13|115|113.78|114.5
2019-03-14|114.54|115.2|114.33|114.59
2019-03-15|115.34|117.25|114.59|115.91
2019-03-18|116.17|117.61|116.05|117.57
2019-03-19|118.09|118.44|116.99|117.65
2019-03-20|117.39|118.75|116.71|117.52
2019-03-21|117.135|120.82|117.09|120.22
2019-03-22|119.5|119.59|117.04|117.05
2019-03-25|116.56|118.01|116.3224|117.66
2019-03-26|118.62|118.705|116.85|117.91
2019-03-27|117.875|118.21|115.5215|116.77
2019-03-28|117.44|117.58|116.13|116.93
2019-03-29|118.07|118.32|116.96|117.94
2019-04-01|118.95|119.1085|118.1|119.02
2019-04-02|119.06|119.48|118.52|119.19
2019-04-03|119.86|120.43|119.15|119.97
2019-04-04|120.1|120.23|118.38|119.36
2019-04-05|119.39|120.23|119.37|119.89
2019-04-08|119.81|120.02|118.64|119.93
2019-04-09|118.63|119.54|118.58|119.28
2019-04-10|119.76|120.35|119.54|120.19
2019-04-11|120.54|120.85|119.92|120.33
2019-04-12|120.64|120.98|120.37|120.95
2019-04-15|120.94|121.58|120.57|121.05
2019-04-16|121.64|121.65|120.1|120.77
2019-04-17|121.24|121.85|120.54|121.77
2019-04-18|122.19|123.52|121.3018|123.37
2019-04-22|122.62|124|122.57|123.76
2019-04-23|124.1|125.58|123.83|125.44
2019-04-24|125.79|125.85|124.52|125.01
2019-04-25|130.06|131.37|128.83|129.15
2019-04-26|129.7|130.5152|129.02|129.89
2019-04-29|129.9|130.18|129.35|129.77
2019-04-30|129.81|130.7|129.3947|130.6
2019-05-01|130.53|130.65|127.7|127.88
2019-05-02|127.98|128|125.52|126.21
2019-05-03|127.36|129.43|127.25|128.9
2019-05-06|126.39|128.56|126.11|128.15
2019-05-07|126.46|127.18|124.22|125.52
2019-05-08|125.44|126.37|124.75|125.51
2019-05-09|124.29|125.79|123.57|125.5
2019-05-10|124.91|127.93|123.82|127.13
2019-05-13|124.11|125.55|123.04|123.35
2019-05-14|123.87|125.88|123.7|124.73
2019-05-15|124.26|126.71|123.7|126.02
2019-05-16|126.75|129.38|126.46|128.93
2019-05-17|128.305|130.46|127.92|128.07
2019-05-20|126.52|127.5894|125.7607|126.22
2019-05-21|127.43|127.5273|126.58|126.9
2019-05-22|126.62|128.24|126.52|127.67
2019-05-23|126.2|126.29|124.74|126.18
2019-05-24|126.91|127.415|125.97|126.24
2019-05-28|126.98|128|126.05|126.16
2019-05-29|125.38|125.39|124.04|124.94
2019-05-30|125.26|125.76|124.78|125.73
2019-05-31|124.23|124.615|123.32|123.68
2019-06-03|123.85|124.37|119.01|119.84
2019-06-04|121.28|123.28|120.6522|123.16
2019-06-05|124.95|125.87|124.21|125.83
2019-06-06|126.44|127.97|125.6|127.82
2019-06-07|129.19|132.25|128.26|131.4
2019-06-10|132.4|134.08|132|132.6
2019-06-11|133.88|134.24|131.2757|132.1
2019-06-12|131.4|131.97|130.71|131.49
2019-06-13|131.98|132.67|131.56|132.32
2019-06-14|132.26|133.79|131.64|132.45
2019-06-17|132.63|133.73|132.53|132.85
2019-06-18|134.19|135.24|133.57|135.16
2019-06-19|135|135.93|133.81|135.69
2019-06-20|137.45|137.66|135.72|136.95
2019-06-21|136.58|137.73|136.46|136.97
2019-06-24|137|138.4|137|137.78
2019-06-25|137.25|137.59|132.73|133.43
2019-06-26|134.35|135.74|133.6|133.93
2019-06-27|134.14|134.71|133.51|134.15
2019-06-28|134.57|134.6|133.1558|133.96
2019-07-01|136.63|136.7|134.97|135.68
2019-07-02|136.12|136.59|135.34|136.58
2019-07-03|136.8|137.74|136.295|137.46
2019-07-05|135.94|137.33|135.72|137.06
2019-07-08|136.4|137.1|135.3701|136.96
2019-07-09|136|136.97|135.8|136.46
2019-07-10|137.13|138.58|137.02|137.85
2019-07-11|138.2|139.22|137.87|138.4
2019-07-12|138.85|139.13|138.0099|138.9
2019-07-15|139.44|139.54|138.46|138.9
2019-07-16|138.96|139.05|136.52|137.08
2019-07-17|137.7|137.93|136.22|136.27
2019-07-18|135.55|136.62|134.67|136.42
2019-07-19|140.22|140.67|136.45|136.62
2019-07-22|137.41|139.19|137.33|138.43
2019-07-23|139.76|139.99|138.03|139.29
2019-07-24|138.9|140.74|138.85|140.72
2019-07-25|140.43|140.61|139.3215|140.19
2019-07-26|140.37|141.675|140.3|141.34
2019-07-29|141.5|141.51|139.3663|141.03
2019-07-30|140.14|141.2199|139.8005|140.35
2019-07-31|140.33|140.49|135.08|136.27
2019-08-01|137|140.9383|136.93|138.06
2019-08-02|138.09|138.32|135.26|136.9
2019-08-05|133.3|133.9298|130.78|132.21
2019-08-06|133.8|135.68|133.21|134.69
2019-08-07|133.79|135.65|131.8284|135.28
2019-08-08|136.6|138.99|135.93|138.89
2019-08-09|138.61|139.38|136.46|137.71
2019-08-12|137.07|137.86|135.24|135.79
2019-08-13|136.05|138.8|135|138.6
2019-08-14|136.36|136.92|133.67|133.98
2019-08-15|134.39|134.58|132.25|133.68
2019-08-16|134.88|136.46|134.72|136.13
2019-08-19|137.855|138.55|136.885|138.41
2019-08-20|138.21|138.71|137.24|137.26
2019-08-21|138.55|139.4935|138|138.79
2019-08-22|138.66|139.2|136.29|137.78
2019-08-23|137.1897|138.35|132.8|133.39
2019-08-26|134.99|135.56|133.9|135.45
2019-08-27|136.39|136.72|134.66|135.74
2019-08-28|134.88|135.76|133.55|135.56
2019-08-29|137.25|138.44|136.91|138.12
2019-08-30|139.15|139.18|136.27|137.86
2019-09-03|136.61|137.2|135.7|136.04
2019-09-04|137.3|137.69|136.48|137.63
2019-09-05|139.11|140.3837|138.76|140.05
2019-09-06|140.03|140.18|138.2|139.1
2019-09-09|139.59|139.75|136.46|137.52
2019-09-10|136.8|136.8862|134.51|136.08
2019-09-11|135.91|136.27|135.09|136.12
2019-09-12|137.85|138.42|136.87|137.52
2019-09-13|137.78|138.06|136.57|137.32
2019-09-16|135.83|136.7|135.66|136.33
2019-09-17|136.96|137.52|136.425|137.39
2019-09-18|137.36|138.67|136.5299|138.52
2019-09-19|140.3|142.37|140.0736|141.07
2019-09-20|141.01|141.65|138.25|139.44
2019-09-23|139.23|139.63|138.44|139.14
2019-09-24|140.36|140.69|136.88|137.38
2019-09-25|137.5|139.958|136.03|139.36
2019-09-26|139.44|140.18|138.44|139.54
2019-09-27|140.15|140.36|136.645|137.73
2019-09-30|138.05|139.215|137.78|139.03
2019-10-01|139.66|140.25|137|137.07
2019-10-02|136.25|136.37|133.5799|134.65
2019-10-03|134.95|136.75|133.22|136.28
2019-10-04|136.75|138.25|136.42|138.12
2019-10-07|137.14|138.18|137.02|137.12
2019-10-08|137.08|137.76|135.62|135.67
2019-10-09|137.46|138.7|136.97|138.24
2019-10-10|138.49|139.6699|138.25|139.1
2019-10-11|140.12|141.03|139.5|139.68
2019-10-14|139.69|140.29|139.52|139.55
2019-10-15|140.06|141.79|139.81|141.575
2019-10-16|140.79|140.99|139.53|140.41
2019-10-17|140.95|141.42|139.02|139.69
2019-10-18|139.76|140|136.56|137.41
2019-10-21|138.45|138.5|137.01|138.43
2019-10-22|138.97|140.01|136.26|136.37
2019-10-23|136.88|137.45|135.61|137.24
2019-10-24|139.39|140.42|138.67|139.94
2019-10-25|139.34|141.14|139.2|140.73
2019-10-28|144.4|145.67|143.51|144.19
2019-10-29|144.08|144.5|142.65|142.83
2019-10-30|143.52|145|142.79|144.61
2019-10-31|144.9|144.93|142.99|143.37
2019-11-01|144.26|144.42|142.965|143.72
2019-11-04|144.83|145|144.16|144.55
2019-11-05|144.97|145.02|143.905|144.46
2019-11-06|144.37|144.52|143.2|144.06
2019-11-07|143.84|144.88|143.77|144.26
2019-11-08|143.98|145.99|143.76|145.96
2019-11-11|145.34|146.42|144.73|146.11
2019-11-12|146.28|147.57|146.06|147.07
2019-11-13|146.74|147.4625|146.28|147.31
2019-11-14|147.02|148.41|147|148.06
2019-11-15|148.93|149.99|148.27|149.97
2019-11-18|150.07|150.55|148.98|150.34
2019-11-19|150.88|151.33|150.195|150.39
2019-11-20|150.31|150.84|148.46|149.62
2019-11-21|149.4|149.8|148.501|149.48
2019-11-22|150.07|150.3|148.82|149.59
2019-11-25|150|151.35|149.92|151.23
2019-11-26|151.36|152.42|151.32|152.03
2019-11-27|152.33|152.5|151.52|152.32
2019-11-29|152.1|152.3|151.28|151.38
2019-12-02|151.81|151.83|148.32|149.55
2019-12-03|147.49|149.43|146.65|149.31
2019-12-04|150.14|150.1799|149.2|149.85
2019-12-05|150.05|150.32|149.48|149.93
2019-12-06|150.99|151.87|150.27|151.75
2019-12-09|151.07|152.21|150.91|151.36
2019-12-10|151.29|151.89|150.765|151.13
2019-12-11|151.54|151.87|150.33|151.7
2019-12-12|151.65|153.44|151.02|153.24
2019-12-13|153.0035|154.89|152.83|154.53
2019-12-16|155.11|155.9|154.82|155.53
2019-12-17|155.45|155.71|154.45|154.69
2019-12-18|154.3|155.48|154.18|154.37
2019-12-19|154|155.77|153.75|155.71
2019-12-20|157.35|158.49|156.29|157.41
2019-12-23|158.12|158.12|157.27|157.41
2019-12-24|157.48|157.71|157.115|157.38
2019-12-26|157.56|158.73|157.4|158.67
2019-12-27|159.45|159.55|158.22|158.96
2019-12-30|158.9865|159.02|156.73|157.59
2019-12-31|156.77|157.77|156.45|157.7
2020-01-02|158.78|160.73|158.33|160.62
2020-01-03|158.32|159.945|158.06|158.62
2020-01-06|157.08|159.1|156.51|159.03
2020-01-07|159.32|159.67|157.32|157.58
2020-01-08|158.93|160.8|157.9491|160.09
2020-01-09|161.835|162.215|161.03|162.09
2020-01-10|162.8235|163.22|161.18|161.34
2020-01-13|161.76|163.31|161.26|163.28
2020-01-14|163.39|163.6|161.72|162.13
2020-01-15|162.62|163.94|162.57|163.18
2020-01-16|164.35|166.24|164.03|166.17
2020-01-17|167.42|167.4675|165.43|167.1
2020-01-21|166.68|168.19|166.43|166.5
2020-01-22|167.4|167.49|165.68|165.7
2020-01-23|166.19|166.8|165.27|166.72
2020-01-24|167.51|167.53|164.45|165.04
2020-01-27|161.15|163.375|160.2|162.28
2020-01-28|163.78|165.755|163.073|165.46
2020-01-29|167.84|168.75|165.69|168.04
2020-01-30|174.05|174.05|170.79|172.78
2020-01-31|172.21|172.4|169.58|170.23
2020-02-03|170.43|174.5|170.4|174.38
2020-02-04|177.14|180.64|176.31|180.12
2020-02-05|184.03|184.2|178.4101|179.9
2020-02-06|180.97|183.8199|180.059|183.63
2020-02-07|182.845|185.63|182.48|183.89
2020-02-10|183.58|188.84|183.25|188.7
2020-02-11|190.65|190.7|183.5|184.44
2020-02-12|185.58|185.85|181.85|184.71
2020-02-13|183.08|186.23|182.872|183.71
2020-02-14|183.25|185.41|182.65|185.35
2020-02-18|185.605|187.7|185.5|187.23
2020-02-19|188.06|188.18|186.47|187.28
2020-02-20|186.95|187.25|181.1|184.42
2020-02-21|183.17|183.5|177.25|178.59
2020-02-24|167.77|174.55|163.23|170.89
2020-02-25|174.2|174.84|167.6462|168.07
2020-02-26|169.71|173.26|168.21|170.17
2020-02-27|163.32|167.03|157.98|158.18
2020-02-28|152.41|163.71|152|162.01
2020-03-02|165.31|172.92|162.31|172.79
2020-03-03|173.8|175|162.26|164.51
2020-03-04|168.485|170.7|165.62|170.55
2020-03-05|166.045|170.87|165.69|166.27
2020-03-06|162.61|163.11|156|161.57
2020-03-09|151|157.75|150|150.62
2020-03-10|158.16|161.03|152.58|160.92
2020-03-11|157.13|157.7|151.15|153.63
2020-03-12|145.3|153.47|138.58|139.06
2020-03-13|147.5|161.91|140.73|158.83
2020-03-16|140|149.35|135|135.42
2020-03-17|140|147.4998|135|146.57
2020-03-18|138|146|135.02|140.4
2020-03-19|142.77|150.15|139|142.71
2020-03-20|146|147.1|135.86|137.35
2020-03-23|137.01|140.57|132.52|135.98
2020-03-24|143.75|149.6|141.27|148.34
2020-03-25|148.91|154.33|144.44|146.92
2020-03-26|148.4|156.66|148.37|156.11
2020-03-27|151.75|154.89|149.2|149.7
2020-03-30|152.44|160.6|150.01|160.23
2020-03-31|159.4|164.78|156.56|157.71
2020-04-01|153|157.75|150.82|152.11
2020-04-02|151.86|155.48|150.36|155.26
2020-04-03|155.1|157.38|152.19|153.83
2020-04-06|160.32|166.5|157.58|165.27
2020-04-07|169.585|170|163.26|163.49
2020-04-08|165.67|166.67|163.5|165.13
2020-04-09|166.36|167.37|163.33|165.14
2020-04-13|164.35|165.57|162.3|165.51
2020-04-14|169|173.75|168|173.7
2020-04-15|171.2|173.57|169.24|171.88
2020-04-16|174.3|177.28|172.9|177.04
2020-04-17|179.5|180|175.87|178.6
2020-04-20|176.63|178.75|174.99|175.06
2020-04-21|173.5|173.6699|166.1102|167.82
2020-04-22|171.39|174|170.82|173.52
2020-04-23|174.11|175.06|170.91|171.42
2020-04-24|172.06|174.56|170.71|174.55
2020-04-27|176.59|176.9|173.3|174.05
2020-04-28|175.59|175.67|169.39|169.81
2020-04-29|173.22|177.68|171.88|177.43
2020-04-30|180|180.4|176.23|179.21
2020-05-01|175.8|178.64|174.01|174.57
2020-05-04|174.49|179|173.8|178.84
2020-05-05|180.62|183.65|179.9|180.76
2020-05-06|182.08|184.2|181.6306|182.54
2020-05-07|184.17|184.55|182.58|183.6
2020-05-08|184.9797|185|183.36|184.68
2020-05-11|183.15|187.51|182.85|186.74
2020-05-12|186.8|187.04|182.3|182.51
2020-05-13|182.55|184.05|176.54|179.75
2020-05-14|177.54|180.69|175.68|180.53
2020-05-15|179.06|187.06|177|183.16
2020-05-18|185.75|186.2|183.96|184.91
2020-05-19|185.03|186.6|183.49|183.63
2020-05-20|184.81|185.85|183.94|185.66
2020-05-21|185.4|186.67|183.29|183.43
2020-05-22|183.19|184.46|182.54|183.51
2020-05-26|186.34|186.5|181.1|181.57
2020-05-27|180.2|181.9877|176.6|181.81
2020-05-28|180.74|184.1474|180.38|181.4
2020-05-29|182.73|184.27|180.41|183.25
2020-06-01|182.54|183|181.46|182.83
2020-06-02|184.25|185|181.35|184.91
2020-06-03|184.815|185.94|183.58|185.36
2020-06-04|184.3|185.84|182.3|182.92
2020-06-05|182.62|187.73|182.01|187.2
2020-06-08|185.94|188.55|184.44|188.36
2020-06-09|188|190.7|187.2605|189.8
2020-06-10|191.125|198.52|191.01|196.84
2020-06-11|193.13|195.76|186.07|186.27
2020-06-12|190.54|191.72|185.18|187.74
2020-06-15|184.58|190.82|184.01|188.94
2020-06-16|192.89|195.58|191.46|193.57
2020-06-17|195.03|196.32|193.69|194.24
2020-06-18|194|196.49|194|196.32
2020-06-19|198.59|199.29|194.37|195.15
2020-06-22|195.79|200.76|195.2301|200.57
2020-06-23|202.09|203.95|201.425|201.91
2020-06-24|201.6043|203.25|196.56|197.84
2020-06-25|197.8|200.61|195.4675|200.34
2020-06-26|199.73|199.89|194.88|196.33
2020-06-29|195.78|198.53|193.55|198.44
2020-06-30|197.8816|204.4|197.74|203.51
2020-07-01|203.14|206.35|201.77|204.7
2020-07-02|205.68|208.02|205|206.26
2020-07-06|208.8335|211.13|208.09|210.7
2020-07-07|210.45|214.67|207.99|208.25
2020-07-08|210.07|213.26|208.69|212.83
2020-07-09|216.33|216.38|211.47|214.32
2020-07-10|213.62|214.08|211.08|213.67
2020-07-13|214.48|215.8|206.5|207.07
2020-07-14|206.13|208.85|202.03|208.35
2020-07-15|209.56|211.33|205.03|208.04
2020-07-16|205.4|205.7|202.31|203.92
2020-07-17|204.47|205.04|201.39|202.88
2020-07-20|205|212.3|203.01|211.6
2020-07-21|213.66|213.94|208.03|208.75
2020-07-22|209.2|212.3|208.39|211.75
2020-07-23|207.19|210.92|202.15|202.54
2020-07-24|200.42|202.86|197.51|201.3
2020-07-27|201.47|203.97|200.86|203.85
2020-07-28|203.61|204.7|201.74|202.02
2020-07-29|202.5|204.65|202.01|204.06
2020-07-30|201|204.46|199.57|203.9
2020-07-31|204.4|205.1|199.01|205.01
2020-08-03|211.52|217.64|210.44|216.54
2020-08-04|214.17|214.77|210.31|213.29
2020-08-05|214.9|215|211.57|212.94
2020-08-06|212.34|216.3705|211.55|216.35
2020-08-07|214.85|215.7|210.93|212.48
2020-08-10|211.67|211.88|206.35|208.25
2020-08-11|207.155|207.65|203.14|203.38
2020-08-12|205.29|210.28|204.75|209.19
2020-08-13|209.44|211.35|208.15|208.7
2020-08-14|208.76|209.59|207.51|208.9
2020-08-17|209.6|211.1874|208.915|210.28
2020-08-18|210.53|212.36|209.21|211.49
2020-08-19|211.49|212.1|209.25|209.7
2020-08-20|209.54|215|208.91|214.58
2020-08-21|213.86|216.25|212.85|213.02
2020-08-24|214.79|215.52|212.43|213.69
2020-08-25|213.1|216.61|213.1|216.47
2020-08-26|217.88|222.09|217.36|221.15
2020-08-27|222.89|231.15|219.4|226.58
2020-08-28|228.18|230.644|226.58|228.91
2020-08-31|227|228.7|224.31|225.53
2020-09-01|225.51|227.45|224.43|227.27
2020-09-02|227.97|232.86|227.35|231.65
2020-09-03|229.27|229.31|214.9602|217.3
2020-09-04|215.1|218.3599|205.19|214.25
2020-09-08|206.5|210.03|202.2|202.66
2020-09-09|207.6|214.8399|206.7|211.29
2020-09-10|213.4|214.74|204.11|205.37
2020-09-11|207.2|208.63|201.24|204.03
2020-09-14|204.24|209.2|204.03|205.41
2020-09-15|208.42|209.78|206.93|208.78
2020-09-16|210.62|210.65|204.64|205.05
2020-09-17|200.05|204.33|199.96|202.91
2020-09-18|202.8|203.65|196.25|200.39
2020-09-21|197.19|202.71|196.38|202.54
2020-09-22|205.06|208.1|202.075|207.42
2020-09-23|207.9|208.1|200.03|200.59
2020-09-24|199.85|205.57|199.2|203.19
2020-09-25|203.55|209.04|202.54|207.82
2020-09-28|210.88|212.57|208.06|209.44
2020-09-29|209.35|210.07|206.81|207.26
2020-09-30|207.73|211.98|206.54|210.33
2020-10-01|213.49|213.99|211.32|212.46
2020-10-02|208|210.99|205.54|206.19
2020-10-05|207.22|210.41|206.98|210.38
2020-10-06|208.82|210.18|204.82|205.91
2020-10-07|207.06|210.11|206.72|209.83
2020-10-08|210.51|211.19|208.32|210.58
2020-10-09|211.23|215.86|211.23|215.81
2020-10-12|218.79|223.86|216.81|221.4
2020-10-13|222.72|225.21|220.43|222.86
2020-10-14|223|224.22|219.13|220.86
2020-10-15|217.1|220.36|216.01|219.66
2020-10-16|220.15|222.29|219.32|219.66
2020-10-19|220.415|222.3|213.72|214.22
2020-10-20|215.8|217.37|213.0901|214.65
2020-10-21|213.12|216.92|213.12|214.8
2020-10-22|213.93|216.055|211.7|214.89
2020-10-23|215.03|216.28|213.16|216.23
2020-10-26|213.85|216.3399|208.1|210.08
2020-10-27|211.59|214.67|210.329|213.25
2020-10-28|207.67|208.84|202.1|202.68
2020-10-29|204.07|207.36|203.37|204.72
2020-10-30|203.5|204.29|199.62|202.47
2020-11-02|204.29|205.28|200.12|202.33
2020-11-03|203.89|208.12|203.12|206.43
2020-11-04|214.02|218.32|212.4185|216.39
2020-11-05|222.04|224.12|221.15|223.29
2020-11-06|222.26|224.36|218.03|223.72
2020-11-09|224.435|228.12|217.88|218.39
2020-11-10|214.5|216.5|209.72|211.01
2020-11-11|212.39|218.04|212.2|216.55
2020-11-12|217.21|219.11|214.46|215.44
2020-11-13|216.36|217.42|214.16|216.51
2020-11-16|214.87|217.74|214.52|217.23
2020-11-17|216.1|217.68|214.08|214.46
2020-11-18|213.65|215.17|210.93|211.08
2020-11-19|211.38|213.03|209.93|212.42
2020-11-20|212.2|213.285|210|210.39
2020-11-23|210.95|212.29|208.16|210.11
2020-11-24|209.59|214.25|208.86|213.86
2020-11-25|215.11|215.29|212.46|213.87
2020-11-27|214.85|216.27|214.04|215.23
2020-11-30|214.1|214.76|210.835|214.07
2020-12-01|214.51|217.32|213.35|216.21
2020-12-02|214.88|215.47|212.8|215.37
2020-12-03|214.61|216.3757|213.65|214.24
2020-12-04|214.22|215.38|213.18|214.36
2020-12-07|214.37|215.54|212.99|214.29
2020-12-08|213.97|216.95|212.89|216.01
2020-12-09|215.16|215.225|211.214|211.8
2020-12-10|211.77|213.08|210.36|210.52
2020-12-11|210.05|213.32|209.11|213.26
2020-12-14|213.1|216.21|212.88|214.2
2020-12-15|215.165|215.42|212.24|214.13
2020-12-16|214.75|220.11|214.72|219.28
2020-12-17|219.87|220.89|217.92|219.42
2020-12-18|218.59|219.69|216.02|218.59
2020-12-21|217.55|224|217.2801|222.59
2020-12-22|222.69|225.63|221.85|223.94
2020-12-23|223.11|223.5589|220.8|221.02
2020-12-24|221.42|223.61|221.2|222.75
2020-12-28|224.45|226.03|223.02|224.96
2020-12-29|226.31|227.18|223.58|224.15
2020-12-30|225.23|225.63|221.47|221.68
2020-12-31|221.7|223|219.68|222.42
2021-01-04|222.53|223|214.81|217.69
2021-01-05|217.26|218.52|215.7|217.9
2021-01-06|212.17|216.4899|211.94|212.25
2021-01-07|214.04|219.34|213.71|218.29
2021-01-08|218.68|220.58|217.0261|219.62
2021-01-11|218.47|218.91|216.73|217.49
2021-01-12|216.5|217.1|213.3202|214.93
2021-01-13|214.02|216.76|213.9266|216.34
2021-01-14|215.91|217.46|212.74|213.02
2021-01-15|213.52|214.51|212.03|212.65
2021-01-19|213.75|216.98|212.63|216.44
2021-01-20|217.7|225.79|217.2908|224.34
2021-01-21|224.7|226.3|222.42|224.97
2021-01-22|227.08|230.07|225.8|225.95
2021-01-25|229.12|229.78|224.22|229.53
2021-01-26|231.86|234.18|230.08|232.33
2021-01-27|238|240.44|230.14|232.9
2021-01-28|235.61|242.64|235.09|238.93
2021-01-29|235.99|238.02|231.35|231.96
2021-02-01|235.06|242.5|232.43|239.65
2021-02-02|241.3|242.31|238.69|239.51
2021-02-03|239.57|245.09|239.26|243
2021-02-04|242.66|243.2399|240.37|242.01
2021-02-05|242.23|243.28|240.42|242.2
2021-02-08|243.15|243.68|240.81|242.47
2021-02-09|241.87|244.76|241.38|243.77
2021-02-10|245|245.92|240.89|242.82
2021-02-11|244.78|245.15|242.15|244.49
2021-02-12|243.9332|245.3|242.73|244.99
2021-02-16|245.03|246.13|242.92|243.7
2021-02-17|241.32|244.31|240.94|244.2
2021-02-18|241.8|243.93|240.86|243.79
2021-02-19|243.75|243.86|240.18|240.97
2021-02-22|237.42|237.93|232.4|234.51
2021-02-23|230.325|234.83|228.73|233.27
2021-02-24|230.01|235.2|229|234.55
2021-02-25|232.08|234.5852|227.88|228.99
2021-02-26|231.525|235.37|229.54|232.38
2021-03-01|235.9|237.47|233.15|236.94
2021-03-02|237.01|237.3|233.45|233.87
2021-03-03|232.155|233.5799|227.26|227.56
2021-03-04|226.735|232.49|224.26|226.73
2021-03-05|229.5165|233.27|226.46|231.6
2021-03-08|231.37|233.365|227.13|227.39
2021-03-09|232.88|235.3839|231.67|233.78
2021-03-10|237|237|232.04|232.42
2021-03-11|234.96|239.17|234.31|237.13
2021-03-12|234.01|235.82|233.23|235.75
2021-03-15|234.96|235.185|231.81|234.81
2021-03-16|236.28|240.055|235.94|237.71
2021-03-17|236.15|238.55|233.23|237.04
2021-03-18|232.56|234.19|230.33|230.72
2021-03-19|231.02|232.474|229.3496|230.35
2021-03-22|230.27|236.9|230.14|235.99
2021-03-23|237.485|241.05|237.07|237.58
2021-03-24|237.845|238|235.32|235.46
2021-03-25|235.3|236.94|231.57|232.34
2021-03-26|231.55|236.71|231.55|236.48
2021-03-29|236.59|236.8|231.88|235.24
2021-03-30|233.525|233.85|231.1|231.85
2021-03-31|232.91|239.1|232.39|235.77
2021-04-01|238.47|242.84|238.0501|242.35
2021-04-05|242.76|249.96|242.7|249.07
2021-04-06|247.61|249.4|246.88|247.86
2021-04-07|247.81|250.93|247.19|249.9
2021-04-08|252.77|254.139|252|253.25
2021-04-09|252.87|255.99|252.44|255.85
2021-04-12|254.71|257.67|254.62|255.91
2021-04-13|257.2573|259.19|256.83|258.49
2021-04-14|257.475|258.83|255.16|255.59
2021-04-15|257.931|259.93|257.73|259.5
2021-04-16|259.47|261|257.6014|260.74
2021-04-19|260.19|261.48|257.821|258.74
2021-04-20|257.82|260.2|256.84|258.26
2021-04-21|258.94|260.68|257.25|260.58
2021-04-22|260.21|261.78|255.64|257.17
2021-04-23|257.88|261.51|257.27|261.15
2021-04-26|261.66|262.435|260.17|261.55
2021-04-27|261.585|263.19|260.12|261.97
2021-04-28|256.078|256.5399|252.95|254.56
2021-04-29|255.46|256.1|249|252.51
2021-04-30|249.74|253.08|249.6|252.18
2021-05-03|253.4|254.35|251.12|251.86
2021-05-04|250.97|251.21|245.76|247.79
2021-05-05|249.06|249.5|245.82|246.47
2021-05-06|246.45|249.86|244.69|249.73
2021-05-07|252.15|254.3|251.17|252.46
2021-05-10|250.87|251.73|247.12|247.18
2021-05-11|244.55|246.6|242.57|246.23
2021-05-12|242.165|244.38|238.07|239
2021-05-13|241.8|245.6|241.42|243.03
2021-05-14|245.575|249.18|245.49|248.15
2021-05-17|246.55|246.59|243.52|245.18
2021-05-18|246.27|246.41|242.9|243.08
2021-05-19|239.31|243.23|238.6|243.12
2021-05-20|243.96|247.95|243.86|246.48
2021-05-21|247.565|248.33|244.74|245.17
2021-05-24|247.785|251.16|247.51|250.78
2021-05-25|251.769|252.75|250.82|251.72
2021-05-26|251.43|252.94|250.75|251.49
2021-05-27|251.17|251.48|249.25|249.31
2021-05-28|250.995|252.08|249.56|249.68
2021-06-01|251.23|251.29|246.96|247.4
2021-06-02|248.125|249.27|245.84|247.3
2021-06-03|245.22|246.34|243|245.71
2021-06-04|247.76|251.65|247.51|250.79
2021-06-07|249.98|254.09|249.81|253.81
2021-06-08|255.16|256.01|252.51|252.57
2021-06-09|253.81|255.53|253.21|253.59
2021-06-10|254.29|257.46|253.67|257.24
2021-06-11|257.985|258.4868|256.61|257.89
2021-06-14|257.9|259.95|256.8|259.89
2021-06-15|259.775|259.99|257.68|258.36
2021-06-16|259.4|260.58|254.42|257.38
2021-06-17|256.065|261.75|256.01|260.9
2021-06-18|259.63|262.3|258.75|259.43
2021-06-21|259.82|263.52|257.92|262.63
2021-06-22|262.72|265.79|262.4|265.51
2021-06-23|265.99|266.83|264.43|265.275
2021-06-24|266.16|267.85|265.47|266.69
2021-06-25|266.23|267.25|264.76|265.02
2021-06-28|266.185|268.9|265.91|268.72
2021-06-29|268.865|271.65|267.98|271.4
2021-06-30|270.69|271.3598|269.6043|270.9
2021-07-01|269.61|271.84|269.6|271.6
2021-07-02|272.82|278|272.5|277.65
2021-07-06|278.03|279.3698|274.3|277.66
2021-07-07|279.4|280.6945|277.15|279.93
2021-07-08|276.9|278.73|274.87|277.42
2021-07-09|275.72|278.05|275.32|277.94
2021-07-12|279.157|279.77|276.58|277.32
2021-07-13|277.52|282.8477|277.39|280.98
2021-07-14|282.345|283.66|280.55|282.51
2021-07-15|282|282.51|279.83|281.03
2021-07-16|282.07|284.1|279.46|280.75
2021-07-19|278.9335|280.37|274.45|277.01
2021-07-20|278.03|280.97|276.26|279.32
2021-07-21|278.905|281.52|277.29|281.4
2021-07-22|283.84|286.42|283.42|286.14
2021-07-23|287.37|289.99|286.5|289.67
2021-07-26|289|289.69|286.642|289.05
2021-07-27|289.43|289.575|282.95|286.54
2021-07-28|288.99|290.15|283.8303|286.22
2021-07-29|286.235|288.618|286.08|286.5
2021-07-30|285.17|286.66|283.91|284.91
2021-08-02|286.36|286.775|283.74|284.82
2021-08-03|285.42|287.23|284|287.12
2021-08-04|286.22|287.5883|284.65|286.51
2021-08-05|286.88|289.63|286.1|289.52
2021-08-06|288.505|289.5|287.6238|289.46
2021-08-09|289.75|291.55|287.81|288.33
2021-08-10|288.8|289.25|285.2|286.44
2021-08-11|287.21|288.66|285.86|286.95
2021-08-12|286.63|289.97|286.34|289.81
2021-08-13|289.48|292.9|289.3|292.85
2021-08-16|293.19|294.82|290.02|294.6
2021-08-17|292.39|293.43|291.08|293.08
2021-08-18|292.04|294.82|290.27|290.73
2021-08-19|288.6935|297.47|288.64|296.77
2021-08-20|299.72|305.84|298.06|304.36
2021-08-23|303.245|305.4|301.85|304.65
2021-08-24|305.02|305.65|302.0035|302.62
2021-08-25|304.3|304.59|300.42|302.01
2021-08-26|300.99|302.429|298.95|299.09
2021-08-27|298.987|300.87|296.83|299.72
2021-08-30|301.115|304.22|301.06|303.59
2021-08-31|304.42|304.5|301.5|301.88
2021-09-01|302.865|305.19|301.49|301.83
2021-09-02|302.2|303.3602|300.18|301.15
2021-09-03|300.99|302.6|300.26|301.14
2021-09-07|301.005|301.09|298.2|300.18
2021-09-08|299.78|300.61|297.4651|300.21
2021-09-09|300.82|302.14|297|297.25
2021-09-10|298.415|299.92|295.38|295.71
2021-09-13|297.55|298.54|294.08|296.99
2021-09-14|299.56|301.39|298.1|299.79
2021-09-15|303.26|305.32|301.82|304.82
2021-09-16|303.76|305.31|300.76|305.22
2021-09-17|304.17|304.5|299.53|299.87
2021-09-20|296.33|298.72|289.52|294.3
2021-09-21|295.69|297.54|294.07|294.8
2021-09-22|296.725|300.22|294.51|298.58
2021-09-23|298.845|300.9|297.5339|299.56
2021-09-24|298.23|299.8|296.93|299.35
2021-09-27|296.14|296.47|292.9449|294.17
2021-09-28|289.795|290.78|282.75|283.52
2021-09-29|285.1|286.77|283.01|284
2021-09-30|285.71|287.83|281.62|281.92
2021-10-01|282.1217|289.98|281.29|289.1
2021-10-04|287.4|287.75|280.25|283.11
2021-10-05|284.0464|290.398|284.0464|288.76
2021-10-06|285.78|293.63|285.5093|293.11
2021-10-07|295.175|296.64|293.92|294.85
2021-10-08|296.219|296.6409|293.76|294.85
2021-10-11|292.92|297.97|292.745|294.23
2021-10-12|295.34|295.44|292.35|292.88
2021-10-13|294.91|297.28|293.49|296.31
2021-10-14|299.21|303.27|297.83|302.75
2021-10-15|302.34|304.45|300.5191|304.21
2021-10-18|303.57|308.21|302.69|307.29
2021-10-19|308.348|309.3|307.22|308.23
2021-10-20|309.21|309.7|306.11|307.41
2021-10-21|307.1702|311.02|306.36|310.76
2021-10-22|310.4|311.09|307.8|309.16
2021-10-25|309.36|309.4|306.46|308.13
2021-10-26|311|312.395|308.5967|310.11
2021-10-27|316|326.0973|316|323.17
2021-10-28|324.325|324.87|321.3601|324.35
2021-10-29|324.13|332|323.9|331.62
2021-11-01|331.355|331.49|326.37|329.37
2021-11-02|330.31|333.45|330|333.13
2021-11-03|333.9|334.9|330.65|334
2021-11-04|332.89|336.54|329.51|336.44
2021-11-05|338.51|338.79|334.4217|336.06
2021-11-08|337.3|337.65|334.44|336.99
2021-11-09|337.1071|338.72|334.53|335.95
2021-11-10|334.57|334.6303|329.92|330.8
2021-11-11|331.25|333.7746|330.51|332.43
2021-11-12|333.92|337.23|333.79|336.72
2021-11-15|337.54|337.88|334.034|336.07
2021-11-16|335.68|340.67|335.51|339.51
2021-11-17|338.94|342.19|338|339.12
2021-11-18|338.18|342.45|337.12|341.27
2021-11-19|342.64|345.1|342.2|343.11
2021-11-22|344.62|349.67|339.55|339.83
2021-11-23|337.05|339.45|333.56|337.68
2021-11-24|336.28|338.16|333.911|337.91
2021-11-26|334.35|337.93|328.12|329.68
2021-11-29|334.94|339.03|334.74|336.63
2021-11-30|335.32|337.78|328.99|330.59
2021-12-01|335.13|339.28|329.39|330.08
2021-12-02|330.3|333.49|327.8028|329.49
2021-12-03|331.99|332.7|318.03|323.01
2021-12-06|323.95|327.45|319.23|326.19
2021-12-07|331.64|335.8|330.1|334.92
2021-12-08|335.31|335.5|330.8|334.97
2021-12-09|334.41|336.489|332.12|333.1
2021-12-10|334.98|343|334.79|342.54
2021-12-13|340.68|343.79|339.08|339.4
2021-12-14|333.22|334.64|324.11|328.34
2021-12-15|328.61|335.19|324.5|334.65
2021-12-16|335.71|336.76|323.02|324.9
2021-12-17|320.88|324.92|317.25|323.8
2021-12-20|320.05|322.8|317.57|319.91
2021-12-21|323.29|327.73|319.8|327.29
2021-12-22|328.3|333.605|325.75|333.2
2021-12-23|332.75|336.39|332.73|334.69
2021-12-27|335.46|342.48|335.43|342.45
2021-12-28|343.15|343.81|340.32|341.25
2021-12-29|341.3|344.3|339.68|341.95
2021-12-30|341.91|343.13|338.82|339.32
2021-12-31|338.51|339.355|335.85|336.32
2022-01-03|335.35|338|329.78|334.75
2022-01-04|334.83|335.2|326.12|329.01
2022-01-05|325.86|326.07|315.98|316.38
2022-01-06|313.15|318.7|311.49|313.88
2022-01-07|314.15|316.5|310.09|314.04
2022-01-10|309.485|314.72|304.69|314.27
2022-01-11|313.38|316.61|309.89|314.98
2022-01-12|319.67|323.41|317.08|318.27
2022-01-13|320.4658|320.88|304|304.8
2022-01-14|304.25|310.82|303.75|310.2
2022-01-18|304.07|309.8|301.74|302.65
2022-01-19|306.29|313.9093|302.7|303.33
2022-01-20|309.07|311.6494|301.14|301.6
2022-01-21|302.685|304.11|295.61|296.03
2022-01-24|292.2|297.11|276.05|296.37
2022-01-25|291.52|294.99|285.17|288.49
2022-01-26|307.985|308.5|293.03|296.71
2022-01-27|302.66|307.3|297.93|299.84
2022-01-28|300.23|308.48|294.45|308.26
2022-01-31|308.95|312.38|306.37|310.98
2022-02-01|310.41|310.63|305.1293|308.76
2022-02-02|309.63|315.12|308.88|313.46
2022-02-03|309.49|311.23|299.96|301.25
2022-02-04|300.21|308.8|299.97|305.94
2022-02-07|306.17|307.84|299.9|300.95
2022-02-08|301.25|305.561|299.95|304.56
2022-02-09|309.865|311.93|307.39|311.21
2022-02-10|304.04|309.12|300.7|302.38
2022-02-11|303.19|304.29|294.22|295.04
2022-02-14|293.77|296.76|291.35|295
2022-02-15|300.008|300.8|297.02|300.47
2022-02-16|298.365|300.87|293.68|299.5
2022-02-17|296.36|296.8|290|290.73
2022-02-18|293.05|293.86|286.305|287.93
2022-02-22|285|291.54|284.5|287.72
2022-02-23|290.18|291.7|280.1|280.27
2022-02-24|272.51|295.16|271.52|294.59
2022-02-25|295.14|297.63|291.655|297.31
2022-02-28|294.31|299.14|293|298.79
2022-03-01|296.4|299.97|292.15|294.95
2022-03-02|295.36|301.47|293.698|300.19
2022-03-03|302.89|303.13|294.05|295.92
2022-03-04|294.29|295.66|287.165|289.86
2022-03-07|288.53|289.69|278.53|278.91
2022-03-08|277.8|283.96|270|275.85
2022-03-09|283.44|289.6|280.78|288.5
2022-03-10|283.02|286.6|280.58|285.59
2022-03-11|287.96|289.51|279.43|280.07
2022-03-14|280.34|285.3992|275.82|276.44
2022-03-15|280.35|287.82|278.725|287.15
2022-03-16|289.11|294.57|283.2|294.39
2022-03-17|293.29|295.61|289.37|295.22
2022-03-18|295.37|301|292.73|300.43
2022-03-21|298.89|300.14|294.9|299.16
2022-03-22|299.8|305|298.77|304.06
2022-03-23|300.51|303.23|297.7201|299.49
2022-03-24|299.14|304.2|298.315|304.1
2022-03-25|305.23|305.5|299.2855|303.68
2022-03-28|304.33|310.8|304.33|310.7
2022-03-29|313.91|315.82|309.05|315.41
2022-03-30|313.76|315.95|311.58|313.86
2022-03-31|313.9|315.14|307.89|308.31
2022-04-01|309.37|310.13|305.54|309.42
2022-04-04|310.09|315.11|309.71|314.97
2022-04-05|313.27|314.865|309.87|310.88
2022-04-06|305.19|307|296.71|299.5
2022-04-07|296.66|303.65|296.35|301.37
2022-04-08|300.44|301.12|296.28|296.97
2022-04-11|291.79|292.61|285|285.26
2022-04-12|289.235|290.739|280.49|282.06
2022-04-13|282.73|288.58|281.3|287.62
2022-04-14|288.09|288.305|279.32|279.83
2022-04-18|278.91|282.46|278.34|280.52
2022-04-19|279.38|286.17|278.41|285.3
2022-04-20|289.4|289.7|285.3702|286.36
2022-04-21|288.58|293.3|280.06|280.81
2022-04-22|281.68|283.2|273.38|274.03
2022-04-25|273.29|281.11|270.77|280.72
2022-04-26|277.5|278.3599|270|270.22
2022-04-27|282.1|290.97|279.16|283.22
2022-04-28|285.185|290.98|281.4562|289.63
2022-04-29|288.61|289.88|276.5|277.52
2022-05-02|277.71|284.94|276.22|284.47
2022-05-03|283.96|284.13|280.15|281.78
2022-05-04|282.59|290.88|276.73|289.98
2022-05-05|285.54|286.35|274.34|277.35
2022-05-06|274.805|279.25|271.27|274.73
2022-05-09|270.06|272.36|263.32|264.58
2022-05-10|271.69|273.75|265.07|269.5
2022-05-11|265.68|271.36|259.3|260.55
2022-05-12|257.69|259.88|250.02|255.35
2022-05-13|257.35|263.04|255.35|261.12
2022-05-16|259.955|265.82|255.78|261.5
2022-05-17|266.11|268.33|262.46|266.82
2022-05-18|263|263.6|252.77|254.08
2022-05-19|253.9|257.67|251.88|253.14
2022-05-20|257.24|258.54|246.44|252.56
2022-05-23|255.49|261.5|253.43|260.65
2022-05-24|257.89|261.33|253.5|259.62
2022-05-25|258.14|264.58|257.125|262.52
2022-05-26|262.27|267.11|261.4294|265.9
2022-05-27|268.48|273.34|267.56|273.24
2022-05-31|272.53|274.77|268.93|271.87
2022-06-01|275.195|277.69|270.04|272.42
2022-06-02|264.45|274.65|261.6|274.58
2022-06-03|270.31|273.45|268.41|270.02
2022-06-06|272.06|274.18|267.22|268.75
2022-06-07|266.635|273.13|265.94|272.5
2022-06-08|271.71|273|269.61|270.41
2022-06-09|267.78|272.7081|264.63|264.79
2022-06-10|260.58|260.58|252.53|252.99
2022-06-13|245.11|249.0242|241.53|242.26
2022-06-14|243.86|245.74|241.51|244.49
2022-06-15|248.31|255.3|246.42|251.76
2022-06-16|245.98|247.4174|243.02|244.97
2022-06-17|244.7|250.5|244.03|247.65
2022-06-21|250.255|254.75|249.51|253.74
2022-06-22|251.89|257.17|250.37|253.13
2022-06-23|255.57|259.37|253.63|258.86
2022-06-24|261.808|267.98|261.72|267.7
2022-06-27|268.205|268.3|263.28|264.89
2022-06-28|263.98|266.91|256.32|256.48
2022-06-29|257.59|261.97|255.76|260.26
2022-06-30|257.05|259.53|252.9|256.83
2022-07-01|256.39|259.77|254.61|259.58
2022-07-05|256.16|262.98|254.74|262.85
2022-07-06|263.75|267.99|262.4|266.21
2022-07-07|265.12|269.055|265.02|268.4
2022-07-08|264.79|268.1|263.285|267.66
2022-07-11|265.65|266.53|262.18|264.51
2022-07-12|265.88|265.94|252.04|253.67
2022-07-13|250.19|253.55|248.11|252.72
2022-07-14|250.57|255.1374|245.94|254.08
2022-07-15|255.72|260.3699|254.7727|256.72
2022-07-18|259.75|260.84|253.3|254.25
2022-07-19|257.575|259.72|253.68|259.53
2022-07-20|259.9|264.87|258.91|262.27
2022-07-21|259.79|264.89|257.03|264.84
2022-07-22|265.24|265.33|259.07|260.36
2022-07-25|260.995|261.5|256.81|258.83
2022-07-26|259.86|259.88|249.57|251.9
2022-07-27|261.16|270.05|258.85|268.74
2022-07-28|269.75|277.84|267.87|276.41
2022-07-29|277.7|282|276.63|280.74
2022-08-01|277.82|281.28|275.84|278.01
2022-08-02|276|277.89|272.38|274.82
2022-08-03|276.76|283.5|276.61|282.47
2022-08-04|281.8|283.8|280.1677|283.65
2022-08-05|279.15|283.65|278.68|282.91
2022-08-08|284.05|285.92|279.32|280.32
2022-08-09|279.64|283.08|277.61|282.3
2022-08-10|288.17|289.81|286.94|289.16
2022-08-11|290.85|291.21|286.51|287.02
2022-08-12|288.48|291.91|286.94|291.91
2022-08-15|291|294.18|290.11|293.47
2022-08-16|291.99|294.04|290.42|292.71
2022-08-17|289.74|293.35|289.47|291.32
2022-08-18|290.189|291.91|289.08|290.17
2022-08-19|288.9|289.25|285.56|286.15
2022-08-22|282.08|282.46|277.22|277.75
2022-08-23|276.44|278.86|275.4|276.44
2022-08-24|275.41|277.23|275.11|275.79
2022-08-25|277.33|279.02|274.52|278.85
2022-08-26|279.08|280.34|267.98|268.09
2022-08-29|265.85|267.4|263.85|265.23
2022-08-30|266.67|267.05|260.66|262.97
2022-08-31|265.39|267.11|261.33|261.47
2022-09-01|258.87|260.89|255.41|260.4
2022-09-02|261.695|264.74|254.47|256.06
2022-09-06|256.2|257.83|251.94|253.25
2022-09-07|254.7|258.83|253.22|258.09
2022-09-08|257.51|260.43|254.79|258.52
2022-09-09|260.5|265.23|260.29|264.46
2022-09-12|265.78|267.45|265.16|266.65
2022-09-13|258.84|260.4|251.59|251.99
2022-09-14|253.53|254.23|249.86|252.22
2022-09-15|249.77|251.4|244.02|245.38
2022-09-16|244.26|245.3|242.0627|244.74
2022-09-19|242.465|245.14|240.85|244.52
2022-09-20|242.065|243.51|239.64|242.45
2022-09-21|244.27|247.66|238.9|238.95
2022-09-22|237.8704|243.86|237.57|240.98
2022-09-23|239.54|241.13|235.2|237.92
2022-09-26|237.045|241.45|236.9|237.45
2022-09-27|239.98|241.8|234.5|236.41
2022-09-28|236.81|242.33|234.73|241.07
2022-09-29|238.89|239.95|234.41|237.5
2022-09-30|238.29|240.54|232.73|232.9
2022-10-03|235.41|241.61|234.66|240.74
2022-10-04|245.09|250.36|244.975|248.88
2022-10-05|245.99|250.58|244.1|249.2
2022-10-06|247.93|250.34|246.08|246.79
2022-10-07|240.902|241.32|233.17|234.24
2022-10-10|233.05|234.559|226.73|229.25
2022-10-11|227.62|229.06|224.11|225.41
2022-10-12|225.4|227.86|223.96|225.75
2022-10-13|219.85|236.1|219.13|234.24
2022-10-14|235.54|237.24|228.34|228.56
2022-10-17|235.82|238.96|235.135|237.53
2022-10-18|243.24|243.93|235.37|238.5
2022-10-19|237.04|239.61|234.29|236.48
2022-10-20|235.77|241.31|234.87|236.15
2022-10-21|234.74|243|234.5|242.12
2022-10-24|243.76|247.84|241.295|247.25
2022-10-25|247.26|251.04|245.83|250.66
2022-10-26|231.17|238.3|230.06|231.32
2022-10-27|231.04|233.69|225.78|226.75
2022-10-28|226.24|236.6|226.05|235.87
2022-10-31|233.76|234.92|231.15|232.13
2022-11-01|234.6|235.74|227.325|228.17
2022-11-02|229.46|231.3|220.04|220.1
2022-11-03|220.09|220.41|213.98|214.25
2022-11-04|217.55|221.59|213.431|221.39
2022-11-07|221.99|228.41|221.28|227.87
2022-11-08|228.7|231.65|225.84|228.87
2022-11-09|227.37|228.6327|224.33|224.51
2022-11-10|235.43|243.33|235|242.98
2022-11-11|242.99|247.99|241.93|247.11
2022-11-14|241.985|243.91|239.21|241.55
2022-11-15|245.66|247|240.03|241.97
2022-11-16|242.79|243.8|240.42|241.73
2022-11-17|237.78|243.25|237.63|241.68
2022-11-18|243.51|243.74|239.03|241.22
2022-11-21|241.43|244.67|241.19|242.05
2022-11-22|243.59|245.31|240.71|245.03
2022-11-23|245.105|248.28|244.27|247.58
2022-11-25|247.31|248.7|246.73|247.49
2022-11-28|246.08|246.65|240.8|241.76
2022-11-29|241.4|242.79|238.21|240.33
2022-11-30|240.57|255.33|239.86|255.14
2022-12-01|253.87|256.12|250.9156|254.69
2022-12-02|249.82|256.06|249.69|255.02
2022-12-05|252.01|253.819|248.06|250.2
2022-12-06|250.82|251.86|243.78|245.12
2022-12-07|244.83|246.16|242.205|244.37
2022-12-08|244.84|248.74|243.06|247.4
2022-12-09|244.695|248.31|244.16|245.42
2022-12-12|247.445|252.54|247.17|252.51
2022-12-13|261.69|263.915|253.07|256.92
2022-12-14|257.13|262.588|254.31|257.22
2022-12-15|253.72|254.2|247.34|249.01
2022-12-16|248.55|249.84|243.51|244.69
2022-12-19|244.86|245.21|238.71|240.45
2022-12-20|239.4|242.91|238.42|241.8
2022-12-21|241.69|245.615|240.11|244.43
2022-12-22|241.255|241.99|233.87|238.19
2022-12-23|236.11|238.87|233.9428|238.73
2022-12-27|238.7|238.93|235.83|236.96
2022-12-28|236.89|239.72|234.17|234.53
2022-12-29|235.65|241.92|235.65|241.01
2022-12-30|238.21|239.96|236.66|239.82
2023-01-03|243.08|245.75|237.4|239.58
2023-01-04|232.275|232.87|225.96|229.1
2023-01-05|227.2|227.55|221.7602|222.31
2023-01-06|223|225.7601|219.35|224.93
2023-01-09|226.45|231.2366|226.41|227.12
2023-01-10|227.755|231.31|227.33|228.85
2023-01-11|231.29|235.95|231.11|235.77
2023-01-12|235.26|239.9|233.56|238.51
2023-01-13|237.002|239.37|234.92|239.23
2023-01-17|237.97|240.91|237.09|240.35
2023-01-18|241.565|242.38|235.52|235.81
2023-01-19|233.78|235.52|230.68|231.93
2023-01-20|234.855|240.74|234.51|240.22
2023-01-23|241.1|245.165|239.65|242.58
2023-01-24|242.5|243.95|240.44|242.04
2023-01-25|234.48|243.3|230.9|240.61
2023-01-26|243.65|248.31|242|248
2023-01-27|248.99|249.83|246.83|248.16
2023-01-30|244.51|245.6|242.2|242.71
2023-01-31|243.45|247.95|242.945|247.81
2023-02-01|248|255.18|245.47|252.75
2023-02-02|258.82|264.69|257.25|264.6
2023-02-03|259.542|264.2|257.1|258.35
2023-02-06|257.44|258.3|254.78|256.77
2023-02-07|260.53|268.775|260.08|267.56
2023-02-08|273.2|276.76|266.21|266.73
2023-02-09|273.8|273.98|262.8|263.62
2023-02-10|261.53|264.09|260.662|263.1
2023-02-13|267.64|274.6|267.15|271.32
2023-02-14|272.67|274.97|269.28|272.17
2023-02-15|268.32|270.73|266.18|269.32
2023-02-16|264.02|266.74|261.9|262.15
2023-02-17|259.39|260.09|256|258.06
2023-02-21|254.48|255.49|251.59|252.67
2023-02-22|254.09|254.34|250.34|251.51
2023-02-23|255.56|256.84|250.48|254.77
2023-02-24|249.96|251|248.1|249.22
2023-02-27|252.46|252.82|249.39|250.16
2023-02-28|249.07|251.49|248.73|249.42
2023-03-01|250.76|250.93|245.79|246.27
2023-03-02|246.55|251.4|245.61|251.11
2023-03-03|252.19|255.62|251.39|255.29
2023-03-06|256.425|260.12|255.98|256.87
2023-03-07|256.3|257.69|253.39|254.15
2023-03-08|254.04|254.5417|250.81|253.7
2023-03-09|255.82|259.56|251.58|252.32
2023-03-10|251.08|252.79|247.6|248.59
2023-03-13|247.4|257.91|245.73|253.92
2023-03-14|256.75|261.07|255.86|260.79
2023-03-15|259.98|266.48|259.21|265.44
2023-03-16|265.205|276.56|263.28|276.2
2023-03-17|278.26|283.33|276.3201|279.43
2023-03-20|276.98|277.48|269.85|272.23
2023-03-21|274.88|275|269.5191|273.78
2023-03-22|273.4|281.04|272.18|272.29
2023-03-23|277.94|281.06|275.2|277.66
2023-03-24|277.24|280.63|275.28|280.57
2023-03-27|280.5|281.4589|275.52|276.38
2023-03-28|275.79|276.14|272.0451|275.23
2023-03-29|278.96|281.1398|278.41|280.51
2023-03-30|284.23|284.46|281.48|284.05
2023-03-31|283.73|289.27|283|288.3
2023-04-03|286.52|288.27|283.95|287.23
2023-04-04|287.23|290.4499|285.67|287.18
2023-04-05|285.85|287.15|282.92|284.34
2023-04-06|283.21|292.08|282.03|291.6
2023-04-10|289.208|289.6|284.71|289.39
2023-04-11|285.75|285.98|281.64|282.83
2023-04-12|284.79|287.01|281.96|283.49
2023-04-13|283.59|289.9|283.17|289.84
2023-04-14|287|288.48|283.69|286.14
2023-04-17|289.93|291.6|286.16|288.8
2023-04-18|291.57|291.755|287.01|288.37
2023-04-19|285.99|289.05|284.54|288.45
2023-04-20|285.25|289.03|285.08|286.11
2023-04-21|285.01|286.27|283.0608|285.76
2023-04-24|282.09|284.95|278.72|281.77
2023-04-25|279.51|281.6|275.37|275.42
2023-04-26|296.7|299.57|292.73|295.37
2023-04-27|295.97|305.2|295.25|304.83
2023-04-28|304.01|308.93|303.31|307.26
2023-05-01|306.97|308.6|305.15|305.56
2023-05-02|307.76|309.18|303.91|305.41
2023-05-03|306.62|308.61|304.09|304.4
2023-05-04|306.24|307.7626|303.4|305.41
2023-05-05|305.72|311.97|304.27|310.65
2023-05-08|310.13|310.2|306.09|308.65
2023-05-09|308|310.04|306.31|307
2023-05-10|308.62|313|307.67|312.31
2023-05-11|310.1|311.12|306.2601|310.11
2023-05-12|310.55|310.65|306.6|308.97
2023-05-15|309.095|309.905|307.59|309.46
2023-05-16|309.83|313.71|309.83|311.74
2023-05-17|312.29|314.43|310.74|314
2023-05-18|314.53|319.04|313.72|318.52
2023-05-19|316.74|318.75|316.37|318.34
2023-05-22|318.6|322.59|318.01|321.18
2023-05-23|320.03|322.72|315.25|315.26
2023-05-24|314.73|316.5|312.61|313.85
2023-05-25|323.24|326.9|320|325.92
2023-05-26|324.02|333.4|323.88|332.89
2023-05-30|335.23|335.74|330.52|331.21
2023-05-31|332.29|335.94|327.33|328.39
2023-06-01|325.93|333.53|324.72|332.58
2023-06-02|334.247|337.5|332.55|335.4
2023-06-05|335.22|338.5599|334.6601|335.94
2023-06-06|335.33|335.37|332.17|333.68
2023-06-07|331.65|334.49|322.5|323.38
2023-06-08|323.935|326.64|323.35|325.26
2023-06-09|324.99|329.99|324.41|326.79
2023-06-12|328.58|332.0999|325.16|331.85
2023-06-13|334.465|336.98|330.39|334.29
2023-06-14|334.34|339.04|332.81|337.34
2023-06-15|337.48|349.84|337.2|348.1
2023-06-16|351.32|351.47|341.95|342.33
2023-06-20|339.31|342.08|335.86|338.05
2023-06-21|336.37|337.73|332.07|333.56
2023-06-22|334.12|340.12|333.34|339.71
2023-06-23|334.36|337.96|333.45|335.02
2023-06-26|333.72|336.11|328.49|328.6
2023-06-27|331.86|336.15|329.3|334.57
2023-06-28|334.66|337.98|333.81|335.85
2023-06-29|334.71|336.11|332.62|335.05
2023-06-30|337.75|342.73|337.2|340.54
2023-07-03|339.19|340.9|336.571|337.99
2023-07-05|335.09|341.65|334.7276|338.15
2023-07-06|337.3|342.99|335.5|341.27
2023-07-07|339.32|341.79|337|337.22
2023-07-10|334.6|335.23|327.59|331.83
2023-07-11|331.06|332.86|327|332.47
2023-07-12|336.6|341.652|335.67|337.2
2023-07-13|339.56|343.74|339.02|342.66
2023-07-14|347.59|351.43|344.31|345.24
2023-07-17|345.678|346.99|342.2|345.73
2023-07-18|345.83|366.78|342.17|359.49
2023-07-19|361.75|362.46|352.435|355.08
2023-07-20|353.57|357.97|345.37|346.87
2023-07-21|349.15|350.3|339.83|343.77
2023-07-24|345.85|346.92|342.31|345.11
2023-07-25|347.11|351.89|345.07|350.98
2023-07-26|341.44|344.67|333.11|337.77
2023-07-27|340.48|341.33|329.05|330.72
2023-07-28|333.67|340.01|333.17|338.37
2023-07-31|336.92|337.695|333.36|335.92
2023-08-01|335.19|338.54|333.7|336.34
2023-08-02|333.63|333.63|326.3551|327.5
2023-08-03|326|329.88|325.95|326.66
2023-08-04|331.88|335.14|327.24|327.78
2023-08-07|328.37|331.11|327.52|330.11
2023-08-08|326.96|328.75|323|326.05
2023-08-09|326.47|327.11|321.0499|322.23
2023-08-10|326.015|328.26|321.18|322.93
2023-08-11|320.26|322.41|319.21|321.01
2023-08-14|321.39|324.06|320.08|324.04
2023-08-15|323|325.09|320.9034|321.86
2023-08-16|320.8|324.42|319.8035|320.4
2023-08-17|320.54|321.87|316.21|316.88
2023-08-18|314.49|318.38|311.5508|316.48
2023-08-21|317.93|322.77|317.04|321.88
2023-08-22|325.5|326.075|321.46|322.46
2023-08-23|323.82|329.2|323.46|327
2023-08-24|332.85|332.98|319.96|319.97
2023-08-25|321.47|325.36|318.8001|322.98
2023-08-28|325.66|326.15|321.722|323.7
2023-08-29|321.88|328.9835|321.88|328.41
2023-08-30|328.67|329.81|326.445|328.79
2023-08-31|329.2|330.9099|326.78|327.76
2023-09-01|331.31|331.99|326.78|328.66
2023-09-05|329|334.85|328.66|333.55
2023-09-06|333.38|334.46|330.18|332.88
2023-09-07|331.29|333.08|329.03|329.91
2023-09-08|330.09|336.16|329.46|334.27
2023-09-11|337.24|338.42|335.43|337.94
2023-09-12|335.815|336.79|331.48|331.77
2023-09-13|331.31|336.85|331.17|336.06
2023-09-14|339.148|340.86|336.57|338.7
2023-09-15|336.92|337.3975|329.65|330.22
2023-09-18|327.8|330.4|326.36|329.06
2023-09-19|326.17|329.39|324.51|328.65
2023-09-20|329.51|329.59|320.51|320.77
2023-09-21|319.26|325.3499|315|319.53
2023-09-22|321.32|321.45|316.15|317.01
2023-09-25|316.59|317.67|315|317.54
2023-09-26|315.13|315.88|310.02|312.14
2023-09-27|312.3|314.299|309.69|312.79
2023-09-28|310.99|315.48|309.45|313.64
2023-09-29|317.75|319.47|314.98|315.75
2023-10-02|316.28|321.888|315.18|321.8
2023-10-03|320.83|321.39|311.215|313.39
2023-10-04|314.03|320.04|314|318.955
2023-10-05|319.09|319.98|314.9|319.36
2023-10-06|316.55|329.19|316.3|327.26
2023-10-09|324.75|330.3|323.18|329.82
2023-10-10|330.96|331.1|327.67|328.39
2023-10-11|331.21|332.82|329.14|332.42
2023-10-12|330.565|333.6299|328.72|331.16
2023-10-13|332.38|333.83|326.36|327.73
2023-10-16|331.05|336.14|330.6|332.64
2023-10-17|329.59|333.46|327.41|332.06
2023-10-18|332.49|335.59|328.3|330.11
2023-10-19|332.15|336.88|330.91|331.32
2023-10-20|331.72|331.92|325.45|326.67
2023-10-23|325.47|332.725|324.39|329.32
2023-10-24|331.3|331.84|327.6|330.53
2023-10-25|345.02|346.2|337.62|340.67
2023-10-26|340.54|341.63|326.94|327.89
2023-10-27|330.425|336.72|328.4007|329.81
2023-10-30|333.41|339.45|330.52|337.31
2023-10-31|338.85|339|334.69|338.11
2023-11-01|339.79|347.42|339.65|346.07
2023-11-02|347.24|348.83|344.77|348.32
2023-11-03|349.63|354.39|347.33|352.8
2023-11-06|353.45|357.54|353.35|356.53
2023-11-07|359.4|362.46|357.63|360.53
2023-11-08|361.68|363.87|360.55|363.2
2023-11-09|362.3|364.79|360.362|360.69
2023-11-10|361.49|370.1|361.07|369.67
2023-11-13|368.22|368.47|365.9|366.68
2023-11-14|371.01|371.95|367.3454|370.27
2023-11-15|371.28|373.13|367.11|369.67
2023-11-16|370.96|376.35|370.18|376.17
2023-11-17|373.61|374.37|367|369.85
2023-11-20|371.22|378.87|371|377.44
2023-11-21|375.67|376.2215|371.12|373.07
2023-11-22|378|379.7899|374.965|377.85
2023-11-24|377.33|377.97|375.135|377.43
2023-11-27|376.78|380.64|376.2|378.61
2023-11-28|378.35|383|378.16|382.7
2023-11-29|383.76|384.3|377.44|378.85
2023-11-30|378.49|380.09|375.47|378.91
2023-12-01|376.76|378.16|371.31|374.51
2023-12-04|369.1|369.52|362.9|369.14
2023-12-05|366.45|373.075|365.621|372.52
2023-12-06|373.54|374.18|368.03|368.8
2023-12-07|368.23|371.4527|366.32|370.95
2023-12-08|369.2|374.46|368.23|374.23
2023-12-11|368.48|371.6|366.1|371.3
2023-12-12|370.85|374.42|370.46|374.38
2023-12-13|376.02|377.6361|370.77|374.37
2023-12-14|373.31|373.76|364.13|365.93
2023-12-15|366.85|372.4|366.28|370.73
2023-12-18|369.45|373|368.68|372.65
2023-12-19|371.49|373.26|369.84|373.26
2023-12-20|375|376.03|370.53|370.62
2023-12-21|372.56|374.41|370.04|373.54
2023-12-22|373.68|375.18|372.71|374.58
2023-12-26|375|376.94|373.5|374.66
2023-12-27|373.69|375.06|372.8116|374.07
2023-12-28|375.37|376.458|374.16|375.28
2023-12-29|376|377.16|373.48|376.04
2024-01-02|373.86|375.9|366.771|370.87
2024-01-03|369.01|373.2562|368.51|370.6
2024-01-04|370.665|373.1|367.17|367.94
2024-01-05|368.97|372.06|366.5|367.75
2024-01-08|369.3|375.2|369.01|374.69