2018-08-01|24.765|24.895|24.685|24.815
2018-08-02|24.845|24.935|24.715|24.86
2018-08-03|24.9|25.015|24.815|25
2018-08-06|24.81|24.98|24.77|24.82
2018-08-07|25.035|25.225|24.9473|25.115
2018-08-08|23.68|23.9|23.55|23.555
2018-08-09|23.735|23.775|23.43|23.455
2018-08-10|23.51|23.585|23.31|23.435
2018-08-13|23.68|23.815|23.495|23.65
2018-08-14|24.11|24.325|24.055|24.175
2018-08-15|23.95|23.95|23.6873|23.81
2018-08-16|23.815|24.035|23.745|23.885
2018-08-17|23.675|23.83|23.675|23.73
2018-08-20|23.945|24.14|23.835|24.105
2018-08-21|24.705|24.715|24.4175|24.59
2018-08-22|24.625|24.635|24.43|24.49
2018-08-23|24.61|24.645|24.41|24.495
2018-08-24|24.53|24.675|24.485|24.605
2018-08-27|24.68|24.9|24.67|24.895
2018-08-28|24.875|24.91|24.775|24.83
2018-08-29|24.815|24.99|24.75|24.97
2018-08-30|24.83|24.89|24.7275|24.795
2018-08-31|24.63|24.705|24.475|24.585
2018-09-04|24.215|24.435|24.195|24.4
2018-09-05|24.045|24.155|23.925|24.025
2018-09-06|23.83|24.005|23.81|23.97
2018-09-07|23.835|24.075|23.815|23.98
2018-09-10|24.275|24.3375|24.185|24.215
2018-09-11|24.005|24.255|23.9975|24.255
2018-09-12|24.43|24.58|24.415|24.485
2018-09-13|24.48|24.555|24.405|24.51
2018-09-14|24.15|24.175|23.945|23.985
2018-09-17|23.905|23.95|23.78|23.82
2018-09-18|23.675|23.765|23.595|23.715
2018-09-19|23.55|23.565|23.4375|23.5
2018-09-20|23.56|23.785|23.535|23.75
2018-09-21|23.705|23.925|23.69|23.83
2018-09-24|23.79|24.025|23.75|23.985
2018-09-25|24.06|24.3|24.05|24.095
2018-09-26|23.69|24|23.685|23.775
2018-09-27|23.695|23.895|23.68|23.815
2018-09-28|23.585|23.69|23.545|23.57
2018-10-01|23.395|23.4925|23.225|23.28
2018-10-02|23.425|23.705|23.37|23.625
2018-10-03|23.475|23.57|23.325|23.345
2018-10-04|21.645|21.85|21.45|21.63
2018-10-05|22.135|22.25|21.905|21.98
2018-10-08|21.28|21.605|21.245|21.57
2018-10-09|21.1|21.44|21.045|21.25
2018-10-10|21.285|21.29|20.86|20.865
2018-10-11|20.965|21.015|20.6145|20.77
2018-10-12|21.105|21.3|21.035|21.265
2018-10-15|21.035|21.32|21.03|21.15
2018-10-16|21.445|21.7275|21.3825|21.695
2018-10-17|21.67|21.785|21.575|21.75
2018-10-18|21.8|21.83|21.585|21.68
2018-10-19|21.8|21.83|21.565|21.585
2018-10-22|21.6|21.625|21.49|21.56
2018-10-23|21.15|21.4825|21.075|21.385
2018-10-24|21.445|21.53|20.8473|20.885
2018-10-25|20.825|21.21|20.795|21.1
2018-10-26|21|21.305|20.92|21.195
2018-10-29|21.425|21.575|20.995|21.31
2018-10-30|21.055|21.34|21.04|21.285
2018-10-31|21.65|21.73|21.545|21.59
2018-11-01|21.855|22.12|21.735|21.925
2018-11-02|22|22.015|21.72|21.86
2018-11-05|21.49|21.7675|21.48|21.66
2018-11-06|21.655|21.7204|21.4725|21.575
2018-11-07|22.12|22.305|22.02|22.27
2018-11-08|22.44|22.48|22.29|22.335
2018-11-09|22.525|22.55|22.315|22.47
2018-11-12|22.45|22.46|22.2425|22.27
2018-11-13|22.19|22.2625|22.0375|22.095
2018-11-14|22.275|22.365|22.08|22.23
2018-11-15|21.735|21.845|21.5575|21.785
2018-11-16|21.805|22.16|21.74|22.085
2018-11-19|22.88|22.94|22.54|22.735
2018-11-20|22.13|22.22|21.785|21.82
2018-11-21|22.165|22.2375|22.0775|22.12
2018-11-23|22.115|22.7|21.9|22.585
2018-11-26|23.205|23.305|22.955|23.085
2018-11-27|22.775|22.995|22.615|22.92
2018-11-28|22.655|23.0378|22.61|22.985
2018-11-29|22.93|23.1|22.82|22.96
2018-11-30|23.275|23.33|23.095|23.31
2018-12-03|23.1|23.1695|22.96|23.02
2018-12-04|23.2|23.215|22.805|22.84
2018-12-06|22.575|22.86|22.425|22.82
2018-12-07|23.025|23.03|22.64|22.69
2018-12-10|23.115|23.125|22.67|22.975
2018-12-11|22.98|23.015|22.38|22.6
2018-12-12|22.86|23.1675|22.85|23.005
2018-12-13|22.96|23.44|22.955|23.385
2018-12-14|23.21|23.46|23.1688|23.25
2018-12-17|23.225|23.2675|22.9875|23.095
2018-12-18|22.975|23.0593|22.5375|22.66
2018-12-19|22.91|22.93|22.335|22.435
2018-12-20|23.135|23.14|22.605|22.675
2018-12-21|22.52|22.635|22.18|22.24
2018-12-24|22.19|22.355|21.91|21.995
2018-12-26|21.915|22.535|21.8|22.535
2018-12-27|22.515|22.8|22.3075|22.795
2018-12-28|22.81|23.06|22.71|22.915
2018-12-31|22.975|23.11|22.925|23.035
2019-01-02|23.065|23.42|23.05|23.395
2019-01-03|23.6|23.7151|23.535|23.585
2019-01-04|23.715|23.855|23.605|23.67
2019-01-07|23.985|24.065|23.8125|23.82
2019-01-08|24.13|24.2575|23.985|24.17
2019-01-09|24.385|24.475|24.3229|24.435
2019-01-10|24.23|24.3025|24.145|24.27
2019-01-11|24.045|24.285|24.0179|24.275
2019-01-14|23.485|23.53|23.275|23.325
2019-01-15|23.575|23.705|23.54|23.6
2019-01-16|23.59|23.65|23.43|23.435
2019-01-17|23.56|23.8925|23.52|23.825
2019-01-18|24.015|24.2469|23.9|24.025
2019-01-22|23.82|24.13|23.8|24.095
2019-01-23|23.805|23.84|23.6475|23.7
2019-01-24|23.51|23.59|23.255|23.395
2019-01-25|23.335|23.38|23.1276|23.18
2019-01-28|23.08|23.29|23.05|23.2
2019-01-29|23.29|23.36|23.16|23.325
2019-01-30|23.32|23.595|23.295|23.525
2019-01-31|23.265|23.565|23.2425|23.51
2019-02-01|24.375|24.535|24.13|24.305
2019-02-04|24.305|24.32|24.075|24.275
2019-02-05|24.44|24.535|24.39|24.4
2019-02-06|24.265|24.455|24.265|24.335
2019-02-07|24.445|24.45|24.175|24.325
2019-02-08|24.3|24.4625|24.235|24.455
2019-02-11|24.34|24.405|24.2075|24.33
2019-02-12|24.495|24.74|24.415|24.7
2019-02-13|24.52|24.64|24.51|24.545
2019-02-14|24.875|24.955|24.78|24.89
2019-02-15|24.905|25.185|24.82|25.175
2019-02-19|24.985|25.27|24.805|25.16
2019-02-20|24.92|25.005|24.775|24.85
2019-02-21|24.88|24.91|24.7|24.83
2019-02-22|24.91|24.945|24.8175|24.89
2019-02-25|24.67|24.815|24.655|24.715
2019-02-26|24.6825|24.86|24.665|24.725
2019-02-27|24.695|24.755|24.4875|24.535
2019-02-28|24.3|24.61|24.3|24.475
2019-03-01|24.84|24.92|24.74|24.8
2019-03-04|24.665|24.74|24.4886|24.59
2019-03-05|24.685|24.95|24.68|24.84
2019-03-06|24.87|24.88|24.4925|24.58
2019-03-07|24.765|24.765|24.54|24.61
2019-03-08|24.87|24.87|24.66|24.84
2019-03-11|24.79|24.9|24.67|24.87
2019-03-12|24.855|24.905|24.77|24.775
2019-03-13|24.985|25.22|24.915|25.16
2019-03-14|25.25|25.3075|25.145|25.25
2019-03-15|25.37|25.51|25.32|25.445
2019-03-18|25.685|25.74|25.61|25.725
2019-03-19|25.97|26.165|25.925|26.115
2019-03-20|25.99|26.415|25.975|26.315
2019-03-21|26.155|26.2625|26.0725|26.085
2019-03-22|25.385|25.575|25.345|25.36
2019-03-25|25.485|25.795|25.46|25.78
2019-03-26|26.155|26.155|25.915|25.97
2019-03-27|25.975|26.135|25.84|26.08
2019-03-28|26.1|26.155|25.9549|26.025
2019-03-29|26.015|26.2575|25.97|26.155
2019-04-01|26.085|26.225|25.995|26.065
2019-04-02|26.22|26.22|25.905|26.045
2019-04-03|25.48|25.715|25.46|25.535
2019-04-04|25.57|25.625|25.215|25.28
2019-04-05|25.45|25.5668|25.32|25.38
2019-04-08|25.835|25.835|25.555|25.68
2019-04-09|25.635|25.64|25.4875|25.58
2019-04-10|25.575|25.675|25.495|25.575
2019-04-11|25.53|25.61|25.34|25.455
2019-04-12|25.14|25.3575|25.04|25.105
2019-04-15|25.15|25.29|25.1125|25.18
2019-04-16|25.205|25.23|24.6925|24.705
2019-04-17|24.655|24.6725|24.17|24.255
2019-04-18|24.295|24.295|23.885|24.195
2019-04-22|24.255|24.325|23.94|24.05
2019-04-23|24.23|24.41|24.19|24.33
2019-04-24|24.44|24.44|24.16|24.185
2019-04-25|24.09|24.23|24.05|24.215
2019-04-26|24.49|24.525|24.325|24.465
2019-04-29|24.77|24.805|24.575|24.72
2019-04-30|24.36|24.655|24.355|24.505
2019-05-01|24.545|24.805|24.355|24.565
2019-05-02|24.46|24.515|24.355|24.435
2019-05-03|23.835|23.995|23.6508|23.745
2019-05-06|23.535|24.02|23.505|23.875
2019-05-07|23.905|23.95|23.63|23.715
2019-05-08|24.13|24.3025|24.015|24.205
2019-05-09|24.24|24.305|24.045|24.225
2019-05-10|24.15|24.185|23.87|24.14
2019-05-13|23.79|23.82|23.575|23.685
2019-05-14|23.42|23.605|23.375|23.5
2019-05-15|23.265|23.525|23.24|23.47
2019-05-16|23.25|23.555|23.235|23.395
2019-05-17|23.4|23.555|23.375|23.395
2019-05-20|23.585|23.69|23.505|23.63
2019-05-21|23.705|23.92|23.68|23.765
2019-05-22|23.91|24.265|23.855|24.2
2019-05-23|23.89|24.285|23.885|24.19
2019-05-24|24.32|24.415|24.21|24.295
2019-05-28|24.18|24.37|23.9625|23.97
2019-05-29|23.665|23.74|23.425|23.515
2019-05-30|23.565|23.645|23.495|23.59
2019-05-31|23.565|23.72|23.46|23.6
2019-06-03|24.02|24.3825|23.975|24.265
2019-06-04|24.165|24.17|24|24.07
2019-06-05|24.16|24.5775|24.16|24.325
2019-06-06|24.395|24.81|24.395|24.48
2019-06-07|24.715|24.73|24.53|24.665
2019-06-10|25.2|25.78|25.16|25.605
2019-06-11|25.845|25.895|25.7|25.795
2019-06-12|25.955|26.265|25.95|26.235
2019-06-13|26.22|26.255|25.72|25.85
2019-06-14|25.63|25.795|25.45|25.48
2019-06-17|25.54|25.675|25.495|25.505
2019-06-18|26.065|26.12|25.93|26.095
2019-06-19|25.815|26.255|25.815|26.21
2019-06-20|25.89|26.035|25.4625|25.56
2019-06-21|25.295|25.48|25.215|25.42
2019-06-24|25.33|25.6725|25.305|25.645
2019-06-25|25.61|25.785|25.555|25.59
2019-06-26|25.635|25.635|25.38|25.455
2019-06-27|25.33|25.505|25.315|25.43
2019-06-28|25.56|25.595|25.46|25.52
2019-07-01|25.795|25.89|25.715|25.76
2019-07-02|25.88|26.06|25.845|25.975
2019-07-03|26.195|26.29|26.0325|26.14
2019-07-05|25.46|25.5451|25.255|25.295
2019-07-08|25.165|25.25|25.065|25.105
2019-07-09|25.025|25.245|25.01|25.165
2019-07-10|25.39|25.405|25.165|25.235
2019-07-11|25.02|25.05|24.385|24.47
2019-07-12|24.195|24.2|23.6225|23.77
2019-07-15|23.895|23.95|23.7525|23.825
2019-07-16|24.04|24.055|23.82|23.86
2019-07-17|24.2|24.23|24.075|24.155
2019-07-18|24.16|24.195|23.91|24.14
2019-07-19|23.94|24.085|23.79|23.995
2019-07-22|24.185|24.315|24.11|24.2
2019-07-23|24.005|24.92|23.785|24.625
2019-07-24|24.64|24.865|24.54|24.765
2019-07-25|24.56|24.6825|24.3475|24.44
2019-07-26|24.485|24.5775|24.375|24.42
2019-07-29|24.81|24.81|24.4388|24.56
2019-07-30|24.215|24.235|24.075|24.21
2019-07-31|23.83|24.295|23.81|23.96
2019-08-01|24.275|24.465|24.1525|24.285
2019-08-02|24.42|24.46|24.1825|24.36
2019-08-05|24.235|24.3281|23.86|23.95
2019-08-06|24.335|24.445|24.2175|24.435
2019-08-07|24.515|24.925|24.375|24.745
2019-08-08|25.03|25.38|25.005|25.335
2019-08-09|25.195|25.205|24.865|25.135
2019-08-12|25.295|25.35|25.07|25.2
2019-08-13|25.65|26.065|25.635|25.93
2019-08-14|25.395|25.5725|25.16|25.165
2019-08-15|25.255|25.5975|25.22|25.37
2019-08-16|25.65|25.84|25.555|25.83
2019-08-19|25.56|25.65|25.51|25.61
2019-08-20|25.73|25.73|25.56|25.64
2019-08-21|26.025|26.05|25.875|25.91
2019-08-22|26.335|26.42|26.235|26.35
2019-08-23|26.21|26.405|26.07|26.135
2019-08-26|26.265|26.295|26.025|26.085
2019-08-27|26.245|26.295|26.0625|26.075
2019-08-28|26.19|26.245|26.065|26.15
2019-08-29|26.365|26.3975|26.275|26.315
2019-08-30|26.055|26.16|25.935|26.055
2019-09-03|26.475|26.565|26.3375|26.45
2019-09-04|26.71|26.775|26.625|26.715
2019-09-05|26.5|26.5298|26.27|26.375
2019-09-06|26.185|26.505|26.185|26.275
2019-09-09|25.7|25.7|25.28|25.33
2019-09-10|24.48|24.8|24.3|24.8
2019-09-11|24.975|25.445|24.9092|25.42
2019-09-12|25.17|25.35|24.75|24.835
2019-09-13|24.815|25.015|24.67|24.75
2019-09-16|24.765|24.9|24.585|24.74
2019-09-17|25.37|25.545|25.29|25.485
2019-09-18|25.515|25.6|25.39|25.485
2019-09-19|25.875|26.015|25.7875|25.94
2019-09-20|25.895|26.685|25.87|26.47
2019-09-23|26.655|26.735|26.415|26.485
2019-09-24|26.375|26.5225|26.295|26.465
2019-09-25|26.385|26.43|26.23|26.28
2019-09-26|26.265|26.365|25.9725|26.095
2019-09-27|25.88|26.11|25.775|25.815
2019-09-30|25.785|25.955|25.695|25.85
2019-10-01|25.52|25.555|25.235|25.275
2019-10-02|25.055|25.075|24.75|24.93
2019-10-03|24.815|25.2975|24.81|25.195
2019-10-04|25.62|25.69|25.485|25.66
2019-10-07|25.875|26.11|25.805|25.965
2019-10-08|25.945|25.945|25.655|25.75
2019-10-09|25.645|25.84|25.63|25.785
2019-10-10|25.485|25.865|25.465|25.825
2019-10-11|25.625|25.81|25.555|25.615
2019-10-14|26|26.13|25.94|26.015
2019-10-15|26.09|26.29|26.05|26.235
2019-10-16|26.055|26.32|25.98|26.145
2019-10-17|26.44|26.445|26.3|26.34
2019-10-18|26.315|26.324|26.085|26.26
2019-10-21|26.35|26.465|26.19|26.3
2019-10-22|26.7|26.9|26.565|26.645
2019-10-23|26.68|26.825|26.555|26.75
2019-10-24|27.005|27.185|26.905|27.16
2019-10-25|26.81|27.115|26.79|27.095
2019-10-28|27.015|27.2825|27|27.21
2019-10-29|27.12|27.345|27.1|27.24
2019-10-30|27.5|27.84|27.395|27.83
2019-10-31|27.235|27.64|27.21|27.61
2019-11-01|27.61|28.67|27.525|28.23
2019-11-04|28.575|28.605|28.275|28.37
2019-11-05|28.26|28.33|28.045|28.23
2019-11-06|28.22|28.375|28.21|28.345
2019-11-07|28.125|28.205|27.98|28.185
2019-11-08|28.41|28.965|28.405|28.935
2019-11-11|28.7|28.835|28.625|28.645
2019-11-12|28.575|28.71|28.52|28.545
2019-11-13|28.805|28.945|28.69|28.82
2019-11-14|28.645|29.005|28.615|28.945
2019-11-15|28.77|28.875|28.625|28.64
2019-11-18|28.48|28.595|28.29|28.535
2019-11-19|28.65|28.69|28.42|28.52
2019-11-20|27.71|27.8046|27.04|27.23
2019-11-21|26.895|27.08|26.845|27.02
2019-11-22|27.49|27.495|27.145|27.23
2019-11-25|27.97|28.135|27.83|28.125
2019-11-26|28.04|28.215|27.985|28.125
2019-11-27|28.02|28.255|28.015|28.18
2019-11-29|28.235|28.26|28.02|28.075
2019-12-02|28.01|28.08|27.845|28.01
2019-12-03|28.165|28.29|28.13|28.26
2019-12-04|28.63|28.7|28.505|28.685
2019-12-05|28.615|28.64|28.465|28.535
2019-12-06|28.56|28.56|28.24|28.37
2019-12-09|28.39|28.75|28.335|28.345
2019-12-10|28.45|28.565|28.36|28.47
2019-12-11|28.305|28.46|28.29|28.43
2019-12-12|28.375|28.495|28.19|28.25
2019-12-13|28.525|28.83|28.425|28.625
2019-12-16|29.19|29.235|28.9769|29.065
2019-12-17|29.045|29.24|28.9725|29.085
2019-12-18|28.75|28.77|28.35|28.425
2019-12-19|28.6|28.8675|28.56|28.845
2019-12-20|29.01|29.15|28.9275|29
2019-12-23|29.01|29.01|28.82|28.83
2019-12-24|28.865|29.07|28.815|28.985
2019-12-26|28.98|29.085|28.92|29.045
2019-12-27|29.31|29.315|29.115|29.13
2019-12-30|29.21|29.225|28.84|28.865
2019-12-31|28.84|28.945|28.79|28.94
2020-01-02|29.155|29.2|29.005|29.18
2020-01-03|28.455|28.7|28.43|28.555
2020-01-06|28.495|28.59|28.435|28.505
2020-01-07|28.5|28.5|28.28|28.475
2020-01-08|28.455|28.595|28.335|28.425
2020-01-09|28.675|28.865|28.66|28.72
2020-01-10|29.245|29.5325|29.185|29.34
2020-01-13|29.595|29.635|29.38|29.485
2020-01-14|29.39|29.85|29.385|29.79
2020-01-15|30.74|31.345|30.73|31.195
2020-01-16|30.8|30.935|30.385|30.655
2020-01-17|30.73|30.77|30.6075|30.655
2020-01-21|30.68|30.74|30.54|30.57
2020-01-22|30.54|30.825|30.54|30.66
2020-01-23|30.66|30.8275|30.53|30.795
2020-01-24|31.03|31.165|30.445|30.54
2020-01-27|30.065|30.135|29.955|29.98
2020-01-28|30.015|30.17|29.895|30.165
2020-01-29|30.44|30.5275|30.325|30.335
2020-01-30|30.49|30.49|30.2875|30.435
2020-01-31|30.685|30.685|30.3125|30.415
2020-02-03|30.4|30.625|30.355|30.48
2020-02-04|30.505|30.9725|30.46|30.795
2020-02-05|31.855|32.3075|31.685|32.205
2020-02-06|31.92|32.41|31.795|32.335
2020-02-07|31.77|31.86|31.595|31.625
2020-02-10|31.52|31.84|31.505|31.82
2020-02-11|31.85|31.855|31.465|31.545
2020-02-12|31.665|31.705|31.48|31.67
2020-02-13|31.29|31.475|31.2575|31.37
2020-02-14|31.645|31.745|31.53|31.725
2020-02-18|31.92|32.1787|31.92|32.045
2020-02-19|32.04|32.13|31.98|32.07
2020-02-20|32.06|32.17|31.62|31.755
2020-02-21|31.87|32.025|31.76|31.925
2020-02-24|30.87|31.18|30.59|30.64
2020-02-25|30.56|30.675|30.1475|30.31
2020-02-26|30.52|30.705|30.385|30.55
2020-02-27|30.395|30.6|29.74|29.745
2020-02-28|29.07|29.425|28.635|29.065
2020-03-02|30.055|30.58|29.53|30.56
2020-03-03|31.185|31.41|30.375|30.75
2020-03-04|31.64|32.41|31.42|32.39
2020-03-05|31.66|31.955|31.24|31.475
2020-03-06|30.78|31.335|30.6225|31.275
2020-03-09|30.135|30.645|29.48|29.725
2020-03-10|30.32|30.585|29.435|30.52
2020-03-11|29.53|29.81|28.64|28.945
2020-03-12|27.865|28.05|26.645|26.71
2020-03-13|28.41|28.445|26.675|28.36
2020-03-16|25.105|27.5625|24.8353|26.295
2020-03-17|26.04|27.69|25.65|27.595
2020-03-18|26.23|26.82|24.835|26.25
2020-03-19|26.375|26.75|25.795|25.85
2020-03-20|26.075|26.215|24.62|24.73
2020-03-23|25.245|25.955|24.89|25.205
2020-03-24|25.955|26.0224|25.025|25.27
2020-03-25|26.335|26.88|25.845|26.51
2020-03-26|27.375|28.495|27.22|28.38
2020-03-27|27.71|28.815|27.505|28.365
2020-03-30|29.38|30.105|29.38|30.09
2020-03-31|30.045|30.385|29.77|30.1
2020-04-01|29.65|30.375|29.555|29.875
2020-04-02|29.27|29.775|29.01|29.655
2020-04-03|29.795|30.195|29.625|29.92
2020-04-06|29.945|30.425|29.79|30.33
2020-04-07|30.01|30.14|29.24|29.27
2020-04-08|29.535|30.095|29.215|29.82
2020-04-09|30.205|30.365|29.77|30
2020-04-13|30.135|30.225|29.18|29.42
2020-04-14|29.705|30.155|29.545|29.895
2020-04-15|30.205|30.205|29.63|29.925
2020-04-16|30.615|30.92|30.46|30.835
2020-04-17|31.27|31.605|31.1235|31.535
2020-04-20|32.09|32.4787|31.8851|32.055
2020-04-21|32.08|32.23|31.81|32.05
2020-04-22|32.15|32.455|32.095|32.295
2020-04-23|32.15|32.575|31.965|31.99
2020-04-24|32.185|32.52|32.18|32.455
2020-04-27|32.625|32.705|32.325|32.57
2020-04-28|32.92|32.94|32.2675|32.295
2020-04-29|31.6|31.71|31.315|31.52
2020-04-30|31.735|31.9725|31.535|31.665
2020-05-01|32|32.06|31.415|31.715
2020-05-04|31.745|31.83|31.4475|31.81
2020-05-05|31.155|31.78|31.15|31.565
2020-05-06|31.36|31.495|30.89|30.99
2020-05-07|31.595|31.615|31.095|31.155
2020-05-08|31.345|31.495|31.2325|31.38
2020-05-11|31.42|32.07|31.24|31.99
2020-05-12|31.525|31.775|31.25|31.27
2020-05-13|31.52|31.825|31.355|31.625
2020-05-14|32.115|32.255|31.7175|32.145
2020-05-15|31.955|32.13|31.785|31.955
2020-05-18|31.68|32.11|31.54|31.89
2020-05-19|32.435|32.75|32.135|32.235
2020-05-20|32.915|33.01|32.345|32.435
2020-05-21|32.5|32.545|31.99|32.41
2020-05-22|32.255|32.44|32.11|32.415
2020-05-26|32.3|32.305|31.67|31.7
2020-05-27|31.215|31.4|30.765|31.395
2020-05-28|32.085|32.7775|32.065|32.48
2020-05-29|32.77|32.99|32.205|32.97
2020-06-01|33|33.05|32.595|32.85
2020-06-02|32.595|32.69|32.375|32.575
2020-06-03|32.235|32.49|32.16|32.355
2020-06-04|32.485|32.725|32.065|32.17
2020-06-05|32.5|32.5|32.005|32.245
2020-06-08|32.135|32.26|31.955|32.16
2020-06-09|32.3|32.645|32.22|32.315
2020-06-10|33.095|33.3675|32.98|33.28
2020-06-11|33.37|33.48|32.105|32.21
2020-06-12|33.025|33.05|31.9301|32.305
2020-06-15|32.27|32.75|32.02|32.69
2020-06-16|32.92|33.025|32.435|32.645
2020-06-17|33.09|33.62|33.01|33.36
2020-06-18|33.065|33.155|32.835|33.03
2020-06-19|34.015|34.015|33.49|33.775
2020-06-22|33.775|34.035|33.505|33.97
2020-06-23|33.82|34.3575|33.805|33.97
2020-06-24|33.6|33.77|33.075|33.265
2020-06-25|33.08|33.64|32.88|33.625
2020-06-26|33.365|33.475|32.905|33.02
2020-06-29|33.085|33.1275|32.7|32.78
2020-06-30|32.37|32.825|32.28|32.74
2020-07-01|32.4|32.965|32.39|32.84
2020-07-02|33.12|33.34|32.91|33.18
2020-07-06|32.86|33.155|32.765|32.96
2020-07-07|32.35|32.785|32.34|32.53
2020-07-08|32.765|32.945|32.655|32.94
2020-07-09|32.965|33.095|32.585|32.805
2020-07-10|32.885|32.915|32.435|32.72
2020-07-13|32.695|33.165|32.52|32.575
2020-07-14|32.42|32.79|32.28|32.745
2020-07-15|33.095|33.295|32.91|33.295
2020-07-16|33.05|33.13|32.73|32.83
2020-07-17|33.285|33.695|33.27|33.585
2020-07-20|34.305|34.4|33.918|34.23
2020-07-21|34.315|34.435|34.155|34.165
2020-07-22|34.45|34.48|34.065|34.255
2020-07-23|33.915|33.955|33.185|33.21
2020-07-24|33.26|33.265|32.91|33.085
2020-07-27|33.545|33.7938|33.43|33.705
2020-07-28|33.755|33.885|33.555|33.64
2020-07-29|33.645|33.645|33.3311|33.46
2020-07-30|33.325|33.6325|33.14|33.585
2020-07-31|33.325|33.395|32.545|32.665
2020-08-03|32.615|32.935|32.58|32.71
2020-08-04|32.115|32.45|32.0805|32.315
2020-08-05|32.66|32.7|32.32|32.545
2020-08-06|31.975|32.115|31.635|31.845
2020-08-07|32.2|32.385|31.99|32.32
2020-08-10|32.365|32.55|32.165|32.31
2020-08-11|32.905|32.975|32.55|32.595
2020-08-12|33.295|33.785|33.24|33.545
2020-08-13|33.375|33.57|33.285|33.43
2020-08-14|32.97|33.11|32.785|32.885
2020-08-17|33.29|33.6075|33.255|33.43
2020-08-18|33.38|33.435|33.125|33.235
2020-08-19|33.74|33.825|33.2875|33.315
2020-08-20|33.125|33.29|32.96|33.245
2020-08-21|33.08|33.25|32.955|33.16
2020-08-24|33.475|33.5075|32.825|32.98
2020-08-25|33.4|33.41|33.06|33.23
2020-08-26|33.27|33.395|33.055|33.385
2020-08-27|33.57|33.575|32.92|33.13
2020-08-28|33.12|33.12|32.8|32.915
2020-08-31|32.825|33.1731|32.8231|33.02
2020-09-01|33.45|33.455|32.806|32.945
2020-09-02|32.975|33.165|32.87|33.11
2020-09-03|33.415|33.42|32.365|32.54
2020-09-04|32.625|32.74|32.09|32.555
2020-09-08|32.5|32.75|32.235|32.415
2020-09-09|33.205|33.54|33.155|33.325
2020-09-10|33.365|33.46|32.8001|32.91
2020-09-11|33.385|33.4975|32.935|33.225
2020-09-14|33.26|33.5|33.16|33.33
2020-09-15|34.075|34.295|33.895|33.96
2020-09-16|33.985|34.305|33.97|33.98
2020-09-17|34.2|34.875|34.08|34.785
2020-09-18|34.59|34.75|34.38|34.72
2020-09-21|34.405|34.525|33.965|34.495
2020-09-22|34.26|34.595|34.11|34.53
2020-09-23|34.825|35.09|34.6525|34.7
2020-09-24|34.26|34.37|34.02|34.135
2020-09-25|34.03|34.575|34.0035|34.53
2020-09-28|34.365|34.69|34.35|34.585
2020-09-29|34.805|35.23|34.75|35.11
2020-09-30|34.75|34.84|34.53|34.715
2020-10-01|35|35.01|34.535|34.625
2020-10-02|34.325|34.4925|34.175|34.33
2020-10-05|34.675|35.12|34.645|35.06
2020-10-06|34.815|34.875|34.54|34.58
2020-10-07|34.5|34.58|34.17|34.34
2020-10-08|34.45|35.905|34.405|35.62
2020-10-09|35.8|36.155|35.695|36.035
2020-10-12|36.775|36.905|36.52|36.81
2020-10-13|36.485|36.89|36.33|36.59
2020-10-14|36.135|36.2|35.69|35.865
2020-10-15|35.27|35.4625|35.015|35.285
2020-10-16|35.24|35.645|35.19|35.51
2020-10-19|35.94|35.95|35.325|35.39
2020-10-20|35.97|36.02|35.555|35.625
2020-10-21|35.66|35.765|35.37|35.425
2020-10-22|35.55|35.5654|35.18|35.44
2020-10-23|35.41|35.5875|35.22|35.37
2020-10-26|34.975|35.2275|34.598|34.825
2020-10-27|34.71|34.765|33.945|33.975
2020-10-28|33.6|33.665|33.08|33.275
2020-10-29|33.605|33.62|33.06|33.165
2020-10-30|32.47|32.745|31.61|31.945
2020-11-02|32.35|32.665|32.215|32.515
2020-11-03|32.855|32.97|32.595|32.63
2020-11-04|34.01|35.305|33.935|34.985
2020-11-05|35.84|35.955|35.565|35.78
2020-11-06|35.96|36.015|35.005|35.18
2020-11-09|33.525|34.23|33.505|33.97
2020-11-10|33.75|33.9725|33.41|33.765
2020-11-11|33.915|34.06|33.67|33.85
2020-11-12|33.945|34.295|33.895|34.11
2020-11-13|34.04|34.145|33.965|34.04
2020-11-16|33.605|33.815|33.515|33.645
2020-11-17|34.095|34.125|33.3025|33.365
2020-11-18|33.615|33.685|33.255|33.26
2020-11-19|33.69|33.775|33.425|33.665
2020-11-20|33.785|34.075|33.715|33.795
2020-11-23|33.615|33.72|33.405|33.7
2020-11-24|33.02|33.175|32.875|32.96
2020-11-25|32.925|33.085|32.85|33.07
2020-11-27|33.27|33.825|33.255|33.77
2020-11-30|34.01|34.02|33.445|33.565
2020-12-01|33.41|33.85|33.375|33.755
2020-12-02|33.835|34.235|33.795|34.07
2020-12-03|33.88|33.885|33.51|33.605
2020-12-04|33.885|34.11|33.82|33.905
2020-12-07|34.345|34.415|34.03|34.105
2020-12-08|33.89|34.35|33.855|34.29
2020-12-09|35.225|35.23|34.87|35.125
2020-12-10|35.075|35.1325|34.49|34.64
2020-12-11|34.69|34.845|34.58|34.77
2020-12-14|34.85|34.985|34.35|34.36
2020-12-15|34.62|34.78|34.515|34.74
2020-12-16|36.13|36.22|35.89|35.92
2020-12-17|35.955|36.0475|35.77|35.865
2020-12-18|36.565|36.96|36.32|36.9
2020-12-21|36.02|36.04|35.7475|35.95
2020-12-22|35.58|35.625|35.195|35.31
2020-12-23|35.13|35.14|34.77|34.81
2020-12-24|34.89|34.94|34.665|34.715
2020-12-28|35.73|35.73|34.9705|35.125
2020-12-29|35.595|35.595|35.195|35.29
2020-12-30|35.53|35.59|34.9885|35.1
2020-12-31|34.92|35.045|34.6|34.925
2021-01-04|35.595|35.765|35.28|35.715
2021-01-05|35.41|35.455|34.87|35.385
2021-01-06|34.655|34.8945|34.395|34.465
2021-01-07|34.89|35.115|34.57|35.045
2021-01-08|35.07|35.17|34.87|35.13
2021-01-11|35.205|35.315|35.08|35.21
2021-01-12|34.89|34.99|34.37|34.665
2021-01-13|35.08|35.705|35.06|35.45
2021-01-14|35.38|35.655|35.34|35.515
2021-01-15|35.865|36.145|35.695|36.015
2021-01-19|36.685|36.685|36.27|36.51
2021-01-20|36.175|36.27|35.87|35.99
2021-01-21|36.34|36.365|35.995|36.26
2021-01-22|36.065|36.605|35.955|36.415
2021-01-25|36.34|36.6525|36.33|36.59
2021-01-26|36.665|36.815|36.525|36.635
2021-01-27|35.795|35.91|34.975|34.985
2021-01-28|35.385|35.95|35.285|35.3
2021-01-29|34.96|35.045|34.49|34.8
2021-02-01|35.395|35.435|35.135|35.205
2021-02-02|35.53|35.605|35.245|35.485
2021-02-03|36.48|36.66|36.145|36.205
2021-02-04|36.145|36.16|35.695|35.815
2021-02-05|35.615|35.715|35.385|35.7
2021-02-08|35.685|35.7|35.225|35.445
2021-02-09|35.825|35.885|35.44|35.635
2021-02-10|35.78|35.785|35.24|35.59
2021-02-11|36.83|37.0344|36.54|36.965
2021-02-12|36.95|37.9301|36.95|37.91
2021-02-16|37.53|37.725|37.23|37.53
2021-02-17|37.325|37.825|37.28|37.785
2021-02-18|37.475|37.625|37.195|37.545
2021-02-19|37.155|37.29|36.935|37.04
2021-02-22|36.6|36.685|36.3475|36.375
2021-02-23|35.83|35.935|35.595|35.84
2021-02-24|36|36.345|35.83|36.095
2021-02-25|36.38|36.5|36.095|36.17
2021-02-26|36.08|36.12|35.505|35.625
2021-03-01|36.265|36.575|36.195|36.415
2021-03-02|36.42|36.5|36.195|36.34
2021-03-03|35.85|35.91|35.485|35.73
2021-03-04|35|35.3425|34.285|34.61
2021-03-05|34.62|34.89|33.96|34.805
2021-03-08|34.52|34.895|34.3875|34.415
2021-03-09|35.28|35.64|35.265|35.36
2021-03-10|36.105|36.1675|35.785|35.865
2021-03-11|35.95|36.085|35.75|35.935
2021-03-12|35.495|35.525|35.265|35.505
2021-03-15|35.69|36.045|35.625|36.045
2021-03-16|36.045|36.39|36.045|36.325
2021-03-17|35.755|35.98|35.5475|35.89
2021-03-18|35.375|35.725|35.31|35.455
2021-03-19|35.425|35.53|35.145|35.175
2021-03-22|35.42|35.775|35.42|35.525
2021-03-23|34.69|34.86|33.88|33.995
2021-03-24|34.15|34.17|33.45|33.53
2021-03-25|33.75|33.84|33.405|33.725
2021-03-26|33.51|33.89|33.295|33.89
2021-03-29|33.97|34.39|33.935|34.215
2021-03-30|34.025|34.053|33.765|33.96
2021-03-31|34.3|34.305|33.66|33.71
2021-04-01|34.06|34.255|33.715|33.83
2021-04-05|33.8|34.17|33.775|34.165
2021-04-06|34.14|34.2571|33.9775|34.015
2021-04-07|34.22|34.25|33.76|33.945
2021-04-08|34.49|34.7|34.47|34.625
2021-04-09|35.015|35.1025|34.845|35.06
2021-04-12|34.745|34.865|34.645|34.73
2021-04-13|35.26|35.45|35.15|35.385
2021-04-14|35.61|35.63|35.12|35.275
2021-04-15|35.59|35.945|35.59|35.755
2021-04-16|36.095|36.205|35.955|36.085
2021-04-19|36.38|36.41|36.195|36.35
2021-04-20|36.455|36.6975|36.38|36.64
2021-04-21|36.785|37.19|36.68|37.115
2021-04-22|37.095|37.254|36.93|37.075
2021-04-23|37.025|37.075|36.825|37.03
2021-04-26|36.875|37.095|36.665|37.05
2021-04-27|36.83|36.885|36.6225|36.84
2021-04-28|36.805|37.105|36.76|37.06
2021-04-29|37.045|37.1575|36.86|37.12
2021-04-30|37.005|37.31|36.945|36.975
2021-05-03|37.54|37.735|37.45|37.67
2021-05-04|37.075|37.235|36.835|37.065
2021-05-05|37|37.23|36.825|37.035
2021-05-06|36.92|37.11|36.765|37.1
2021-05-07|37.52|37.89|37.52|37.83
2021-05-10|38.235|38.3329|38.025|38.14
2021-05-11|37.8|38.415|37.72|38.31
2021-05-12|38.59|39.09|38.555|39.02
2021-05-13|38.925|39.49|38.76|39.445
2021-05-14|39.5|39.735|39.5|39.55
2021-05-17|39.925|40.36|39.92|40.29
2021-05-18|40.005|40.14|39.81|39.82
2021-05-19|39.835|40.14|39.6675|40.025
2021-05-20|40.05|40.6011|40.01|40.415
2021-05-21|40.75|40.81|40.555|40.65
2021-05-24|40.81|41.115|40.795|40.85
2021-05-25|40.535|40.58|40.175|40.19
2021-05-26|40.225|40.29|40.0825|40.17
2021-05-27|39.535|39.81|39.36|39.41
2021-05-28|39.405|39.7703|39.355|39.45
2021-06-01|40.1|40.1|39.495|39.595
2021-06-02|39.425|39.595|39.37|39.425
2021-06-03|39.405|39.84|39.355|39.84
2021-06-04|40.075|40.6291|39.92|40.475
2021-06-07|40.715|40.955|40.56|40.6
2021-06-08|41.205|41.225|40.87|41.14
2021-06-09|41.555|41.79|41.55|41.745
2021-06-10|41.875|42.47|41.82|42.38
2021-06-11|42.13|42.245|41.93|42.225
2021-06-14|42.02|42.22|42.005|42.215
2021-06-15|42.295|42.365|42.025|42.285
2021-06-16|42.2|42.405|41.705|41.815
2021-06-17|41.075|41.45|41.055|41.385
2021-06-18|41.105|41.245|40.9725|41.14
2021-06-21|41.11|41.49|41.05|41.325
2021-06-22|41.165|41.275|41.02|41.08
2021-06-23|41.285|41.285|40.825|40.825
2021-06-24|41.145|41.445|41.0734|41.1
2021-06-25|41.18|41.44|41.055|41.4
2021-06-28|41.48|41.795|41.41|41.63
2021-06-29|41.93|42.025|41.7167|41.9
2021-06-30|41.935|42.295|41.785|41.885
2021-07-01|42.095|42.3|41.97|42.21
2021-07-02|41.955|42.405|41.93|42.405
2021-07-06|42.625|42.6375|42.275|42.525
2021-07-07|42.905|43.15|42.715|43.13
2021-07-08|43.395|43.56|43.055|43.55
2021-07-09|42.89|43.61|42.865|43.27
2021-07-12|43.405|43.58|43.225|43.3
2021-07-13|43.1775|43.475|43.165|43.33
2021-07-14|43.265|43.52|43.075|43.47
2021-07-15|43.885|43.9062|43.6025|43.805
2021-07-16|43.895|44.3925|43.79|44.33
2021-07-19|43.96|44.284|43.9269|44.165
2021-07-20|43.62|44|43.595|43.755
2021-07-21|44.15|44.47|43.925|44.405
2021-07-22|44.24|44.5|44.105|44.11
2021-07-23|44.81|45.43|44.645|45.375
2021-07-26|44.64|44.875|44.46|44.635
2021-07-27|44.71|44.825|44.435|44.825
2021-07-28|45.24|45.955|45.1528|45.745
2021-07-29|45.97|46.09|45.55|45.685
2021-07-30|46.335|46.435|46.145|46.3
2021-08-02|46.095|46.505|45.835|46.5
2021-08-03|46.405|46.67|46.3185|46.56
2021-08-04|46.795|49.26|46.7775|49.105
2021-08-05|50.655|51.605|50.54|51.55
2021-08-06|49.235|50.035|49.1755|49.74
2021-08-09|50.035|50.48|49.785|50.325
2021-08-10|50.045|50.395|49.78|50.055
2021-08-11|50.11|50.55|50.005|50.365
2021-08-12|50.415|51.05|50.25|50.885
2021-08-13|50.995|51.5175|50.97|51.38
2021-08-16|51.3|51.635|51.1351|51.63
2021-08-17|52.085|52.48|52|52.465
2021-08-18|52.485|52.865|52.005|52.005
2021-08-19|52.34|53.09|52.3|52.805
2021-08-20|53.01|53.62|52.94|53.31
2021-08-23|53.305|53.305|52.88|52.97
2021-08-24|52.16|52.575|51.765|51.81
2021-08-25|51.595|51.835|51.365|51.815
2021-08-26|51.915|52.195|51.78|51.785
2021-08-27|51.325|51.635|50.86|50.94
2021-08-30|50.71|51.455|50.67|51.19
2021-08-31|50.85|50.86|49.53|49.985
2021-09-01|49.965|50.4349|49.915|50.405
2021-09-02|50.695|50.875|50.445|50.84
2021-09-03|50.175|50.5975|49.94|50.445
2021-09-07|50.79|50.85|50.55|50.685
2021-09-08|50.31|50.63|50.18|50.35
2021-09-09|50.27|50.405|49.565|49.645
2021-09-10|49.9|50.145|49.625|49.775
2021-09-13|50.445|50.515|49.625|49.835
2021-09-14|50.01|50.55|49.94|50.015
2021-09-15|50.675|50.699|50.3|50.635
2021-09-16|50.985|51.3|50.825|51.19
2021-09-17|50.8|51.1453|50.47|50.705
2021-09-20|49.32|50.255|49.285|49.83
2021-09-21|50.44|51.215|50.44|50.885
2021-09-22|50.47|50.845|50.2525|50.435
2021-09-23|51.11|51.265|50.935|51.05
2021-09-24|50.325|50.795|50.195|50.35
2021-09-27|49.915|49.945|49.425|49.54
2021-09-28|48.31|48.31|47.415|47.69
2021-09-29|48.205|48.48|47.765|48.05
2021-09-30|48.375|48.59|47.985|48.005
2021-10-01|47.825|48.045|47.445|47.94
2021-10-04|48.77|48.9|48.105|48.47
2021-10-05|49.1|49.155|48.7|48.715
2021-10-06|48.515|48.53|47.8201|48.275
2021-10-07|48.815|49.5|48.78|49.19
2021-10-08|49.455|49.565|49.055|49.19
2021-10-11|49.155|49.345|49.05|49.2
2021-10-12|49.18|49.26|48.565|48.82
2021-10-13|49.645|50.43|49.645|50.3
2021-10-14|50.485|50.57|50.175|50.22
2021-10-15|50.61|51.37|50.53|51.17
2021-10-18|51.7|52.07|51.57|51.715
2021-10-19|51.675|52.5325|51.675|52.325
2021-10-20|52.325|52.67|51.895|52.275
2021-10-21|52.115|52.29|51.91|52.205
2021-10-22|52.715|53.045|52.695|53.005
2021-10-25|53.19|53.2227|52.885|53.085
2021-10-26|52.725|53.855|52.725|53.675
2021-10-27|53.375|53.5375|52.7514|52.84
2021-10-28|53.27|54.165|53.27|53.825
2021-10-29|54.695|55.17|54.42|55.065
2021-11-01|54.79|54.955|54.5044|54.72
2021-11-02|55.08|55.615|54.92|55.025
2021-11-03|55.91|57.975|55.865|57.78
2021-11-04|57.815|57.965|57.28|57.925
2021-11-05|56.155|56.715|56.02|56.71
2021-11-08|57.6|57.785|56.97|57.35
2021-11-09|57.295|57.35|56.9225|57.06
2021-11-10|56.815|56.995|56.19|56.355
2021-11-11|56.865|56.935|56.4|56.705
2021-11-12|56.52|56.7|56.015|56.55
2021-11-15|56.67|57.03|56.65|56.745
2021-11-16|56.85|57.325|56.75|56.995
2021-11-17|57.3|57.545|57.125|57.205
2021-11-18|57.63|57.845|57.21|57.515
2021-11-19|57.31|57.48|56.875|56.935
2021-11-22|56.435|56.475|55.595|55.615
2021-11-23|54.265|54.895|54.135|54.71
2021-11-24|54.325|54.53|53.945|54.52
2021-11-26|54.34|54.525|54|54.085
2021-11-29|53.72|54.49|53.535|54.145
2021-11-30|54.245|54.545|53.1|53.415
2021-12-01|53.605|54.375|53.51|53.64
2021-12-02|53.265|53.605|53.11|53.32
2021-12-03|54.635|54.7151|53.03|53.54
2021-12-06|54.07|54.245|53.435|53.875
2021-12-07|54.44|55.1|54.4355|55.08
2021-12-08|56.28|56.73|55.545|56.705
2021-12-09|56.92|57.1|56.675|56.77
2021-12-10|56.72|57.275|56.72|57.175
2021-12-13|57.635|58.065|57.5|57.85
2021-12-14|56.655|56.7|56.1156|56.41
2021-12-15|56.56|58.24|56.545|58.23
2021-12-16|58.16|58.675|58|58.54
2021-12-17|57.855|58.26|53.2843|53.725
2021-12-20|52.065|52.3325|51.045|51.765
2021-12-21|52.385|53.235|51.995|53.105
2021-12-22|54.33|55.085|54.235|54.95
2021-12-23|54.325|55.205|54.1775|54.215
2021-12-27|55.385|56.09|55.17|55.815
2021-12-28|56.005|56.04|55.175|55.39
2021-12-29|54.95|55.6|54.68|55.58
2021-12-30|55.8|56.2575|55.685|55.725
2021-12-31|55.93|56.455|55.84|56
2022-01-03|54.825|54.86|53.86|54.395
2022-01-04|51.935|53.155|51.766|53.07
2022-01-05|52.3925|52.64|51.27|51.27
2022-01-06|50.36|51.98|50.135|51.43
2022-01-07|50.275|50.975|50.27|50.745
2022-01-10|50.065|50.96|49.82|50.895
2022-01-11|50.35|50.655|49.83|50.61
2022-01-12|50.065|50.55|50.03|50.375
2022-01-13|50.39|50.44|49.5889|49.78
2022-01-14|48.525|49.05|47.6815|48.16
2022-01-18|47.835|48.45|47.73|48.195
2022-01-19|48.85|49.3|48.4872|48.645
2022-01-20|47.99|48.699|47.695|47.73
2022-01-21|47.98|48.445|47.5625|47.68
2022-01-24|46.4|47.83|45.755|47.72
2022-01-25|47.095|47.935|46.995|47.58
2022-01-26|47.265|47.525|46.345|46.55
2022-01-27|47.7325|48.345|47.5|47.72
2022-01-28|47.95|48.46|47.54|48.38
2022-01-31|49.115|50.035|49.035|49.935
2022-02-01|50.68|51.39|50.33|51.3
2022-02-02|53.16|53.585|52.755|53.295
2022-02-03|52.04|52.65|51.95|52.315
2022-02-04|50.82|51.075|49.59|49.835
2022-02-07|50.385|51.385|50.25|50.88
2022-02-08|50.635|50.855|50.315|50.775
2022-02-09|52.15|53.03|52.12|52.96
2022-02-10|52.3|53.19|51.885|52.03
2022-02-11|50.87|50.96|49.095|49.455
2022-02-14|48.79|49.33|48.64|49.07
2022-02-15|50.335|51.09|50.335|50.68
2022-02-16|50.785|51.675|50.78|51.585
2022-02-17|51.69|51.755|51.1718|51.225
2022-02-18|50.94|51.055|50.105|50.405
2022-02-22|49.905|50.575|49.11|49.62
2022-02-23|49.575|49.67|48.755|48.84
2022-02-24|47.79|49.535|47.375|49.475
2022-02-25|50.4|51.6125|50.33|51.375
2022-02-28|51.155|51.61|50.83|51.475
2022-03-01|51.975|52.52|51.605|51.8
2022-03-02|51.34|52.495|51|52.335
2022-03-03|53.13|53.665|51.81|52.135
2022-03-04|50.885|52.08|50.885|52.055
2022-03-07|51.365|51.59|50.32|50.425
2022-03-08|51.015|52.835|50.24|51.155
2022-03-09|51.41|52.81|51.177|52.53
2022-03-10|51.73|52.495|51.555|52.23
2022-03-11|50.735|51.525|50.285|50.63
2022-03-14|51.04|51.75|50.84|50.87
2022-03-15|51.48|51.6|50.71|51.225
2022-03-16|52.75|53.42|52.04|53.12
2022-03-17|53.95|54.97|53.91|54.925
2022-03-18|54.37|55.735|54.285|55.735
2022-03-21|55.05|55.725|54.69|55.095
2022-03-22|54.93|55.18|54.42|54.805
2022-03-23|54.805|55.245|54.55|54.685
2022-03-24|53.99|54.52|53.7459|54.49
2022-03-25|53.81|53.885|52.9175|53.255
2022-03-28|53.33|53.985|53.285|53.955
2022-03-29|55.5|55.76|54.835|55.1
2022-03-30|55.85|56.86|55.795|56.27
2022-03-31|56.435|56.555|55.525|55.525
2022-04-01|55.78|56.58|55.69|56.455
2022-04-04|56.41|57.01|56.125|56.905
2022-04-05|57.23|57.815|57.2|57.405
2022-04-06|57.555|58.6253|57.44|58.565
2022-04-07|59.34|61.08|59.34|60.905
2022-04-08|60|60.73|59.955|60.28
2022-04-11|60.34|60.98|59.9729|60.475
2022-04-12|58.415|59.125|57.895|58.7
2022-04-13|59.09|59.555|58.5475|59.44
2022-04-14|59.535|59.81|59.01|59.1
2022-04-18|58.61|59.2912|57.944|58.185
2022-04-19|57.015|57.62|56.7102|57.205
2022-04-20|57.59|58.245|57.42|57.77
2022-04-21|57.23|57.305|55.16|55.375
2022-04-22|56.535|56.535|55.165|55.35
2022-04-25|55.535|56.87|55.505|56.86
2022-04-26|55.815|56.125|54.84|54.89
2022-04-27|55.485|56.3018|55.235|55.78
2022-04-28|53.99|55.4425|53.96|55.095
2022-04-29|57.24|58.065|56.84|57
2022-05-02|56.865|57.165|56.01|56.92
2022-05-03|56.61|57.155|56.195|56.59
2022-05-04|56.175|57.1|55.47|56.955
2022-05-05|56.42|56.945|56.025|56.395
2022-05-06|55.365|56.265|55.08|55.675
2022-05-09|54.055|54.385|52.97|53.125
2022-05-10|53.725|54.5725|53.115|53.72
2022-05-11|52.35|53.565|51.875|51.905
2022-05-12|52.2475|52.705|51.54|52.175
2022-05-13|53|53.45|52.38|53.02
2022-05-16|51.61|52.135|51.08|51.62
2022-05-17|53.465|53.476|52.74|53.17
2022-05-18|52.315|52.54|51.56|51.75
2022-05-19|51.6|52.52|51.53|52.025
2022-05-20|53.265|54.11|53.175|53.875
2022-05-23|53.985|54.215|53.635|53.92
2022-05-24|54.245|54.4894|53.645|53.99
2022-05-25|53.21|53.415|52.42|52.625
2022-05-26|52.995|53.405|52.61|53.3
2022-05-27|52.85|53.915|52.8|53.87
2022-05-31|55.75|55.805|54.86|55.2
2022-06-01|55.395|55.5175|54.995|55.165
2022-06-02|55.75|56.38|55.225|56.325
2022-06-03|56.115|56.47|55.8412|56.205
2022-06-06|56.335|56.415|55.805|56.075
2022-06-07|57.11|57.975|57.095|57.935
2022-06-08|57.72|58.39|57.65|57.98
2022-06-09|57.46|57.625|56.4|56.405
2022-06-10|55.505|56.19|55.16|55.745
2022-06-13|54.44|54.595|53.6836|53.79
2022-06-14|53.405|53.46|52.65|53.065
2022-06-15|52.975|53.61|52.2975|53.165
2022-06-16|52.12|53.085|52.12|52.845
2022-06-17|52.885|53.315|52.4425|52.79
2022-06-21|54.035|54.33|53.845|53.945
2022-06-22|53.685|54.375|53.63|53.67
2022-06-23|53.515|54.23|53.515|54.215
2022-06-24|55.905|56.1|55.2904|56.06
2022-06-27|56.34|56.885|56.04|56.445
2022-06-28|54.625|54.985|54.115|54.15
2022-06-29|54.51|55.605|54.435|55.04
2022-06-30|54.785|55.805|54.485|55.715
2022-07-01|54.865|55.925|54.355|55.82
2022-07-05|54.18|55.62|54.18|55.62
2022-07-06|54.63|55.54|54.575|55.245
2022-07-07|54.845|55.175|54.745|54.97
2022-07-08|53.865|54.78|53.735|54.515
2022-07-11|54.525|55.2|54.385|54.77
2022-07-12|54.83|54.9|54.22|54.415
2022-07-13|53.815|55.35|53.815|55.06
2022-07-14|53.98|54.895|53.8154|54.725
2022-07-15|56.435|57.14|56.18|57.115
2022-07-18|57.225|57.86|56.445|56.49
2022-07-19|57.495|57.92|57.135|57.91
2022-07-20|57.17|57.2875|56.43|56.795
2022-07-21|56.89|57.78|56.785|57.68
2022-07-22|57.34|57.81|57.075|57.28
2022-07-25|57.78|58.17|57.365|57.965
2022-07-26|57.98|58.6223|57.925|58.41
2022-07-27|57.415|58.605|57.3506|58.465
2022-07-28|57.375|58.41|56.61|58.195
2022-07-29|58.575|58.62|57.885|58.03
2022-08-01|58.47|58.71|57.935|58.045
2022-08-02|58.32|58.62|57.23|57.23
2022-08-03|56.945|57.03|49.685|49.955
2022-08-04|52.915|53.455|51.515|52.235
2022-08-05|52.07|52.13|51.06|51.6
2022-08-08|51.32|51.8525|51|51.21
2022-08-09|52.41|52.95|52.005|52.3
2022-08-10|53.54|54.455|53.07|53.755
2022-08-11|54.785|55.21|53.965|54.395
2022-08-12|53.72|53.905|52.89|53.75
2022-08-15|53.35|53.57|52.93|53.185
2022-08-16|52.95|53.115|52.375|52.66
2022-08-17|52.825|53.185|52.38|52.405
2022-08-18|52.075|52.11|51.04|51.38
2022-08-19|52.2|52.6249|51.855|52.275
2022-08-22|54.25|54.515|53.32|53.775
2022-08-23|53.31|53.525|52.955|53.285
2022-08-24|53.825|55.185|53.76|55.01
2022-08-25|54.91|55.705|54.75|55.7
2022-08-26|55.695|55.9037|54.29|54.345
2022-08-29|54.01|54.185|53.635|53.72
2022-08-30|53.63|53.755|52.875|53.02
2022-08-31|53.53|53.705|53.0338|53.05
2022-09-01|52.52|52.735|51.62|52.265
2022-09-02|51.87|52.37|50.8|51.12
2022-09-06|51.6|52.195|51.2504|51.795
2022-09-07|51.555|52.5138|51.41|52.415
2022-09-08|52.04|52.88|51.93|52.845
2022-09-09|53.82|54.475|53.61|54.265
2022-09-12|54.515|55.14|54.51|54.665
2022-09-13|54.045|54.15|52.9275|53.02
2022-09-14|52.865|53.2425|52.025|52.52
2022-09-15|52.06|52.295|51.43|51.605
2022-09-16|50.695|50.975|50|50.71
2022-09-19|50.165|50.65|49.82|50.62
2022-09-20|49.4|49.86|49.32|49.73
2022-09-21|50.46|50.585|49.55|49.61
2022-09-22|49.39|49.58|48.935|49.155
2022-09-23|48.895|49.29|48.64|48.965
2022-09-26|47.755|48.355|47.51|47.64
2022-09-27|48.195|48.5|47.625|47.95
2022-09-28|48.655|49.8|48.585|49.68
2022-09-29|50.2|50.4575|49.805|50.195
2022-09-30|50.1|50.36|49.785|49.815
2022-10-03|50.8|51.457|50.62|51.275
2022-10-04|52.08|52.815|51.955|52.69
2022-10-05|52.59|53.215|52.405|53.015
2022-10-06|52.4|53.06|52.39|52.91
2022-10-07|52.53|52.6975|51.66|52.03
2022-10-10|52.035|52.08|51.605|51.925
2022-10-11|51.795|52.8075|51.475|52.195
2022-10-12|52.32|52.6|51.93|51.99
2022-10-13|50.765|52.665|50.73|52.415
2022-10-14|52.43|52.615|51.82|51.9
2022-10-17|52.51|53.17|52.4825|53
2022-10-18|53.63|53.63|53.075|53.35
2022-10-19|53.145|53.165|52.11|52.305
2022-10-20|52.12|52.785|51.86|52.03
2022-10-21|50.765|52.3995|50.445|52.11
2022-10-24|52.735|53.695|52.6|53.27
2022-10-25|53.93|54.12|53.52|54.085
2022-10-26|54.005|54.64|53.795|53.905
2022-10-27|53.855|54.16|53.305|53.305
2022-10-28|54.0725|54.54|53.865|54.48
2022-10-31|54.025|54.595|54.02|54.42
2022-11-01|54.215|54.56|52.97|53.215
2022-11-02|55.79|58.1222|55.69|56.615
2022-11-03|55.815|57.405|55.7147|56.935
2022-11-04|56.79|56.855|55.415|56.205
2022-11-07|56.715|57.75|56.549|57.525
2022-11-08|57.235|57.9|57.03|57.425
2022-11-09|57.275|57.79|56.83|57.085
2022-11-10|58.25|58.35|57.125|57.77
2022-11-11|56.375|56.395|54.85|55.735
2022-11-14|57.48|57.8|56.86|57.215
2022-11-15|56.875|57.0875|55.95|56.82
2022-11-16|56.65|57.095|56.28|56.685
2022-11-17|56.015|56.555|55.9775|56.455
2022-11-18|56.075|56.935|56.07|56.72
2022-11-21|56.61|57.045|56.465|56.705
2022-11-22|56.87|57.745|56.87|57.69
2022-11-23|58.64|58.94|58.305|58.915
2022-11-25|59.19|59.545|59.095|59.395
2022-11-28|60|60.9375|59.77|60.615
2022-11-29|60.595|61.255|60.57|60.675
2022-11-30|61.95|62.3|61.16|62.3
2022-12-01|63.08|63.2061|62.58|63.065
2022-12-02|62.715|63.54|62.685|63.45
2022-12-05|63.59|63.895|63.31|63.54
2022-12-06|63|63.29|62.435|62.895
2022-12-07|62.92|63.29|62.41|62.62
2022-12-08|63.25|63.965|63.15|63.895
2022-12-09|65.155|65.425|64.445|64.455
2022-12-12|64.77|64.97|64.455|64.905
2022-12-13|66.09|66.73|65.99|66.42
2022-12-14|66.835|67.595|66.405|67.36
2022-12-15|67.23|67.24|66.275|66.84
2022-12-16|66.11|66.83|65.95|66.59
2022-12-19|65.375|65.5283|64.895|65.305
2022-12-20|65.94|66.29|65.6|66.095
2022-12-21|65.995|66.495|65.765|66.245
2022-12-22|66.29|66.815|66.1|66.81
2022-12-23|66.78|67|66.46|67
2022-12-27|66.945|66.995|66.45|66.625
2022-12-28|66.475|67.06|66.39|66.775
2022-12-29|67.17|67.695|67.035|67.6
2022-12-30|67.635|67.93|67.05|67.67
2023-01-03|68.635|69.21|68.065|68.48
2023-01-04|69.33|69.335|68.0275|68.385
2023-01-05|67.775|68.575|67.69|68.125
2023-01-06|68.505|69.525|68.255|69.32
2023-01-09|69.37|69.525|68.475|68.615
2023-01-10|66.975|67.4895|66.52|66.83
2023-01-11|65.495|66.31|65.36|66.29
2023-01-12|65.67|66.835|65.05|66.81
2023-01-13|67.82|68.4218|67.715|68.16
2023-01-17|69.815|69.995|69.0625|69.49
2023-01-18|69.885|70.475|69.845|69.88
2023-01-19|69.97|70.425|69.445|70.33
2023-01-20|70.165|70.555|69.8775|70.55
2023-01-23|70.64|70.75|70.28|70.54
2023-01-24|72.39|72.39|69.56|69.95
2023-01-25|68.57|69.765|68.545|69.445
2023-01-26|69.29|69.41|68.1375|68.77
2023-01-27|68.975|69.405|68.785|69.045
2023-01-30|70.35|70.385|69.415|69.53
2023-01-31|68.845|69.455|68.195|69.39
2023-02-01|69.9|70.085|68.585|69.54
2023-02-02|67.465|67.525|65.585|66.17
2023-02-03|67.875|68.715|67.63|68.395
2023-02-06|68.81|69.415|68.48|69.035
2023-02-07|69.165|69.865|69.07|69.795
2023-02-08|70.385|70.45|69.395|69.79
2023-02-09|69.8|70.08|69.45|69.765
2023-02-10|69.44|69.995|69.18|69.77
2023-02-13|70.34|71.7365|70.31|71.495
2023-02-14|71.4|71.79|71.125|71.475
2023-02-15|70.525|70.985|70.3475|70.48
2023-02-16|69.845|70.055|69.23|69.345
2023-02-17|70.035|71.075|69.88|70.815
2023-02-21|71.205|71.75|70.89|71.305
2023-02-22|71.29|71.6|71.05|71.125
2023-02-23|71.57|71.91|70.905|71.445
2023-02-24|70.73|70.885|70.31|70.8
2023-02-27|71.625|71.955|71.4|71.68
2023-02-28|71.485|71.485|70.325|70.495
2023-03-01|71.305|71.92|71.105|71.43
2023-03-02|71.05|71.9568|70.895|71.8
2023-03-03|71.72|72.535|71.635|72.45
2023-03-06|72.815|72.97|71.9525|72.38
2023-03-07|72.67|72.8|71.865|71.96
2023-03-08|70.535|70.8838|70.02|70.73
2023-03-09|71.265|71.85|70.88|71.015
2023-03-10|71.525|72.065|70.495|70.645
2023-03-13|70.63|71.645|70.21|70.27
2023-03-14|71.075|71.5375|70.53|71.475
2023-03-15|70.175|70.83|69.88|70.49
2023-03-16|69.5|69.52|67.66|69.445
2023-03-17|69.87|70.14|69.55|69.72
2023-03-20|71.07|71.885|70.895|71.795
2023-03-21|72.58|73.7125|72.39|73.645
2023-03-22|73.642|74.16|73.315|73.345
2023-03-23|74.855|75.75|74.575|74.79
2023-03-24|74.985|76.82|74.58|76.375
2023-03-27|76.77|77.72|76.55|77.35
2023-03-28|77.83|77.93|77.265|77.66
2023-03-29|78.12|78.595|77.97|78.29
2023-03-30|78.615|79.055|78.53|79.045
2023-03-31|79.28|79.87|79.025|79.57
2023-04-03|79.175|79.825|78.825|79.8
2023-04-04|79.455|80.05|78.925|79.29
2023-04-05|79.325|79.53|78.15|78.95
2023-04-06|79.7|80.4534|79.6|79.68
2023-04-10|79.8|79.8308|78.9025|79.455
2023-04-11|78.825|79.5|78.475|79.185
2023-04-12|80.63|82.465|80.5525|81.76
2023-04-13|83.245|83.825|82.215|83.82
2023-04-14|84.355|84.9414|83.895|84.3
2023-04-17|85.525|85.85|85.035|85.535
2023-04-18|84.97|85.575|84.66|84.89
2023-04-19|81.91|82.955|81.865|82.515
2023-04-20|82.79|83.09|82.1925|82.685
2023-04-21|84.37|86.485|84.335|86.325
2023-04-24|85.445|85.71|84.865|85.24
2023-04-25|85.27|85.435|84.1|84.29
2023-04-26|82.83|82.885|81.735|82.495
2023-04-27|82.815|83.12|82.225|83.01
2023-04-28|83.195|84.045|82.7825|83.545
2023-05-01|83.355|83.745|82.895|83.71
2023-05-02|82.93|83.68|82.88|83.6
2023-05-03|83.38|84.3796|82.865|83.885
2023-05-04|80.77|81.115|79.255|80.215
2023-05-05|81.105|81.875|80.435|81.62
2023-05-08|84.575|84.875|83.87|84.22
2023-05-09|82.955|84.695|82.955|84.265
2023-05-10|83.585|84.8825|83.485|84.705
2023-05-11|84.865|85.075|84.1275|84.495
2023-05-12|85.125|86.165|85.125|85.635
2023-05-15|85.035|85.2352|84.42|84.715
2023-05-16|83.46|84.3477|83.2775|83.83
2023-05-17|84.24|84.26|83.275|83.55
2023-05-18|83.915|84.345|83.5734|84.275
2023-05-19|84.995|85.825|84.66|85.27
2023-05-22|85.24|85.975|83.76|85.26
2023-05-23|84.073|84.125|81.055|81.74
2023-05-24|81.255|81.46|80.735|80.89
2023-05-25|81.22|81.375|80.475|81.22
2023-05-26|81.82|82.34|81.375|81.485
2023-05-30|80.9|80.915|79.7125|79.905
2023-05-31|79.96|80.555|79.63|80.23
2023-06-01|78.83|79.55|78.565|78.99
2023-06-02|77.54|78.8|77.175|78.57
2023-06-05|79.275|79.345|78.6|78.925
2023-06-06|80.82|81.0195|80.05|80.38
2023-06-07|79.545|79.71|78.33|78.765
2023-06-08|79.055|79.93|78.83|79.725
2023-06-09|78.77|79.12|78.49|79.025
2023-06-12|80.09|80.27|77.835|79.375
2023-06-13|79.57|80.02|78.65|78.815
2023-06-14|79.265|79.855|79.12|79.535
2023-06-15|80.245|81.4275|80.03|81.265
2023-06-16|81.27|81.35|80.61|80.645
2023-06-20|79.835|81.35|79.715|80.835
2023-06-21|80.72|81.12|79.91|80.27
2023-06-22|79.905|80.62|79.8737|80.01
2023-06-23|79.24|79.9|79.09|79.535
2023-06-26|79.735|79.965|78.49|78.61
2023-06-27|77.775|78.2|77.226|77.99
2023-06-28|79.14|79.14|77.82|78.395
2023-06-29|77.46|78.55|77.31|78.515
2023-06-30|80.265|81.04|80.255|80.915
2023-07-03|80.065|80.065|79.095|79.715
2023-07-05|79.63|80.22|79.525|80
2023-07-06|79.08|79.42|78.471|79.16
2023-07-07|79.095|79.275|78.4625|78.49
2023-07-10|78.185|78.7|78.065|78.535
2023-07-11|76.85|77.08|75.56|76.125
2023-07-12|76.085|77.715|75.9642|77.375
2023-07-13|78.69|78.7|78.005|78.44
2023-07-14|80.05|80.415|79.1|80.07
2023-07-17|80.8|80.925|80.28|80.475
2023-07-18|80.09|80.41|79.715|80.125
2023-07-19|80.19|80.4843|79.77|80.115
2023-07-20|81.835|83.27|81.835|82.24
2023-07-21|82.11|83.075|82.065|82.83
2023-07-24|81.885|81.9675|81.03|81.035
2023-07-25|80.29|81.49|80.24|81.155
2023-07-26|79.555|79.57|78.375|79.14
2023-07-27|79.28|79.375|78.315|78.33
2023-07-28|78.32|79.05|77.955|78.91
2023-07-31|80.385|80.855|79.94|80.55
2023-08-01|80.685|81.033|80.385|80.865
2023-08-02|79.79|80.235|79.0695|79.17
2023-08-03|78.63|79.3025|78.3|78.765
2023-08-04|78.52|79.065|78.195|78.3
2023-08-07|80.095|80.945|79.65|80.68
2023-08-08|93.06|96.0905|91.79|94.585
2023-08-09|92.575|95.225|92.45|93.795
2023-08-10|92.44|93.355|90.88|91.045
2023-08-11|91.235|91.825|90.095|90.8
2023-08-14|90.635|91.33|89.605|89.72
2023-08-15|92.245|92.92|90.86|92.555
2023-08-16|92.275|93.525|92.165|92.325
2023-08-17|92.89|93.62|92.115|92.36
2023-08-18|91.365|91.87|90.725|91.565
2023-08-21|92.675|93.185|92.035|92.935
2023-08-22|92.22|92.8848|91.93|92.505
2023-08-23|93.67|95.595|93.665|95.02
2023-08-24|93.875|94.505|92.65|92.675
2023-08-25|92.36|93.5525|92.18|93.215
2023-08-28|93.045|94.245|92.9|93.745
2023-08-29|93.695|95.4375|93.695|95.185
2023-08-30|94.5|94.8424|93.955|94.035
2023-08-31|93.54|93.5663|92.42|92.81
2023-09-01|93.955|95.365|93.67|94.655
2023-09-05|96.07|96.225|95.01|95.055
2023-09-06|95.64|95.9095|94.875|95.625
2023-09-07|96.07|98.77|96.07|97.69
2023-09-08|97.2|98.055|96.855|97.7
2023-09-11|97.685|100.88|97.5|99.77
2023-09-12|98.14|98.8325|97.02|98.375
2023-09-13|96.205|97.385|95.956|96.315
2023-09-14|97.205|97.865|96.325|96.435
2023-09-15|96.75|96.84|95.015|95.215
2023-09-18|92.71|94.3295|92.025|93.305
2023-09-19|92.785|93.81|92.585|93.525
2023-09-20|94.7|96.42|93.54|94.73
2023-09-21|92.91|93.48|90.4975|91.29
2023-09-22|91.8|92.635|91.13|91.3
2023-09-25|90.9|91.2|90.4|91.13
2023-09-26|92.78|92.97|91.54|91.79
2023-09-27|91.32|91.89|90.61|91.7
2023-09-28|91.98|92.9|91.31|91.52
2023-09-29|92.5|92.57|90.62|90.94
2023-10-02|90.17|92.9899|88.84|91.8
2023-10-03|89.6|89.8|86.96|87.78
2023-10-04|89.43|89.96|88.48|89.04
2023-10-05|88.97|90.25|87.02|89.99
2023-10-06|90.55|92.55|90.475|92.12
2023-10-09|91.13|92.18|90.5|92.06
2023-10-10|92.14|93.44|91.9|93.01
2023-10-11|96.5|99.22|95.02|98.84
2023-10-12|99.52|102.065|99.0711|100.18
2023-10-13|101.59|104|100.54|102.14
2023-10-16|101.28|101.47|99.93|101.15
2023-10-17|101.19|101.83|100.28|101.16
2023-10-18|100.8|101.22|100.12|100.57
2023-10-19|98.77|98.96|96.26|97.66
2023-10-20|97.5|98.23|96.06|96.29
2023-10-23|97.08|97.92|96.33|97.12
2023-10-24|96.35|97.71|96.24|97.52
2023-10-25|98.27|98.5794|96.5|97.43
2023-10-26|96|96.21|94.58|95.2
2023-10-27|93.77|94.5|92.94|93.5
2023-10-30|96.72|97.4083|95.9245|96.4
2023-10-31|96.7|96.79|95.65|96.57
2023-11-01|97.41|98.12|97|97.68
2023-11-02|101.28|102.25|100.3|100.93
2023-11-03|98.68|98.8399|96.79|98.17
2023-11-06|99.83|101.5|99.4|101.08
2023-11-07|100.76|102|100.555|101.69
2023-11-08|101.98|103.25|99.43|101.76
2023-11-09|100.87|101.65|99.75|100.03
2023-11-10|100.2|101.41|98.52|101.19
2023-11-13|99.45|101.97|97.77|100.78
2023-11-14|99.7|99.79|98.51|99.2
2023-11-15|98.3|98.805|96|96.43
2023-11-16|98.96|99.625|98.11|99.53
2023-11-17|101.25|101.71|100.545|101.39
2023-11-20|101.5|103.74|101.49|103.59
2023-11-21|103.36|103.62|101.86|102.78
2023-11-22|103.06|103.71|102.14|103.26
2023-11-24|104.23|105.69|104.1468|105.45
2023-11-27|104.88|105.44|103.69|103.87
2023-11-28|101.87|102.25|101.03|101.43
2023-11-29|101.55|102.31|100.86|102
2023-11-30|101.49|101.99|101.01|101.84
2023-12-01|101.1|101.76|100.31|100.4
2023-12-04|100.57|101.145|99.58|100.92
2023-12-05|99.37|99.88|98.91|99.63
2023-12-06|99.25|99.26|97.59|97.59
2023-12-07|97.28|97.3|95.7376|96.81
2023-12-08|96.4|97.05|96.215|96.64
2023-12-11|96.43|97.09|94.7313|96.65
2023-12-12|95.05|96.33|94.96|96.21
2023-12-13|96.93|98.93|96.84|98.9
2023-12-14|98.52|98.73|96.96|98
2023-12-15|97.53|97.53|96.53|97.1
2023-12-18|99.52|99.8|98.52|98.98
2023-12-19|99.88|100.6|99.54|99.99
2023-12-20|101.2|102.869|101.05|101.31
2023-12-21|102.86|103.48|102.57|103.48
2023-12-22|103.16|103.56|102.58|102.71
2023-12-26|102.56|103.13|102.41|102.68
2023-12-27|102.66|103.81|102.35|103.68
2023-12-28|104.55|104.99|103.47|103.47
2023-12-29|103.55|103.68|102.73|103.45
2024-01-02|101.71|102.63|101.71|102.11
2024-01-03|102.05|103.84|102.03|103.62
2024-01-04|105.11|108.98|105.03|107.63
2024-01-05|106.56|107.19|105.7221|105.98
2024-01-08|106.18|106.54|105.27|106.4