2018-08-01|46.45|46.49|46.17|46.39
2018-08-02|46.48|46.63|46.18|46.18
2018-08-03|46.23|46.76|46.14|46.62
2018-08-06|46.6|46.87|46.55|46.65
2018-08-07|46.52|46.61|46.13|46.5
2018-08-08|46.49|46.56|46.1226|46.15
2018-08-09|46.25|46.42|46.075|46.35
2018-08-10|46.21|46.42|45.965|46.08
2018-08-13|46.05|46.13|45.7|45.83
2018-08-14|45.91|46.1|45.8732|45.89
2018-08-15|45.77|46.145|45.65|46.08
2018-08-16|46.11|46.38|45.97|46.22
2018-08-17|46.29|46.73|46.24|46.6
2018-08-20|46.68|46.865|46.59|46.73
2018-08-21|46.73|46.75|46.21|46.22
2018-08-22|46.34|46.38|45.92|45.93
2018-08-23|45.89|46.08|45.69|45.7
2018-08-24|45.65|45.8|45.58|45.63
2018-08-27|46.05|46.05|45.564|45.69
2018-08-28|45.65|45.73|45.28|45.37
2018-08-29|45.25|45.415|45.22|45.33
2018-08-30|45.28|45.32|44.885|44.95
2018-08-31|45|45.07|44.39|44.57
2018-09-04|44.6|44.9|44.51|44.76
2018-09-05|44.66|45.42|44.66|45.38
2018-09-06|45.4|46|45.3|45.77
2018-09-07|45.6|45.82|45.28|45.72
2018-09-10|45.91|46.31|45.795|46.06
2018-09-11|46.1|46.15|45.88|46.02
2018-09-12|46.16|46.3|46.02|46.24
2018-09-13|46.01|46.12|45.71|45.83
2018-09-14|45.92|46.0264|45.61|45.99
2018-09-17|46|46.33|45.91|46.32
2018-09-18|46.39|46.53|45.93|45.93
2018-09-19|46|46.105|45.865|45.96
2018-09-20|46.22|46.68|46.15|46.64
2018-09-21|46.64|46.69|46.375|46.58
2018-09-24|46.49|46.53|45.84|46.07
2018-09-25|46.06|46.1754|45.61|45.68
2018-09-26|45.77|46.07|45.565|45.85
2018-09-27|45.73|46.18|45.68|46.01
2018-09-28|46|46.19|45.97|46.19
2018-10-01|46.17|46.35|46.05|46.23
2018-10-02|46.28|46.555|46.06|46.51
2018-10-03|46.46|46.55|45.8|45.87
2018-10-04|45.66|45.895|45.425|45.85
2018-10-05|45.94|46.16|45.69|45.88
2018-10-08|45.99|46.58|45.97|46.48
2018-10-09|46.38|46.55|46.22|46.39
2018-10-10|46.3|46.7|45.67|45.68
2018-10-11|45.8|45.97|44.5|44.64
2018-10-12|44.48|44.8799|44.25|44.68
2018-10-15|44.64|45.265|44.59|44.91
2018-10-16|45.02|45.595|44.8626|45.49
2018-10-17|45.41|45.99|45.36|45.86
2018-10-18|45.9|46.08|45.455|45.61
2018-10-19|45.83|46.49|45.83|46.33
2018-10-22|46.37|46.455|45.81|45.97
2018-10-23|45.62|46.455|45.45|46.36
2018-10-24|46.33|47.39|46.24|46.73
2018-10-25|46.65|46.74|46.12|46.51
2018-10-26|46.37|46.48|45.43|45.92
2018-10-29|46.15|46.555|46.05|46.46
2018-10-30|46.62|47.74|46.0384|47.63
2018-10-31|47.5|48.08|47.22|47.88
2018-11-01|47.81|48.15|47.295|47.74
2018-11-02|47.82|48|47.435|48
2018-11-05|48|48.775|47.92|48.69
2018-11-06|48.65|49.13|48.6|49.11
2018-11-07|49.39|49.55|49.0301|49.37
2018-11-08|49.12|49.37|49.1|49.33
2018-11-09|49.39|49.89|49.36|49.68
2018-11-12|49.61|50.24|49.54|49.87
2018-11-13|49.81|50|49.58|49.86
2018-11-14|49.85|49.94|49.59|49.76
2018-11-15|49.66|49.75|49.27|49.74
2018-11-16|49.66|50.25|49.63|50.17
2018-11-19|50.31|50.76|50.25|50.51
2018-11-20|50.82|50.84|49.21|49.38
2018-11-21|49.23|49.44|48.59|48.73
2018-11-23|48.75|49.23|48.55|49.02
2018-11-26|49.01|49.23|48.67|48.87
2018-11-27|48.88|49.405|48.73|49.37
2018-11-28|49.21|49.72|49.21|49.71
2018-11-29|49.28|49.43|48.97|48.98
2018-11-30|49|50.485|48.99|50.4
2018-12-03|49.87|49.96|48.89|49.69
2018-12-04|49.97|50.51|49.5|49.58
2018-12-06|49.51|49.63|48.66|49.38
2018-12-07|49.57|49.68|48.88|49.09
2018-12-10|49.45|49.45|48.465|49.24
2018-12-11|49.59|50.01|49.18|49.54
2018-12-12|49.95|50.02|49.19|49.22
2018-12-13|48.72|49.6099|48.57|49.47
2018-12-14|49.23|49.52|49.02|49.34
2018-12-17|49.34|49.53|48.02|48.33
2018-12-18|48.61|48.83|47.85|48.32
2018-12-19|48.24|48.76|47.62|47.9
2018-12-20|47.81|48.1331|47.1|47.54
2018-12-21|47.26|48.75|47.23|47.57
2018-12-24|47.62|47.87|45.83|45.96
2018-12-26|45.88|46.96|45.66|46.94
2018-12-27|46.74|47.55|46.03|47.53
2018-12-28|47.89|48.01|47.025|47.2
2018-12-31|47.49|47.54|46.96|47.35
2019-01-02|46.94|47.215|46.555|46.93
2019-01-03|46.82|47.37|46.53|46.64
2019-01-04|46.75|47.57|46.64|47.57
2019-01-07|47.57|47.75|46.895|46.95
2019-01-08|47.25|47.57|47.035|47.48
2019-01-09|47.08|47.28|46.43|46.57
2019-01-10|46.66|47.09|46.34|47.07
2019-01-11|47.29|47.355|46.97|47.34
2019-01-14|47.25|47.3966|46.99|47.15
2019-01-15|46.89|47.6|46.81|47.57
2019-01-16|47.4|47.47|46.86|46.92
2019-01-17|46.92|47.1385|46.88|47.06
2019-01-18|47.25|47.69|47.12|47.61
2019-01-22|47.7|47.79|47.205|47.72
2019-01-23|47.82|48.29|47.65|48.27
2019-01-24|48.11|48.11|47.375|47.69
2019-01-25|47.88|48.025|47.24|47.37
2019-01-28|47.22|47.3|46.94|47.17
2019-01-29|47.2|47.63|47.13|47.4
2019-01-30|47.25|47.89|47.19|47.86
2019-01-31|47.85|48.78|47.47|48.13
2019-02-01|48.48|48.78|48.4|48.7
2019-02-04|48.7|49.45|48.54|49.25
2019-02-05|49.33|49.465|49.1|49.26
2019-02-06|49.21|49.36|49.02|49.26
2019-02-07|49.17|49.46|49.0025|49.42
2019-02-08|49.37|49.5|49.11|49.5
2019-02-11|49.57|49.88|49.475|49.61
2019-02-12|49.69|49.8|49.46|49.66
2019-02-13|49.61|49.94|49.56|49.79
2019-02-14|46.7|46.96|45.5|45.59
2019-02-15|45.9|46.255|45.2|45.24
2019-02-19|45.32|45.59|44.77|44.83
2019-02-20|44.91|45.2354|44.8|45.1
2019-02-21|45|45.91|44.96|45.86
2019-02-22|45.76|45.95|45.2|45.28
2019-02-25|45.44|45.57|44.84|44.94
2019-02-26|45.1|45.14|44.66|44.69
2019-02-27|44.6|45.02|44.42|44.94
2019-02-28|45.12|45.6084|45.11|45.34
2019-03-01|45.47|45.64|45.2|45.38
2019-03-04|45.53|45.67|45.3|45.65
2019-03-05|45.65|45.7|45.4|45.6
2019-03-06|45.67|45.785|45.44|45.45
2019-03-07|45.49|45.53|45.125|45.28
2019-03-08|45.15|45.25|44.61|44.84
2019-03-11|45.14|46.235|45.1|46.18
2019-03-12|45.95|46.25|45.9|46.05
2019-03-13|46.13|46.34|45.91|46.22
2019-03-14|45.84|46.11|45.63|45.7
2019-03-15|45.72|45.895|45.14|45.3
2019-03-18|45.43|45.68|45.36|45.41
2019-03-19|45.55|45.69|45.34|45.56
2019-03-20|45.4|45.895|45.18|45.53
2019-03-21|45.53|45.76|45.44|45.51
2019-03-22|45.46|46.105|45.46|45.93
2019-03-25|45.86|46.2|45.79|46.03
2019-03-26|46.17|46.79|46.17|46.64
2019-03-27|46.65|46.905|46.33|46.61
2019-03-28|46.68|46.92|46.48|46.58
2019-03-29|46.67|46.905|46.4801|46.86
2019-04-01|46.99|47.165|46.59|46.72
2019-04-02|46.75|46.93|46.57|46.57
2019-04-03|46.42|46.59|46.035|46.18
2019-04-04|46.34|46.54|46.11|46.48
2019-04-05|46.49|46.58|46.2|46.47
2019-04-08|46.54|46.57|46.265|46.55
2019-04-09|46.45|46.72|46.27|46.67
2019-04-10|46.84|47|46.56|46.64
2019-04-11|46.72|46.75|46.54|46.71
2019-04-12|46.67|46.9299|46.57|46.74
2019-04-15|46.88|47.04|46.7|47
2019-04-16|47.05|47.1|46.7|46.95
2019-04-17|47.2|47.545|47.15|47.28
2019-04-18|47.33|47.58|47.27|47.48
2019-04-22|47.4|47.61|47.015|47.4
2019-04-23|48.09|48.72|47.55|48.21
2019-04-24|48.03|48.225|47.915|47.98
2019-04-25|47.74|47.89|47.47|47.84
2019-04-26|47.99|48.45|47.98|48.26
2019-04-29|48.17|48.45|48.11|48.42
2019-04-30|48.53|49.18|48.39|49.06
2019-05-01|48.95|49.075|48.55|48.59
2019-05-02|48.53|48.7657|48.27|48.39
2019-05-03|48.6|48.96|48.52|48.72
2019-05-06|48.33|48.61|48.26|48.47
2019-05-07|48.23|48.29|47.77|48
2019-05-08|48.05|48.23|47.82|47.85
2019-05-09|47.8|47.98|47.07|47.4
2019-05-10|47.41|48.295|47.4|48.19
2019-05-13|47.91|48.13|47.73|48.05
2019-05-14|48.53|49.32|48.35|48.69
2019-05-15|48.67|49.38|48.6|49.18
2019-05-16|49.27|49.66|49.21|49.58
2019-05-17|49.27|49.55|49.174|49.2
2019-05-20|49.04|49.14|48.76|48.85
2019-05-21|49|49.03|48.445|48.6
2019-05-22|48.78|49.71|48.72|49.65
2019-05-23|49.5|49.9|49.4601|49.85
2019-05-24|49.82|49.89|49.53|49.61
2019-05-28|49.6|49.67|49.03|49.1
2019-05-29|48.74|49.03|48.41|48.61
2019-05-30|48.72|49.31|48.67|49.25
2019-05-31|49|49.31|48.78|49.13
2019-06-03|49.16|49.98|49.02|49.98
2019-06-04|50|50.28|49.615|50
2019-06-05|50.01|51.14|49.685|50.78
2019-06-06|50.91|51.54|50.59|51.4
2019-06-07|51.47|52.185|51.45|51.49
2019-06-10|51.54|51.54|51.09|51.38
2019-06-11|51.45|51.59|51.18|51.33
2019-06-12|51.5|52.135|51.47|51.64
2019-06-13|51.46|51.7|50.775|51.13
2019-06-14|51.05|51.53|51.05|51.31
2019-06-17|51.25|51.48|50.61|50.87
2019-06-18|51.25|51.3|50.53|50.64
2019-06-19|50.54|51.24|50.47|51.12
2019-06-20|51.5|51.785|51.35|51.66
2019-06-21|51.53|51.89|51.41|51.55
2019-06-24|51.74|52.2|51.7|51.92
2019-06-25|52|52.1|51.64|51.76
2019-06-26|51.52|51.64|51.085|51.12
2019-06-27|51.29|51.4|50.965|51.08
2019-06-28|51.27|51.4|50.52|50.92
2019-07-01|51.07|51.63|50.78|51.6
2019-07-02|51.78|52.05|51.55|51.98
2019-07-03|52|52.329|52|52.1
2019-07-05|51.89|52.12|51.48|52.11
2019-07-08|52.2|52.33|51.89|52
2019-07-09|51.72|51.97|51.43|51.59
2019-07-10|51.8|51.97|51.655|51.82
2019-07-11|51.99|52.06|51.66|52.04
2019-07-12|52.25|52.29|51.91|52.12
2019-07-15|52.28|52.29|51.865|52.13
2019-07-16|51.96|52.47|51.81|52.14
2019-07-17|52.22|52.26|52.01|52.18
2019-07-18|52.04|52.1651|51.67|52.03
2019-07-19|52.14|52.15|51.37|51.39
2019-07-22|51.52|51.52|51.13|51.22
2019-07-23|53.25|54.635|52.76|54.33
2019-07-24|54.12|54.82|53.62|53.78
2019-07-25|53.63|53.8|52.715|53.07
2019-07-26|53.34|54.31|53.19|54.17
2019-07-29|54.17|54.295|53.9001|53.99
2019-07-30|53.96|54.3|53.565|53.72
2019-07-31|53.51|53.51|52.04|52.63
2019-08-01|52.78|53.2|52.01|52.03
2019-08-02|51.91|52.73|51.91|52.33
2019-08-05|52.39|52.66|51.4|51.65
2019-08-06|51.87|52.759|51.61|52.27
2019-08-07|52.27|53.39|51.77|53.18
2019-08-08|53.21|53.7835|52.85|53.69
2019-08-09|53.79|53.9|53.08|53.42
2019-08-12|53.28|53.435|52.99|53.14
2019-08-13|52.9|53.61|52.87|53.5
2019-08-14|53.34|53.965|52.97|52.99
2019-08-15|53.43|54|53.23|53.87
2019-08-16|53.98|54.49|53.95|54.41
2019-08-19|54.44|54.78|54.31|54.69
2019-08-20|54.62|54.68|53.84|53.88
2019-08-21|54.25|54.41|53.85|54.1
2019-08-22|54.12|54.64|54.1|54.49
2019-08-23|54.42|54.71|53.39|53.74
2019-08-26|54|54.54|53.73|54.54
2019-08-27|54.7|54.945|54.41|54.72
2019-08-28|54.66|55.15|54.421|55.11
2019-08-29|55.26|55.34|54.6|55.05
2019-08-30|55.16|55.22|54.81|55.04
2019-09-03|54.98|55.33|54.87|55.3
2019-09-04|55.35|55.92|55.3|55.77
2019-09-05|55.75|55.77|55.03|55.12
2019-09-06|55.44|55.44|54.76|55.23
2019-09-09|55.03|55.08|54.36|54.52
2019-09-10|54.23|54.44|53.85|54.4
2019-09-11|54.29|54.8|53.9696|54.77
2019-09-12|55.1|55.31|54.98|55.11
2019-09-13|54.48|54.79|54.07|54.26
2019-09-16|54.1|54.34|53.63|53.96
2019-09-17|54.1|54.697|53.96|54.24
2019-09-18|54.2|54.285|53.82|54.23
2019-09-19|54.23|54.595|54.13|54.52
2019-09-20|54.69|54.69|53.9|53.91
2019-09-23|53.91|54.36|53.88|54.14
2019-09-24|54.25|54.61|54.04|54.3
2019-09-25|54.44|54.48|54|54.17
2019-09-26|54.47|54.575|54.13|54.39
2019-09-27|54.56|54.635|54|54.31
2019-09-30|54.15|54.68|54.15|54.44
2019-10-01|54.53|54.78|54.01|54.65
2019-10-02|54.21|54.435|52.9|53.08
2019-10-03|53.5|53.9773|52.8236|53.84
2019-10-04|54|54.54|53.89|54.54
2019-10-07|54.33|54.36|53.77|53.87
2019-10-08|53.88|54.07|53.45|53.58
2019-10-09|54.06|54.065|53.535|53.83
2019-10-10|53.55|53.88|53.36|53.66
2019-10-11|53.65|53.7|53.195|53.3
2019-10-14|53.49|53.68|53.22|53.3
2019-10-15|53.43|53.68|53.27|53.51
2019-10-16|53.46|53.57|53.1341|53.49
2019-10-17|53.69|54.12|53.58|53.79
2019-10-18|55|55.39|54.45|54.78
2019-10-21|54.45|54.56|53.68|54.23
2019-10-22|54.23|54.42|53.74|53.85
2019-10-23|54.06|54.66|54.01|54.64
2019-10-24|54.57|54.817|54.485|54.61
2019-10-25|54.55|54.56|53.67|53.75
2019-10-28|53.74|53.95|53.37|53.57
2019-10-29|53.39|53.66|53.26|53.41
2019-10-30|53.52|54.05|53.16|53.94
2019-10-31|53.96|54.47|53.85|54.43
2019-11-01|54.63|54.74|53.85|53.9
2019-11-04|53.96|54|52.97|53.14
2019-11-05|52.89|52.89|52.12|52.42
2019-11-06|52.53|52.8|52.41|52.8
2019-11-07|52.88|53|51.96|52.29
2019-11-08|52.46|52.6|52.09|52.21
2019-11-11|52.33|52.37|51.775|51.84
2019-11-12|51.91|51.91|51.5831|51.71
2019-11-13|52.18|52.45|51.9612|52.41
2019-11-14|52.53|52.67|52.35|52.63
2019-11-15|52.64|52.68|52.375|52.67
2019-11-18|52.68|53.44|52.67|53.03
2019-11-19|53.15|53.31|52.87|53.08
2019-11-20|53.1|53.4|53.01|53.22
2019-11-21|53.11|53.34|52.775|52.96
2019-11-22|52.96|53.1878|52.75|53.03
2019-11-25|53.28|53.39|52.77|53.22
2019-11-26|53.31|53.94|53.22|53.9
2019-11-27|53.93|54.1|53.6|53.95
2019-11-29|53.7|53.725|53.22|53.4
2019-12-02|53.32|53.75|52.85|53.75
2019-12-03|53.71|53.84|53.4|53.8
2019-12-04|53.8|54.31|53.72|54.29
2019-12-05|54.21|54.29|53.83|54.19
2019-12-06|54.31|54.5|54.17|54.42
2019-12-09|54.3|54.51|54.02|54.07
2019-12-10|54.04|54.07|53.73|53.77
2019-12-11|53.94|54.15|53.66|53.95
2019-12-12|54.01|54.45|53.94|54.14
2019-12-13|53.94|54.55|53.84|54.42
2019-12-16|54.69|54.83|54.37|54.42
2019-12-17|54.4|54.58|54.29|54.42
2019-12-18|54.53|54.75|53.885|53.91
2019-12-19|54.04|54.34|53.92|54.32
2019-12-20|54.94|55.2|54.47|54.97
2019-12-23|55|55.24|54.84|54.91
2019-12-24|54.8|55|54.64|54.71
2019-12-26|54.92|55.02|54.79|55.02
2019-12-27|55.01|55.445|55|55.35
2019-12-30|55.18|55.385|55.06|55.27
2019-12-31|55.2|55.38|54.98|55.35
2020-01-02|55.32|55.43|54.76|54.99
2020-01-03|54.32|54.99|54.09|54.69
2020-01-06|54.65|54.905|54.52|54.67
2020-01-07|54.45|54.6|54.15|54.25
2020-01-08|54.27|54.64|54.15|54.35
2020-01-09|55|55.395|54.839|55.34
2020-01-10|55.48|55.93|55.45|55.53
2020-01-13|55.53|56.23|55.42|56.13
2020-01-14|56.24|56.292|55.83|56
2020-01-15|56|56.98|56|56.7
2020-01-16|56.85|56.95|56.605|56.82
2020-01-17|56.87|57.15|56.8|56.94
2020-01-21|56.85|57.245|56.5745|57.17
2020-01-22|57.25|57.64|57.1799|57.61
2020-01-23|57.38|57.845|57.24|57.83
2020-01-24|57.85|57.87|57.46|57.68
2020-01-27|57.21|57.85|57.13|57.48
2020-01-28|57.45|57.75|56.97|57.01
2020-01-29|57|57.2571|56.66|57.01
2020-01-30|57.93|58.98|57.76|58.86
2020-01-31|58.97|59.075|58.145|58.4
2020-02-03|58.75|58.97|58.52|58.58
2020-02-04|58.75|59.45|58.62|58.84
2020-02-05|58.9|59.08|58.535|58.85
2020-02-06|58.98|59.34|58.84|58.99
2020-02-07|58.88|59.315|58.85|59.19
2020-02-10|59.32|59.84|59.285|59.75
2020-02-11|59.72|59.8|59.32|59.59
2020-02-12|59.48|59.765|59.315|59.41
2020-02-13|59.38|59.84|59.21|59.61
2020-02-14|59.63|60.07|59.62|59.95
2020-02-18|59.81|59.93|59.45|59.53
2020-02-19|59.51|60|59.47|59.77
2020-02-20|59.68|59.86|59.11|59.72
2020-02-21|59.51|60.13|59.43|60.13
2020-02-24|59.11|59.8|58.57|58.65
2020-02-25|58.7|59.2|57.62|57.82
2020-02-26|57.98|58.47|57.475|57.6
2020-02-27|57.15|57.89|54.88|54.93
2020-02-28|53.83|53.89|51.58|53.49
2020-03-02|53.93|55.96|53.7|55.92
2020-03-03|56.76|57.49|55.64|56.06
2020-03-04|56.41|59|56.41|58.92
2020-03-05|57.8|58.17|56.19|56.74
2020-03-06|54.94|55.91|53.98|55.26
2020-03-09|52.05|53.58|51.475|51.86
2020-03-10|53.22|53.795|51.17|53.66
2020-03-11|52.35|52.65|51.14|52.21
2020-03-12|48.54|49.93|46.69|47.16
2020-03-13|49.51|49.56|46.605|48.47
2020-03-16|42.24|47.88|41.17|45.26
2020-03-17|45.88|47.5|45.37|47.18
2020-03-18|44.74|45.15|41.59|44.85
2020-03-19|44.36|44.66|41.04|41.83
2020-03-20|41.95|42.07|37.51|38.3
2020-03-23|38.755|38.8862|36.27|37.56
2020-03-24|41.22|41.4|38.83|39.45
2020-03-25|40.63|43.45|39.91|41.61
2020-03-26|42.84|45.27|42.45|44.29
2020-03-27|43.66|44.03|42.4|42.81
2020-03-30|43.04|45.56|43.04|45
2020-03-31|45.07|45.51|44.06|44.25
2020-04-01|42.48|43.65|41.8|42.12
2020-04-02|42.22|44.19|41.8623|43.95
2020-04-03|43.58|44.335|43.31|43.83
2020-04-06|45.39|47.01|44.69|46.67
2020-04-07|48.5|48.6|46.48|46.51
2020-04-08|46.64|48.09|46.33|47.82
2020-04-09|48.44|49.73|48.35|49
2020-04-13|48.35|48.64|46.5|46.93
2020-04-14|47.94|49.25|46.93|48.92
2020-04-15|47.71|48.4|47.41|47.61
2020-04-16|47.4|47.85|46.76|47.1
2020-04-17|48.3|48.3|47.37|48.06
2020-04-20|47.79|48|46.31|46.53
2020-04-21|45.88|46.9014|44.26|45.38
2020-04-22|46.05|46.145|45.5|45.68
2020-04-23|45.95|46.1|44.97|45.07
2020-04-24|45.5|45.75|45.1201|45.43
2020-04-27|46|46.975|45.71|46.78
2020-04-28|47.9|48|46.57|46.74
2020-04-29|47.27|47.86|46.88|47.12
2020-04-30|47|47|45.7|45.89
2020-05-01|45.62|46.39|45.21|45.6
2020-05-04|45.32|45.48|44.6|45.14
2020-05-05|45.36|46.1|45.15|45.4
2020-05-06|45.4|45.63|44.72|44.75
2020-05-07|45.15|45.24|44.5|44.6
2020-05-08|45.08|46.22|44.88|46.11
2020-05-11|45.69|46.11|45.52|45.54
2020-05-12|45.6|45.85|44.8|44.82
2020-05-13|44.71|44.78|43.5217|43.94
2020-05-14|43.38|44.06|43.23|43.7
2020-05-15|43.96|44.69|43.2|43.26
2020-05-18|44.82|45.39|44.13|44.97
2020-05-19|45.01|45.33|44.25|44.54
2020-05-20|45.2|46.17|45.02|45.89
2020-05-21|46.08|46.09|45.03|45.17
2020-05-22|45.22|45.305|44.65|45.03
2020-05-26|46.92|46.93|45.93|46.09
2020-05-27|47|47.09|46.165|46.73
2020-05-28|47.3|47.46|46.82|47.09
2020-05-29|46.68|47.19|46.14|46.68
2020-06-01|46.66|47.23|46.59|46.99
2020-06-02|47.16|47.28|46.56|46.9
2020-06-03|47.27|48.115|47.12|47.9
2020-06-04|47.94|48.265|47.38|47.92
2020-06-05|48.54|49.49|48.46|49.09
2020-06-08|49.54|49.97|49.47|49.85
2020-06-09|49.59|49.59|48.68|49
2020-06-10|49.16|49.265|48.57|48.62
2020-06-11|47.81|47.92|45.46|45.54
2020-06-12|46.21|46.25|45.01|45.6
2020-06-15|44.57|46.45|44.47|46.3
2020-06-16|47.56|47.685|46.19|46.77
2020-06-17|46.78|47.06|46.44|46.58
2020-06-18|46.3|47.04|46.07|46.99
2020-06-19|47.77|47.79|46.02|46.02
2020-06-22|46.03|46.15|45.38|45.74
2020-06-23|46|46.29|45.58|45.64
2020-06-24|45.37|45.44|44.5|44.65
2020-06-25|44.47|44.98|44.03|44.93
2020-06-26|44.92|45.01|43.51|43.57
2020-06-29|44|44.57|43.55|44.36
2020-06-30|44.25|44.83|44.04|44.68
2020-07-01|44.93|45.53|44.71|44.82
2020-07-02|45.29|45.43|44.8|44.88
2020-07-06|45.14|45.27|44.605|45.23
2020-07-07|45|45.495|44.8|45.21
2020-07-08|45.14|45.18|44.47|45.07
2020-07-09|45.05|45.05|43.825|43.91
2020-07-10|43.88|45.25|43.86|45.15
2020-07-13|45.53|45.675|44.96|45.25
2020-07-14|44.91|45.94|44.6711|45.87
2020-07-15|46.3|47.19|46.2|46.4
2020-07-16|46.26|46.69|45.94|46.15
2020-07-17|46.47|46.91|46.125|46.82
2020-07-20|46.72|46.83|45.85|46.12
2020-07-21|47.52|47.99|46.931|47.2
2020-07-22|47.93|48.515|47.03|48.48
2020-07-23|48.47|48.5682|48.03|48.28
2020-07-24|48.4|48.8|48.07|48.49
2020-07-27|48.18|48.51|48.18|48.48
2020-07-28|48.34|49.28|48.1|48.18
2020-07-29|48.14|48.5|47.82|48.02
2020-07-30|47.67|48.23|47.2|47.69
2020-07-31|47.44|47.77|46.73|47.24
2020-08-03|47.14|47.36|46.23|46.3
2020-08-04|46.29|46.86|46.22|46.69
2020-08-05|46.9|47.265|46.81|47.22
2020-08-06|46.66|47.53|46.6|47.48
2020-08-07|47.47|48.08|47.21|47.8
2020-08-10|48.06|48.275|47.66|47.72
2020-08-11|48.46|48.6527|47.7|47.93
2020-08-12|48.3|48.69|48.12|48.43
2020-08-13|48.26|48.73|48.06|48.38
2020-08-14|48.34|48.69|48.03|48.45
2020-08-17|48.32|48.75|48.2|48.21
2020-08-18|48.2|48.5|47.96|48.42
2020-08-19|48.12|48.38|47.22|47.37
2020-08-20|47.27|47.6|47.0923|47.35
2020-08-21|47.34|47.495|46.97|47.28
2020-08-24|47.43|47.98|47.175|47.97
2020-08-25|48|48.05|47.65|47.91
2020-08-26|47.76|48.18|47.47|48.16
2020-08-27|48.25|48.82|48.2|48.23
2020-08-28|48.75|49.85|48.53|49.83
2020-08-31|49.8|50.07|49.35|49.53
2020-09-01|49.31|49.35|48.83|49.12
2020-09-02|49.36|51.36|49.36|51.19
2020-09-03|51.4|52.1378|50.1|50.48
2020-09-04|50.94|51.465|50.28|51.04
2020-09-08|50.93|51.04|49.36|49.81
2020-09-09|49.6|50.755|49.55|50.19
2020-09-10|50.35|50.675|49.95|50
2020-09-11|50.4|51.2|50.1|51.06
2020-09-14|50.97|51.23|50.57|50.71
2020-09-15|51|51.38|50.84|51.05
2020-09-16|50.95|51.4462|50.74|50.79
2020-09-17|50.22|50.63|49.94|50.55
2020-09-18|50.75|51.155|50.21|50.45
2020-09-21|49.75|50.02|48.605|49.09
2020-09-22|49.11|50.035|49.07|49.66
2020-09-23|49.73|49.92|48.17|48.21
2020-09-24|48.21|49.1|47.56|48.7
2020-09-25|48.2|48.76|47.98|48.72
2020-09-28|49.31|49.71|49.14|49.28
2020-09-29|49.39|49.555|48.91|48.92
2020-09-30|49.27|49.62|48.8916|49.37
2020-10-01|49.44|49.6577|48.59|49.18
2020-10-02|48.76|49.58|48.55|49.36
2020-10-05|49.43|49.55|49.12|49.38
2020-10-06|49.55|49.725|48.83|48.94
2020-10-07|49.02|49.76|48.95|49.56
2020-10-08|49.71|50.54|49.535|50.46
2020-10-09|50.67|51.23|50.6|50.81
2020-10-12|50.84|51.525|50.83|51.09
2020-10-13|50.99|50.99|49.9|50.22
2020-10-14|50.05|50.49|49.65|50.12
2020-10-15|49.4|50.13|49.3|49.99
2020-10-16|49.99|50.35|49.87|50.03
2020-10-19|50.03|50.48|49.46|49.62
2020-10-20|49.89|50.62|49.79|50.25
2020-10-21|49.96|50.43|49.77|49.99
2020-10-22|51.17|51.2|50.38|50.68
2020-10-23|51|51.18|50.465|50.52
2020-10-26|50.34|50.51|49.2|49.8
2020-10-27|49.81|50.285|49.5533|49.9
2020-10-28|49|49.15|47.78|47.96
2020-10-29|47.73|48.475|47.3|48.02
2020-10-30|47.81|48.1216|47.365|48.06
2020-11-02|48.75|48.95|48.24|48.62
2020-11-03|49.22|49.96|49|49.35
2020-11-04|49.43|50.21|49.08|49.17
2020-11-05|49.76|50.21|49.34|49.44
2020-11-06|49.65|49.99|49.25|49.45
2020-11-09|52.5|53.26|52.07|52.57
2020-11-10|52.57|54.28|52.45|53.98
2020-11-11|53.93|54.3|53.33|53.58
2020-11-12|53.05|53.21|52.605|53.01
2020-11-13|53.25|53.5|52.8901|53.45
2020-11-16|54.5|54.62|53.28|53.85
2020-11-17|53.66|53.75|53.025|53.68
2020-11-18|53.75|54.02|52.56|52.61
2020-11-19|52.49|53.23|51.95|53.13
2020-11-20|53.19|53.25|52.59|52.67
2020-11-23|52.95|53.17|52.2|52.68
2020-11-24|53.14|53.59|53.02|53.22
2020-11-25|53.07|53.28|52.79|52.93
2020-11-27|53.11|53.19|52.61|52.7
2020-11-30|52.09|52.19|51.08|51.6
2020-12-01|52.14|52.33|51.785|52.04
2020-12-02|51.9|52.13|51.635|52.11
2020-12-03|51.9|52.94|51.9|52.78
2020-12-04|52.78|53.87|52.76|53.85
2020-12-07|53.76|53.78|52.7|52.99
2020-12-08|52.94|53.48|52.785|53.18
2020-12-09|53.37|53.6|53|53.33
2020-12-10|53.4|53.51|52.98|53.05
2020-12-11|52.8|53.54|52.78|53.35
2020-12-14|53.65|53.84|53.18|53.27
2020-12-15|53.79|54.22|53.595|53.84
2020-12-16|53.6|53.8|52.94|53.06
2020-12-17|53.3|53.71|53.15|53.27
2020-12-18|53.08|53.84|52.62|53.74
2020-12-21|52.68|53|51.98|52.81
2020-12-22|52.81|53.18|52.39|52.76
2020-12-23|52.95|53.3861|52.94|53.08
2020-12-24|53.02|53.55|53.02|53.44
2020-12-28|53.85|54.435|53.73|54.16
2020-12-29|54.45|54.49|54.02|54.13
2020-12-30|54.05|54.63|54.03|54.44
2020-12-31|54.45|54.93|54.27|54.84
2021-01-04|54.27|54.63|52.03|52.76
2021-01-05|52.33|52.62|52.03|52.18
2021-01-06|51.97|52.02|50.1879|50.52
2021-01-07|50.09|50.255|49.52|49.96
2021-01-08|50.03|51.125|49.84|51.08
2021-01-11|50.62|50.86|49.95|50.2
2021-01-12|50.04|50.3684|49.76|50.11
2021-01-13|49.98|50.36|49.9533|50.16
2021-01-14|50.16|50.18|49.22|49.23
2021-01-15|49.155|49.1799|48.53|48.7
2021-01-19|48.74|49.04|48.24|48.51
2021-01-20|48.54|48.82|48.31|48.68
2021-01-21|48.78|49.09|48.46|48.95
2021-01-22|48.81|48.94|48.49|48.49
2021-01-25|48.42|48.84|48.24|48.78
2021-01-26|48.91|49.4|48.61|49.29
2021-01-27|48.89|49.32|48.23|48.53
2021-01-28|48.69|49.5|48.61|49.15
2021-01-29|49.03|49.12|48.11|48.15
2021-02-01|48.27|48.69|48.18|48.48
2021-02-02|48.8|49.35|48.63|48.96
2021-02-03|48.95|49.0883|48.67|48.77
2021-02-04|48.96|49.07|48.65|49.01
2021-02-05|49.5|49.78|49.27|49.65
2021-02-08|49.96|50.17|49.49|49.92
2021-02-09|49.85|50.02|49.63|49.7
2021-02-10|50.41|50.58|49.53|49.6
2021-02-11|49.81|50.59|49.8|50.3
2021-02-12|50.57|50.8481|50.39|50.69
2021-02-16|50.62|50.72|50.16|50.27
2021-02-17|50|50.485|49.885|50.13
2021-02-18|50.16|50.845|50.0316|50.77
2021-02-19|50.79|50.825|49.97|50.11
2021-02-22|49.85|50.88|49.67|50.63
2021-02-23|51|51.51|50.42|50.54
2021-02-24|50.39|50.9|50.13|50.71
2021-02-25|50.47|50.745|49.98|50.17
2021-02-26|50.2|50.21|48.97|48.99
2021-03-01|49.44|50.44|49.4|49.9
2021-03-02|49.84|50.56|49.7|50.1
2021-03-03|49.72|50.56|49.71|49.98
2021-03-04|50.31|51.09|49.62|49.94
2021-03-05|50.05|50.95|49.9|50.79
2021-03-08|51.47|52.49|51.16|51.64
2021-03-09|51.72|51.88|50.82|50.86
2021-03-10|51.18|51.63|50.715|51.44
2021-03-11|51.41|51.43|50.81|50.88
2021-03-12|50.59|50.679|50.2|50.36
2021-03-15|50.5|51.12|50.47|51.03
2021-03-16|51.2|51.52|51.04|51.22
2021-03-17|51.25|51.62|51.15|51.24
2021-03-18|51.06|51.19|50.485|50.57
2021-03-19|50.46|51.08|50.17|50.81
2021-03-22|50.32|51.08|50.32|51
2021-03-23|50.99|51.65|50.825|51.39
2021-03-24|51.17|51.89|51.15|51.52
2021-03-25|51.7|52.06|51.17|52.02
2021-03-26|52.14|53.11|51.76|53.04
2021-03-29|52.73|53.94|52.71|53.85
2021-03-30|53.75|53.79|52.925|53.15
2021-03-31|53.03|53.17|52.5|52.71
2021-04-01|52.96|53.15|52.455|52.51
2021-04-05|52.35|53.215|52.29|52.81
2021-04-06|53.04|53.65|52.9|53.19
2021-04-07|53.28|53.5|53.12|53.28
2021-04-08|53.17|53.38|52.97|53.12
2021-04-09|53.17|53.28|52.81|53.18
2021-04-12|53.33|53.55|53.095|53.35
2021-04-13|53.04|53.285|52.81|53.09
2021-04-14|52.98|53.19|52.645|53.08
2021-04-15|53.13|53.66|53.12|53.33
2021-04-16|53.74|53.8|53.375|53.68
2021-04-19|54|54.3582|53.3|54
2021-04-20|53.84|54.59|53.81|54.17
2021-04-21|54.24|54.74|54.24|54.61
2021-04-22|54.47|54.865|54.315|54.44
2021-04-23|54.4|54.59|54.17|54.47
2021-04-26|54.47|54.51|53.58|53.66
2021-04-27|53.56|53.7|53.32|53.58
2021-04-28|53.98|54.047|53.435|53.59
2021-04-29|53.54|54.36|53.43|54.26
2021-04-30|54.25|54.27|53.69|53.98
2021-05-03|54.27|54.795|54.16|54.48
2021-05-04|54.57|54.62|53.94|54.14
2021-05-05|54.14|54.24|53.713|54
2021-05-06|54.12|54.605|54.05|54.54
2021-05-07|54.44|54.77|54.16|54.51
2021-05-10|54.88|55.495|54.831|54.91
2021-05-11|55.03|55.14|54.045|54.32
2021-05-12|54.36|54.555|53.875|54.04
2021-05-13|53.97|54.775|53.83|54.51
2021-05-14|54.9|55.1|54.69|54.73
2021-05-17|54.84|55.02|54.5|54.64
2021-05-18|54.39|54.5599|54.1|54.34
2021-05-19|54.12|54.18|53.61|54.17
2021-05-20|54.12|54.8|54.12|54.65
2021-05-21|54.8|55.115|54.22|54.62
2021-05-24|54.63|54.93|54.49|54.8
2021-05-25|54.82|54.82|54.345|54.79
2021-05-26|54.98|55.05|54.59|55.03
2021-05-27|55.21|55.57|54.775|55.49
2021-05-28|55.35|55.71|55.2|55.29
2021-06-01|55.34|55.65|55.095|55.28
2021-06-02|55.5|55.56|55.26|55.5
2021-06-03|55.18|55.74|55.1|55.64
2021-06-04|55.9|56.48|55.78|56.24
2021-06-07|56.31|56.34|55.81|56.04
2021-06-08|56.25|56.25|55.545|55.65
2021-06-09|55.75|55.92|55.48|55.48
2021-06-10|55.91|56.12|55.76|55.91
2021-06-11|55.99|56.21|55.655|56.16
2021-06-14|55.69|55.71|55.2|55.55
2021-06-15|55.78|55.79|55.19|55.41
2021-06-16|55.44|55.46|54.64|54.67
2021-06-17|54.67|55.15|54.645|54.95
2021-06-18|54.51|54.62|53.72|53.77
2021-06-21|54.22|54.43|54|54.36
2021-06-22|54.34|54.85|54.255|54.56
2021-06-23|54.56|54.6|54.11|54.12
2021-06-24|54.26|54.415|54|54.39
2021-06-25|54.24|54.47|54.01|54.32
2021-06-28|54.25|54.37|54|54.26
2021-06-29|54.13|54.34|53.72|53.86
2021-06-30|53.8|54.18|53.75|54.11
2021-07-01|54.34|54.48|53.855|53.96
2021-07-02|54|54.45|54|54.18
2021-07-06|53.99|54.09|53.55|53.88
2021-07-07|53.72|54.375|53.72|54.32
2021-07-08|54.01|54.165|53.735|54.13
2021-07-09|54.25|54.52|54.18|54.46
2021-07-12|54.32|54.595|54.27|54.48
2021-07-13|54.95|55.295|54.75|55.02
2021-07-14|55.02|56.3499|54.96|56.26
2021-07-15|56.24|56.47|55.91|56.44
2021-07-16|56.46|56.68|56.26|56.4
2021-07-19|56.08|56.35|55.16|55.73
2021-07-20|55.73|56.3299|55.52|55.83
2021-07-21|57.33|57.56|56.425|56.55
2021-07-22|56.62|56.74|56.05|56.47
2021-07-23|56.59|57.33|56.45|57.01
2021-07-26|56.89|57.12|56.56|57.06
2021-07-27|57.11|57.54|56.92|57.26
2021-07-28|56.99|57.16|56.629|56.74
2021-07-29|57.07|57.25|56.86|57.05
2021-07-30|57.15|57.25|56.9|57.03
2021-08-02|57.2|57.24|56.705|56.88
2021-08-03|57|57|56.745|56.92
2021-08-04|56.75|56.95|56.0101|56.1
2021-08-05|56.44|56.59|56.29|56.5
2021-08-06|56.6|56.74|56.44|56.64
2021-08-09|56.795|56.88|56.4308|56.65
2021-08-10|56.84|57.17|56.655|56.8
2021-08-11|56.89|57.18|56.71|56.73
2021-08-12|56.73|56.98|56.73|56.84
2021-08-13|56.81|57.3|56.771|57.23
2021-08-16|57.2|57.49|57.03|57.48
2021-08-17|57.46|57.555|57.01|57.28
2021-08-18|57.19|57.23|56.42|56.5
2021-08-19|56.06|56.98|55.95|56.86
2021-08-20|56.84|57.0299|56.58|56.64
2021-08-23|56.67|56.75|56.38|56.44
2021-08-24|56.64|56.64|55.9|56.01
2021-08-25|56.06|56.17|55.73|56.07
2021-08-26|55.95|55.98|55.51|55.54
2021-08-27|55.66|55.785|55.45|55.65
2021-08-30|55.69|56.2|55.64|56.18
2021-08-31|56.16|56.515|56|56.31
2021-09-01|56.38|56.8|56.28|56.69
2021-09-02|56.77|57.03|56.41|56.77
2021-09-03|56.46|56.765|56.245|56.73
2021-09-07|56.6|56.69|55.51|55.67
2021-09-08|55.61|56.48|55.61|56.42
2021-09-09|56.18|56.42|55.8|55.86
2021-09-10|56.01|56.13|55.515|55.61
2021-09-13|55.74|56.395|55.74|56.07
2021-09-14|55.92|55.98|55.55|55.69
2021-09-15|55.68|56|55.42|55.88
2021-09-16|55.72|55.985|54.82|55.35
2021-09-17|55.02|55.194|54.37|54.44
2021-09-20|54.11|54.4|53.7273|54.06
2021-09-21|54.39|54.82|53.94|54.05
2021-09-22|54.505|54.56|54.0623|54.13
2021-09-23|54.26|54.6175|54|54.04
2021-09-24|54|54.24|53.86|53.89
2021-09-27|53.85|54.245|53.57|53.61
2021-09-28|53.46|53.46|52.43|52.64
2021-09-29|52.64|53.155|52.56|52.96
2021-09-30|53.17|53.325|52.43|52.47
2021-10-01|52.78|53.2|52.5707|53.02
2021-10-04|53.06|53.525|52.4|52.99
2021-10-05|53.02|53.47|52.93|53.08
2021-10-06|52.77|53.765|52.51|53.71
2021-10-07|53.99|54.28|53.81|53.88
2021-10-08|54|54.39|53.895|54.12
2021-10-11|54.21|54.39|54.01|54.23
2021-10-12|54.42|54.83|54.22|54.23
2021-10-13|54.17|54.43|53.79|54.24
2021-10-14|54.39|54.805|54.31|54.61
2021-10-15|54.64|54.88|54.285|54.48
2021-10-18|54.35|54.39|53.86|53.94
2021-10-19|54.04|54.2|53.77|54.15
2021-10-20|54.18|54.76|54.11|54.63
2021-10-21|54.6|54.67|54.21|54.35
2021-10-22|54.39|54.53|54.07|54.45
2021-10-25|54.38|54.47|54.015|54.23
2021-10-26|54.32|54.58|54.2345|54.47
2021-10-27|55.97|56.08|55.265|55.52
2021-10-28|55.75|56.11|55.62|56.04
2021-10-29|55.87|56.465|55.78|56.37
2021-11-01|56.39|56.4|55.9|56.17
2021-11-02|56.47|56.5|55.965|56.1
2021-11-03|56|56.33|55.775|56.29
2021-11-04|56.11|56.63|56.03|56.6
2021-11-05|56.84|57.16|56.59|56.84
2021-11-08|56.75|56.89|56.13|56.33
2021-11-09|56.41|56.52|56.09|56.49
2021-11-10|56.54|56.92|56.29|56.72
2021-11-11|56.825|56.88|56.57|56.74
2021-11-12|56.75|56.985|56.545|56.61
2021-11-15|56.53|56.68|56.27|56.62
2021-11-16|56.62|56.94|56.185|56.22
2021-11-17|56.04|56.05|55.65|55.91
2021-11-18|55.83|55.93|55.14|55.41
2021-11-19|55.44|55.485|54.9047|55.13
2021-11-22|55.1|56.02|55.08|55.47
2021-11-23|55.66|56.1064|55.5|55.88
2021-11-24|55.71|55.835|55.03|55.43
2021-11-26|54.59|54.75|53.58|53.73
2021-11-29|54.045|54.73|53.93|54.58
2021-11-30|53.6|53.625|52.44|52.45
2021-12-01|52.98|53.52|52.28|52.3
2021-12-02|52.6|53.34|52.505|53.07
2021-12-03|53.33|53.61|52.98|53.54
2021-12-06|54.31|55.25|54.14|54.91
2021-12-07|55.02|55.415|54.85|55.21
2021-12-08|55.12|55.35|54.36|55
2021-12-09|54.75|55.13|54.585|54.86
2021-12-10|55.25|56.32|55.07|56.28
2021-12-13|56.98|57.93|56.955|57.76
2021-12-14|57.4|58.17|57.4|57.8
2021-12-15|57.93|58.25|57.65|58.06
2021-12-16|57.98|58.88|57.9|58.65
2021-12-17|58.49|58.92|57.7|57.73
2021-12-20|57.2|57.78|57|57.54
2021-12-21|57.61|57.965|57.53|57.77
2021-12-22|57.71|58.19|57.49|58.18
2021-12-23|58.52|58.61|57.94|58.22
2021-12-27|58|58.69|58|58.65
2021-12-28|58.4|58.94|58.3|58.88
2021-12-29|58.95|59.095|58.66|58.95
2021-12-30|59.06|59.23|58.76|58.78
2021-12-31|58.75|59.35|58.695|59.21
2022-01-03|58.82|59.31|58.375|59.3
2022-01-04|59.73|60.535|59.59|60.29
2022-01-05|60.09|61.195|60.05|60.79
2022-01-06|60.465|61.115|60.435|60.47
2022-01-07|60.275|60.72|60.06|60.33
2022-01-10|60.55|60.82|60.18|60.43
2022-01-11|60.43|60.49|59.84|60.45
2022-01-12|60.53|60.685|60.19|60.54
2022-01-13|60.54|61.04|60.385|60.9
2022-01-14|60.94|61.45|60.36|61.39
2022-01-18|61.06|61.19|60.45|60.9
2022-01-19|60.66|61.18|60.555|61
2022-01-20|61|61.44|60.72|60.75
2022-01-21|61.08|61.3|60.3982|60.45
2022-01-24|59.9|60.35|58.57|59.96
2022-01-25|59.36|60.045|58.69|59.82
2022-01-26|59.79|60.345|59.21|59.6
2022-01-27|59.88|60.925|59.5|59.65
2022-01-28|59.39|60.89|58.94|60.84
2022-01-31|60.3|61.14|60.15|61.01
2022-02-01|60.91|61.14|60.16|60.56
2022-02-02|60.62|61.27|60.56|61.18
2022-02-03|60.94|61.78|60.585|61.61
2022-02-04|61.49|61.68|60.57|60.96
2022-02-07|61.38|61.72|60.86|61.6
2022-02-08|61.83|62.325|61.74|62
2022-02-09|62.17|62.32|60.9|61.04
2022-02-10|60.36|62.3|60.2|61.38
2022-02-11|61.77|61.98|60.15|60.29
2022-02-14|60.16|60.79|59.28|60.68
2022-02-15|60.955|61.78|60.63|60.91
2022-02-16|60.86|61.395|60.555|60.9
2022-02-17|60.55|62.275|60.405|62.12
2022-02-18|62.12|62.82|61.99|62.54
2022-02-22|62.43|62.64|61.72|62.28
2022-02-23|62.24|62.33|61.34|61.59
2022-02-24|59.97|60.62|59.22|60.51
2022-02-25|60.94|62.895|60.92|62.85
2022-02-28|61.65|62.335|61.41|62.24
2022-03-01|62.14|62.75|61.51|61.97
2022-03-02|62.23|62.88|61.78|62.43
2022-03-03|62.61|63.02|62.285|62.47
2022-03-04|61.46|62.59|61.2|62.57
2022-03-07|62.01|62.07|60.72|61.08
2022-03-08|61.45|61.54|58.59|58.66
2022-03-09|59.82|59.84|58.66|58.96
2022-03-10|58.48|58.66|57.5|57.88
2022-03-11|57.96|58.85|57.86|57.92
2022-03-14|57.97|59.035|57.97|58.54
2022-03-15|59.08|59.89|58.98|59.62
2022-03-16|59.78|59.935|58.605|59.46
2022-03-17|59.46|60.135|59.23|60.09
2022-03-18|60.3|60.3|59.705|60.1
2022-03-21|60.5|61.1|60.245|60.58
2022-03-22|60.93|60.95|60.055|60.8
2022-03-23|60.75|60.98|59.995|60.4
2022-03-24|60.64|61.02|60.455|60.98
2022-03-25|61.12|61.61|61.05|61.53
2022-03-28|61.53|61.94|61.21|61.92
2022-03-29|62.21|62.53|61.74|62.16
2022-03-30|62.01|62.21|61.555|62.21
2022-03-31|62.22|62.64|62|62
2022-04-01|62.33|62.95|62.085|62.87
2022-04-04|62.6|62.785|61.72|62.54
2022-04-05|62.4|63.235|62.37|62.47
2022-04-06|62.77|63.26|62.3|63.1
2022-04-07|63.13|63.67|62.711|63.44
2022-04-08|63.48|64.04|63.16|63.83
2022-04-11|63.905|64.3|63.635|63.81
2022-04-12|64.38|64.805|63.89|64.56
2022-04-13|64.44|64.87|64.23|64.73
2022-04-14|64.96|65.57|64.82|65.02
2022-04-18|64.77|65.18|64.18|64.44
2022-04-19|64.5|65.25|64.44|65.07
2022-04-20|65.44|66.24|65.4|65.96
2022-04-21|65.98|67|65.72|66.21
2022-04-22|66.08|66.34|65.18|65.25
2022-04-25|67|67.2|64.78|65.94
2022-04-26|65.52|66.367|65.04|65.05
2022-04-27|65|66.28|65|65.56
2022-04-28|64.66|66.28|64.5|66.19
2022-04-29|65.87|66.03|64.49|64.61
2022-05-02|65.28|65.31|62.58|63.44
2022-05-03|63.72|63.94|62.67|63.08
2022-05-04|63|65.12|62.94|65.03
2022-05-05|64.69|65.03|64.01|64.51
2022-05-06|64.2|65.31|64.07|64.74
2022-05-09|64.47|65.365|64.04|64.61
2022-05-10|64.5|65.32|63.85|64.01
2022-05-11|64.33|65.2|63.96|64.31
2022-05-12|64.16|64.53|63.205|64.51
2022-05-13|64.81|65.8|64.12|65.72
2022-05-16|65.44|66.38|65.44|65.96
2022-05-17|66.1|66.1|65.01|65.78
2022-05-18|65.42|65.52|60.9639|61.2
2022-05-19|60.96|60.96|59.66|60
2022-05-20|60.49|61.235|59.66|60.98
2022-05-23|61.65|63.1|61.59|62.86
2022-05-24|62.88|64.19|62.75|64.02
2022-05-25|64|64.475|63.6|64.07
2022-05-26|64.07|65.095|63.96|64.3
2022-05-27|64.26|64.83|64.14|64.68
2022-05-31|64.08|64.315|63.05|63.38
2022-06-01|63.42|63.68|62.13|63.07
2022-06-02|63.18|63.735|62.11|63.73
2022-06-03|63.57|63.625|62.81|62.97
2022-06-06|63.33|63.77|62.66|62.87
2022-06-07|62.38|63.365|62.22|63.25
2022-06-08|62.99|63.21|62.555|62.89
2022-06-09|62.87|63.35|61.78|61.8
2022-06-10|61.01|61.885|60.4601|61.41
2022-06-13|60.75|62.291|60.67|61.34
2022-06-14|60.73|60.89|58.655|59.23
2022-06-15|60|60.635|58.97|59.67
2022-06-16|58.64|59.52|58.2528|59.07
2022-06-17|59.7|60.125|59.13|59.43
2022-06-21|59.49|60.88|59.01|60.7
2022-06-22|60.6|61.445|60.315|61.15
2022-06-23|61.3|61.91|61.2263|61.88
2022-06-24|62.11|63.06|62.11|63.04
2022-06-27|62.98|63.2867|62.63|62.91
2022-06-28|63.08|63.76|62.105|62.28
2022-06-29|62.54|63.11|62.43|62.73
2022-06-30|62.32|63.1144|62.16|62.91
2022-07-01|63.12|64.45|62.82|64.38
2022-07-05|64.18|64.18|62.415|63.28
2022-07-06|63.6|64.09|63.19|63.41
2022-07-07|63.26|63.58|62.7|62.91
2022-07-08|63.03|63.42|62.88|63.14
2022-07-11|62.99|63.46|62.585|62.94
2022-07-12|63|63.45|62.47|62.67
2022-07-13|62.33|63|61.9811|62.38
2022-07-14|61.33|62.25|61.3|62.18
2022-07-15|62.75|62.97|62.07|62.5
2022-07-18|62.52|62.56|61.51|61.65
2022-07-19|62.09|62.65|61.925|62.53
2022-07-20|62.4|62.58|61.145|61.5
2022-07-21|61.26|61.875|60.79|61.36
2022-07-22|61.38|61.87|61.32|61.59
2022-07-25|61.55|62.3|61.31|62.19
2022-07-26|62.75|63.8|62.53|63.21
2022-07-27|62.88|63.185|61.785|63.01
2022-07-28|62.92|64.245|62.89|64.06
2022-07-29|63.71|64.29|63.63|64.17
2022-08-01|64.09|65.04|64.03|64.52
2022-08-02|64.59|64.6|63.43|63.64
2022-08-03|63.55|64.095|63.31|63.92
2022-08-04|63.64|63.73|62.92|63.67
2022-08-05|63.63|63.63|62.67|63.38
2022-08-08|63.5|63.81|62.75|62.97
2022-08-09|63.18|63.31|62.85|63.05
2022-08-10|63.63|63.79|63.1|63.65
2022-08-11|63.69|63.99|63.08|63.22
2022-08-12|63.43|63.76|63.09|63.7
2022-08-15|63.64|64.69|63.57|64.5
2022-08-16|64.57|65.23|64.33|65.03
2022-08-17|64.83|65.22|64.76|64.88
2022-08-18|64.96|65.35|64.71|65.22
2022-08-19|65.205|65.47|64.96|65.17
2022-08-22|64.84|64.92|63.99|64.2
2022-08-23|63.82|64.37|63.68|64.27
2022-08-24|64.24|64.575|64.05|64.36
2022-08-25|64.36|64.705|63.9|64.67
2022-08-26|64.73|64.8|62.98|63.11
2022-08-29|62.685|63.025|62.41|62.73
2022-08-30|62.91|62.91|61.9937|62.15
2022-08-31|62.38|62.53|61.7|61.71
2022-09-01|61.58|62.04|61.29|62
2022-09-02|62.39|62.77|60.895|61.15
2022-09-06|61.29|61.965|60.99|61.18
2022-09-07|61.32|62.49|61.32|62.31
2022-09-08|62.08|62.3|61.34|62.12
2022-09-09|62.17|62.88|61.855|62.32
2022-09-12|62.43|62.81|62.27|62.5
2022-09-13|62.2|62.22|60.28|60.47
2022-09-14|60.64|61.08|60.44|60.79
2022-09-15|60.4|60.4|59.36|59.53
2022-09-16|59.66|59.795|59.11|59.54
2022-09-19|59.39|60.1|59.225|59.99
2022-09-20|59.68|60.03|59.315|59.9
2022-09-21|60.14|60.7|59.39|59.4
2022-09-22|59.55|59.73|59.2|59.26
2022-09-23|58.96|59.1|58|58.6
2022-09-26|58.49|58.57|57.685|57.87
2022-09-27|58.08|58.37|56.31|56.38
2022-09-28|56.66|57.25|55.91|56.98
2022-09-29|57.09|57.29|56|56.57
2022-09-30|56.87|57.13|56|56.02
2022-10-03|56.36|56.85|56.06|56.65
2022-10-04|56.95|57.81|56.46|56.78
2022-10-05|56.5|56.65|55.51|56.24
2022-10-06|56|56.1|54.87|55.03
2022-10-07|54.99|55.09|54.25|54.51
2022-10-10|54.6|54.96|54.015|54.39
2022-10-11|54.46|55.22|54.24|54.48
2022-10-12|55.23|56.0365|55.04|55.14
2022-10-13|54.48|56.08|54.26|55.87
2022-10-14|56.29|56.47|54.94|54.98
2022-10-17|55.63|56.215|55.57|55.69
2022-10-18|56.31|56.78|56.1009|56.44
2022-10-19|56.31|56.54|55.73|55.96
2022-10-20|55.77|55.92|54.96|55.08
2022-10-21|55|56.105|54.985|55.96
2022-10-24|56.64|57.73|56.57|57.57
2022-10-25|59.04|59.11|57.75|58.95
2022-10-26|59.01|59.78|58.86|59.39
2022-10-27|59.77|59.84|59.375|59.53
2022-10-28|59.57|60.91|59.47|60.76
2022-10-31|60.51|60.57|59.67|59.85
2022-11-01|60.03|60.29|59.37|59.64
2022-11-02|59.64|60.23|58.77|58.81
2022-11-03|58.11|58.9972|58.1|58.78
2022-11-04|59.3|59.585|58.56|59.26
2022-11-07|59.26|59.77|59.24|59.49
2022-11-08|59.75|59.79|58.94|59.6
2022-11-09|59.59|59.64|58.751|58.77
2022-11-10|60.25|61.04|59.68|60.88
2022-11-11|61.37|61.45|60.21|61.32
2022-11-14|61.32|61.715|60.71|60.73
2022-11-15|61.13|61.45|60|60.63
2022-11-16|60.79|61.03|60.285|60.52
2022-11-17|60.19|60.74|60.13|60.71
2022-11-18|60.99|61.37|60.8|61.14
2022-11-21|61.41|62.21|61.2|62.08
2022-11-22|62.47|62.5|62.0538|62.35
2022-11-23|62.49|62.79|62.3008|62.63
2022-11-25|62.73|62.81|62.38|62.69
2022-11-28|62.69|63.1|62.56|62.7
2022-11-29|62.52|62.57|61.98|62.48
2022-11-30|62.01|63.68|61.75|63.61
2022-12-01|63.61|64.11|63.43|63.79
2022-12-02|63.61|64.52|63.4|64.35
2022-12-05|63.41|63.795|63.26|63.47
2022-12-06|63.52|63.88|63.225|63.44
2022-12-07|63.45|63.72|63.25|63.54
2022-12-08|63.6|63.85|63.345|63.81
2022-12-09|63.61|63.84|63.09|63.14
2022-12-12|63.3|64.005|63.01|63.97
2022-12-13|64.59|64.7|63.8|63.99
2022-12-14|64.19|64.65|63.57|63.99
2022-12-15|63.59|63.89|62.49|63.11
2022-12-16|62.75|63.14|62.325|62.75
2022-12-19|62.83|63.405|62.47|62.84
2022-12-20|62.8219|63.15|62.75|62.79
2022-12-21|63.07|64.05|63.07|63.8
2022-12-22|63.42|63.59|62.645|63.34
2022-12-23|63.5|63.87|63.2|63.82
2022-12-27|63.93|64.29|63.71|64.21
2022-12-28|64.46|64.65|63.485|63.57
2022-12-29|63.8|64.15|63.7|63.95
2022-12-30|63.92|63.92|63.17|63.61
2023-01-03|63.56|63.56|62.175|62.95
2023-01-04|63.15|63.3294|62.511|62.92
2023-01-05|62.6|62.8|62.08|62.2
2023-01-06|62.91|63.67|62.58|63.4
2023-01-09|63.3|63.72|62.575|62.61
2023-01-10|62.6|62.73|61.92|62.13
2023-01-11|62.38|62.56|61.411|62.01
2023-01-12|62.11|62.18|60.97|61.21
2023-01-13|60.7|61.46|60.585|61.43
2023-01-17|61.73|62.38|61.56|61.68
2023-01-18|61.51|61.59|59.6817|59.81
2023-01-19|59.725|60.64|59.705|59.72
2023-01-20|59.72|60.09|59.4|60.08
2023-01-23|60.28|60.565|60.05|60.23
2023-01-24|60.08|63.26|59.8|60.55
2023-01-25|60.2|60.94|59.885|60.93
2023-01-26|60.81|61.095|60.57|60.81
2023-01-27|60.84|60.96|60.37|60.49
2023-01-30|60.54|61.17|60.46|60.64
2023-01-31|60.98|61.34|60.51|61.32
2023-02-01|61.14|61.58|60.62|61.33
2023-02-02|60.8|61.02|59.91|60.28
2023-02-03|60.35|60.42|59.23|59.83
2023-02-06|59.79|60.34|59.72|60.17
2023-02-07|59.67|60.24|59.535|60.07
2023-02-08|59.92|59.92|59.59|59.72
2023-02-09|60.15|60.32|59.595|59.62
2023-02-10|59.72|59.9|58.88|59.62
2023-02-13|59.9|60.76|59.73|60.6
2023-02-14|60.21|60.9|59.56|59.59
2023-02-15|59.9|59.93|59.225|59.59
2023-02-16|59.23|59.82|58.95|59.22
2023-02-17|59.5|60.23|59.38|60.12
2023-02-21|59.99|60.23|59.72|59.8
2023-02-22|59.85|60.36|59.7539|59.98
2023-02-23|60.01|60.42|59.81|60.09
2023-02-24|59.68|59.91|59.385|59.84
2023-02-27|60.18|60.3|59.74|59.82
2023-02-28|59.7|59.7|59.14|59.51
2023-03-01|59.13|59.18|58.37|58.86
2023-03-02|58.84|59.78|58.8|59.72
2023-03-03|59.55|59.68|59.205|59.44
2023-03-06|59.26|60.375|59.215|60.36
2023-03-07|60.49|60.57|59.75|60.01
2023-03-08|60.04|60.325|59.725|60.04
2023-03-09|60.54|60.54|59.275|59.46
2023-03-10|59.7|60.14|58.99|59.21
2023-03-13|59.29|60.87|59.25|59.81
2023-03-14|60|60.455|59.35|60.03
2023-03-15|59.43|60.475|59.24|60.43
2023-03-16|60.09|60.335|59.7|60.3
2023-03-17|60.31|60.35|59.635|60.02
2023-03-20|60.16|60.6|59.97|60.6
2023-03-21|60.57|60.75|59.88|60.32
2023-03-22|60.4|60.87|60.03|60.05
2023-03-23|60.09|60.39|59.72|59.92
2023-03-24|60.25|61.015|59.91|60.9
2023-03-27|61.14|61.48|60.95|61.35
2023-03-28|61.39|61.74|61.27|61.42
2023-03-29|61.72|61.95|61.59|61.86
2023-03-30|61.88|62.09|61.66|61.85
2023-03-31|62.06|62.25|61.87|62.03
2023-04-03|62.3|62.52|61.86|62.4
2023-04-04|62.39|62.74|62.075|62.21
2023-04-05|62.53|63.02|62.5|62.8
2023-04-06|62.86|63.0399|62.38|62.84
2023-04-10|62.49|62.69|62.02|62.69
2023-04-11|62.65|62.71|62.4|62.58
2023-04-12|62.48|63.03|62.31|62.69
2023-04-13|62.76|63.16|62.48|63.15
2023-04-14|63.05|63.15|62.775|63.05
2023-04-17|63.32|63.53|63.1401|63.46
2023-04-18|63.51|63.6|63.19|63.56
2023-04-19|63.73|63.83|63.425|63.68
2023-04-20|63.63|64|63.44|63.96
2023-04-21|64|64.27|63.8|64.05
2023-04-24|64.75|64.99|63.6237|63.95
2023-04-25|64.17|64.17|63.63|63.85
2023-04-26|63.56|63.77|63.39|63.55
2023-04-27|63.53|63.76|63.1141|63.68
2023-04-28|63.61|64.16|63.48|64.15
2023-05-01|64.15|64.69|64.06|64.3
2023-05-02|64.14|64.14|63.27|64.01
2023-05-03|64.02|64.18|63.58|63.65
2023-05-04|63.74|63.93|63.51|63.72
2023-05-05|63.64|64.205|63.63|64.02
2023-05-08|63.81|64.055|63.61|63.92
2023-05-09|63.64|63.75|63.28|63.39
2023-05-10|63.32|63.64|62.99|63.5
2023-05-11|63.58|63.93|63.01|63.86
2023-05-12|63.86|64.19|63.7|64.11
2023-05-15|64.22|64.25|63.71|63.94
2023-05-16|63.895|63.895|63.16|63.22
2023-05-17|63.4|63.42|62.73|63.15
2023-05-18|63.01|63.04|62.57|62.8
2023-05-19|63.04|63.1|62.605|62.83
2023-05-22|62.785|62.865|61.44|61.51
2023-05-23|61.51|61.67|61.17|61.4
2023-05-24|61.38|61.43|60.72|60.88
2023-05-25|60.47|60.73|60.15|60.41
2023-05-26|60.45|60.64|60.11|60.26
2023-05-30|60.09|60.195|59.52|59.78
2023-05-31|59.92|60.28|59.365|59.66
2023-06-01|59.94|60.165|59.77|60
2023-06-02|60.27|61.32|60.08|61.16
2023-06-05|61|61.44|60.5548|60.75
2023-06-06|60.95|60.99|60.1244|60.31
2023-06-07|60.01|60.355|59.82|60.22
2023-06-08|60.13|60.405|59.98|60.37
2023-06-09|60.27|60.6667|60.17|60.47
2023-06-12|60.59|60.65|60.02|60.21
2023-06-13|60.21|60.67|60.04|60.45
2023-06-14|60.73|61.08|60.6|60.86
2023-06-15|60.61|61.2985|60.34|61.23
2023-06-16|61.6|62.17|61.48|61.67
2023-06-20|61.59|61.96|61.24|61.26
2023-06-21|61.31|61.7199|60.98|61.43
2023-06-22|61.81|62.1|61.585|61.85
2023-06-23|61.94|61.97|61.18|61.2
2023-06-26|61.205|61.29|60.39|61.22
2023-06-27|61.22|61.36|60.98|61.09
2023-06-28|60.88|61.04|60.4|60.52
2023-06-29|60.22|60.35|59.765|60.02
2023-06-30|60|60.35|59.87|60.22
2023-07-03|60.2|60.63|60.03|60.58
2023-07-05|60.28|61.1|60.16|61.03
2023-07-06|60.73|61.02|60.5|60.56
2023-07-07|60.31|60.495|59.73|59.76
2023-07-10|59.97|60.15|59.14|59.31
2023-07-11|59.46|59.56|58.84|59.52
2023-07-12|59.75|60.05|59.445|59.84
2023-07-13|60.12|60.46|59.98|60.35
2023-07-14|60.14|61.04|60.09|60.9
2023-07-17|60.76|61.1|60.49|60.81
2023-07-18|60.96|61.2488|60.41|60.57
2023-07-19|60.77|61.79|60.68|61.64
2023-07-20|61.68|62.41|61.67|62.39
2023-07-21|62.46|62.68|62.24|62.44
2023-07-24|62.42|62.81|62.4|62.46
2023-07-25|62.3|62.39|62.045|62.25
2023-07-26|61.86|63.17|61.39|63.05
2023-07-27|63.05|63.265|62.38|62.44
2023-07-28|62.585|62.77|62.2207|62.48
2023-07-31|62.45|62.45|61.73|61.93
2023-08-01|62.09|62.36|61.62|61.77
2023-08-02|61.56|62.585|61.56|61.96
2023-08-03|61.87|62.12|61.525|61.64
2023-08-04|61.68|61.89|60.62|60.71
2023-08-07|60.79|61.329|60.74|61.19
2023-08-08|61.19|61.35|60.62|60.92
2023-08-09|60.91|61.63|60.75|61.06
2023-08-10|61.35|61.73|60.79|60.92
2023-08-11|60.84|61.1982|60.69|61.17
2023-08-14|61.32|61.48|60.75|60.88
2023-08-15|60.69|60.8999|60.37|60.47
2023-08-16|60.54|60.82|60.4|60.48
2023-08-17|60.58|61.02|60.45|60.61
2023-08-18|60.54|61.085|60.37|60.95
2023-08-21|60.86|60.93|60.3206|60.43
2023-08-22|60.34|60.575|59.975|60.06
2023-08-23|60.2|60.435|60.16|60.27
2023-08-24|60.27|60.88|60.09|60.11
2023-08-25|60.41|60.57|60.01|60.39
2023-08-28|60.55|60.725|60.3692|60.56
2023-08-29|60.56|60.63|60.15|60.5
2023-08-30|60.64|60.74|60.2941|60.47
2023-08-31|60.3|60.47|59.805|59.83
2023-09-01|60|60.13|59.12|59.31
2023-09-05|59.25|59.32|58.67|58.82
2023-09-06|58.62|58.83|58.42|58.78
2023-09-07|58.95|59.16|58.3|58.33
2023-09-08|58.3|58.41|58.01|58.33
2023-09-11|58.4|58.99|58.225|58.88
2023-09-12|58.99|59|58.19|58.3
2023-09-13|58.4|58.68|58.34|58.44
2023-09-14|58.24|58.59|58.19|58.46
2023-09-15|58.41|58.635|57.75|57.94
2023-09-18|57.98|58.3499|57.63|58.3
2023-09-19|58.26|58.39|57.92|58.18
2023-09-20|58.3|58.83|58.08|58.44
2023-09-21|58.37|58.42|57.42|57.54
2023-09-22|57.85|57.965|57.5|57.6
2023-09-25|57.4|57.485|56.74|57
2023-09-26|56.73|56.895|56.4|56.53
2023-09-27|56.42|56.53|55.68|55.95
2023-09-28|56.23|56.32|55.7|55.81
2023-09-29|56.14|56.27|55.615|55.98
2023-10-02|55.91|56.009|55.075|55.48
2023-10-03|55.16|55.425|54.78|54.88
2023-10-04|54.89|55.28|54.71|55.04
2023-10-05|54.74|54.95|52.235|52.38
2023-10-06|52.04|53.29|51.55|53.14
2023-10-09|52.96|53.15|52.11|52.88
2023-10-10|54.13|54.33|53.56|54.03
2023-10-11|54.22|54.28|53.02|53.71
2023-10-12|53.76|53.83|52.4299|52.81
2023-10-13|52.74|53.42|52.64|52.89
2023-10-16|53.02|53.56|52.84|53.43
2023-10-17|53.31|54.1|53.21|54.07
2023-10-18|54.1|54.53|53.92|54.05
2023-10-19|54.16|54.76|53.86|54.35
2023-10-20|54.53|55.02|54.44|54.57
2023-10-23|54.38|54.89|54.045|54.08
2023-10-24|55.65|56.17|55.3|55.64
2023-10-25|55.76|56.2178|55.56|56.12
2023-10-26|56.37|56.625|55.72|55.78
2023-10-27|55.55|56.135|55.1|55.24
2023-10-30|55.43|56.275|55.42|56.15
2023-10-31|56.57|56.72|56.15|56.49
2023-11-01|56.8|56.88|56.26|56.44
2023-11-02|56.5|57.15|56.355|57.09
2023-11-03|57.4|57.59|56.7|56.74
2023-11-06|56.78|57.275|56.74|56.97
2023-11-07|56.92|57.3995|56.73|57.18
2023-11-08|57.32|57.465|56.92|57.09
2023-11-09|57.03|57.14|56.37|56.66
2023-11-10|56.87|56.925|56.055|56.72
2023-11-13|56.62|57.095|56.6|56.93
2023-11-14|57.02|57.24|56.805|57.1
2023-11-15|57.3|57.335|56.75|57.21
2023-11-16|57.25|57.53|56.81|57.15
2023-11-17|57.19|57.34|56.7|57.26
2023-11-20|57.05|57.575|56.955|57.4
2023-11-21|57.46|58.04|57.33|58.03
2023-11-22|58.26|58.535|58.1271|58.42
2023-11-24|58.46|58.75|58.335|58.57
2023-11-27|58.54|58.69|58.27|58.46
2023-11-28|58.4|58.83|58.36|58.58
2023-11-29|58.58|58.67|58.1|58.23
2023-11-30|57.96|58.455|57.6|58.44
2023-12-01|58.27|58.685|58.24|58.64
2023-12-04|58.59|58.955|58.44|58.57
2023-12-05|58.55|58.83|58.415|58.66
2023-12-06|58.56|58.73|58.205|58.6
2023-12-07|58.67|58.8901|58.39|58.74
2023-12-08|58.74|58.75|58.365|58.61
2023-12-11|58.83|59.09|58.5|59.04
2023-12-12|59.2|59.42|58.895|59.42
2023-12-13|59.45|60.02|59.26|59.93
2023-12-14|59.97|60.04|58.77|59.04
2023-12-15|58.83|59.17|57.8|58.6
2023-12-18|58.8|59.49|58.62|59.02
2023-12-19|59|59.2|58.635|58.83
2023-12-20|58.5|58.67|57.57|57.61
2023-12-21|57.85|58.07|57.47|57.99
2023-12-22|58.12|58.46|58.02|58.32
2023-12-26|58.06|58.705|58.06|58.56
2023-12-27|58.64|58.77|58.4|58.71
2023-12-28|58.65|58.87|58.525|58.75
2023-12-29|58.74|58.98|58.63|58.93
2024-01-02|58.8|59.88|58.67|59.82
2024-01-03|59.93|60.2|59.76|59.96
2024-01-04|60.05|60.26|59.66|59.76
2024-01-05|59.8|59.95|59.0921|59.67
2024-01-08|59.68|60.18|59.42|60.11