2018-08-01|325.59|326.07|322.57|324.93
2018-08-02|322.53|323.15|320.24|322.02
2018-08-03|322.62|322.62|319.11|320.55
2018-08-06|318.61|318.61|313.68|316.92
2018-08-07|317.24|318.24|313.58|317.41
2018-08-08|317.5|317.78|314.21|315.31
2018-08-09|314.79|316.5003|312.67|315.71
2018-08-10|314.9|314.9|311.39|313.12
2018-08-13|312.51|315.26|312|313.64
2018-08-14|314.89|320.215|314.63|318.59
2018-08-15|318.37|318.91|314.44|317.7
2018-08-16|320|326.62|319.81|325.86
2018-08-17|325.86|327.418|324.72|325.23
2018-08-20|325.26|325.97|323.81|324.22
2018-08-21|324.4|325.41|323.13|324.39
2018-08-22|324.05|324.5229|321.8|321.92
2018-08-23|322.08|322.15|318.87|320.01
2018-08-24|320|321.39|318.72|321.29
2018-08-27|322.07|325|322|324.34
2018-08-28|324.66|325|322.3|324.34
2018-08-29|324.46|324.92|322.2|324.32
2018-08-30|324|326.49|320.93|321.85
2018-08-31|318.56|320.89|317.005|320.41
2018-09-04|320|322.25|317.596|321.91
2018-09-05|320.89|321.67|319.51|321.33
2018-09-06|321.56|329.54|321.3|328.91
2018-09-07|328.03|330.88|326.89|328.53
2018-09-10|328.72|329.18|322.66|322.95
2018-09-11|322.04|323.85|320.3|322.23
2018-09-12|321.38|325.84|321.38|325.28
2018-09-13|326.72|331.86|326.59|331.28
2018-09-14|331.31|336.5|329.5|335.8
2018-09-17|336.5|339.68|336|339.34
2018-09-18|340|344.845|339.4801|343.22
2018-09-19|343.22|345.77|336.51|339.3
2018-09-20|339.86|340.3|329.01|333.13
2018-09-21|334.07|337.91|334.07|337.66
2018-09-24|336.81|339.32|334.3|337.58
2018-09-25|338.48|345.33|337.45|343.54
2018-09-26|343|344.86|342.3888|342.88
2018-09-27|344.16|346.79|342.41|346.05
2018-09-28|345.72|348|344.71|345.96
2018-10-01|347.09|348.327|344.87|347.93
2018-10-02|348.62|349.88|346.37|349.07
2018-10-03|350|351.3519|347.22|347.44
2018-10-04|346.82|349.66|345.59|349.46
2018-10-05|348.3|350.9|345.65|347.21
2018-10-08|346.89|350.485|346.27|349.93
2018-10-09|348.62|349.46|346.16|347.31
2018-10-10|346.85|347.25|336.75|336.75
2018-10-11|334.73|338|325.01|326.26
2018-10-12|330.59|331.47|322.6|327.62
2018-10-15|327.93|333.98|327.93|331.24
2018-10-16|332.47|337.4|331.14|337.13
2018-10-17|335.72|337.19|333.32|333.4
2018-10-18|331.35|333.32|325.04|328
2018-10-19|327.2|330.04|326.06|328.14
2018-10-22|331.62|331.62|324.47|326.78
2018-10-23|325.23|334.77|315.589|321.35
2018-10-24|328.11|328.11|310.42|311.13
2018-10-25|313.21|316.55|305.45|306.41
2018-10-26|303.4|308.97|301.66|305.05
2018-10-29|309.5|309.5|283.21|286.67
2018-10-30|285.61|292.5|283.7232|291.07
2018-10-31|294.36|299.1|293.53|293.85
2018-11-01|295.73|301.44|295.01|299.42
2018-11-02|301.04|302.7532|297.75|299.28
2018-11-05|302|304.3|300.59|303.21
2018-11-06|304.05|308.759|304.05|306.56
2018-11-07|308.06|309.96|304.16|309.82
2018-11-08|310|311.02|306.36|308.56
2018-11-09|307.19|314.16|307.14|313.12
2018-11-12|313.2|314.23|304.6|305.12
2018-11-13|304.81|308.855|302.23|305.74
2018-11-14|308.27|309.68|303.01|303.39
2018-11-15|302.17|308|299.74|305.48
2018-11-16|303.84|305.25|299.865|301.24
2018-11-19|301.09|301.09|293.2204|294.59
2018-11-20|291.36|295.2499|288.5578|293.86
2018-11-21|295|297.85|294.23|294.29
2018-11-23|293.06|297.94|291.93|295.38
2018-11-26|297.04|298.85|292.9184|295.28
2018-11-27|293.9|295.66|289.6047|295.29
2018-11-28|297.85|300.5278|293.94|299.94
2018-11-29|301|304.9793|300.28|302.42
2018-11-30|300.75|303.533|297.88|300.43
2018-12-03|304.94|305.325|295.9|296.79
2018-12-04|295.72|295.72|286.03|286.73
2018-12-06|282.9|286.8908|277.2|286.35
2018-12-07|285.4|290.3459|285.21|285.4
2018-12-10|289.93|298.93|289.19|298.4
2018-12-11|302.68|303.25|290.33|292.15
2018-12-12|295.99|296.8|292.01|292.5
2018-12-13|293.27|295.27|291|292.23
2018-12-14|290|291.24|286.62|287.7
2018-12-17|286.2|286.79|277.84|279.23
2018-12-18|281.55|283.84|278.045|279.47
2018-12-19|279.75|283.81|271.52|273.96
2018-12-20|271.99|273.82|261.41|265.29
2018-12-21|260.78|262.64|255.3|256.55
2018-12-24|253.03|254.63|245.01|245.22
2018-12-26|246.31|251.89|241.1796|251.62
2018-12-27|249.25|259.79|248.2|259.79
2018-12-28|263.01|264.8298|260.14|261.26
2018-12-31|262.15|265.1084|259.85|261.84
2019-01-02|258.36|265.3|256.79|264.73
2019-01-03|262.32|264|257.38|258.08
2019-01-04|261.92|265.49|260.34|265.04
2019-01-07|266|270|263.8625|268.08
2019-01-08|271.13|271.75|267.81|269.87
2019-01-09|270.13|272.2167|269.13|270.54
2019-01-10|269.62|277.68|269.5|277.5
2019-01-11|275.79|277.76|272.43|277.73
2019-01-14|276.67|279.52|274.43|277.51
2019-01-15|278.23|278.335|273.51|276
2019-01-16|275.4|275.69|270.63|272.39
2019-01-17|271.17|279.99|270.84|278.8
2019-01-18|281.18|285.37|279.72|282.87
2019-01-22|281.39|284.62|278|279.59
2019-01-23|282.11|285.73|280.5|283.51
2019-01-24|284.59|288.24|282.59|285.25
2019-01-25|288.17|289.3|286.13|287.04
2019-01-28|285|288.41|282.885|287.87
2019-01-29|281.11|292.8619|281|292.05
2019-01-30|293.95|293.99|286.77|291.67
2019-01-31|290.17|292.83|287.785|289.69
2019-02-01|290.85|292.58|289.195|290.58
2019-02-04|290.9|299.06|290.11|298.77
2019-02-05|300|302.98|297.23|299.46
2019-02-06|299.99|302.68|299.01|299.83
2019-02-07|298.79|300.36|296.14|300.13
2019-02-08|299.22|301.63|296.995|301.5
2019-02-11|301.78|302.75|298.8|300.04
2019-02-12|301.47|304.32|300.8576|304.11
2019-02-13|305|305.95|303.68|304.42
2019-02-14|303.36|304|300.91|301
2019-02-15|304.01|307.33|304.01|307.23
2019-02-19|305.97|306.59|303.76|305.18
2019-02-20|305|307.2|304.29|307.2
2019-02-21|307.06|307.17|303.28|304.51
2019-02-22|305.91|307.36|303.9|307.13
2019-02-25|308.89|309.4027|305.55|305.97
2019-02-26|305.6|308.08|305.01|305.88
2019-02-27|305.02|307.94|304.11|307.58
2019-02-28|307.44|311.75|306.12|309.41
2019-03-01|311.56|311.56|306.4439|309.47
2019-03-04|311.78|311.78|303.48|304.69
2019-03-05|306.01|307.22|304.2201|305.76
2019-03-06|306.48|308.3458|303.32|303.32
2019-03-07|302.9|303.2|297.42|303.01
2019-03-08|300.57|301.69|298.77|300.95
2019-03-11|299.62|304.58|298.63|304.4
2019-03-12|304.6|305.305|300.79|301.92
2019-03-13|303.06|304.56|301.12|303.45
2019-03-14|303.42|304.46|298.32|298.51
2019-03-15|298.86|299.23|293.77|296.15
2019-03-18|295.87|298.36|293.27|297.64
2019-03-19|299.48|302.14|295.44|296.6
2019-03-20|296.91|298.71|295.0635|295.98
2019-03-21|295.37|300.068|295|299.01
2019-03-22|297.65|298.4034|293.88|294.01
2019-03-25|294.41|295.8195|292.53|294.12
2019-03-26|296.09|297.6|292.69|294.92
2019-03-27|295.62|297.8939|292.85|293.95
2019-03-28|295.03|295.94|293.65|295.6
2019-03-29|297.5|300.59|296.74|300.16
2019-04-01|302.56|306.11|301.84|304.29
2019-04-02|304.87|306.78|302.87|303.1
2019-04-03|303.61|304.4|296.14|297.27
2019-04-04|298.16|302.05|297.89|299.67
2019-04-05|299.91|302.66|299.71|302.58
2019-04-08|301.99|305.86|300.67|305.66
2019-04-09|304.36|304.575|301.19|302.68
2019-04-10|302.23|302.35|297.33|299.12
2019-04-11|300.23|305.83|300|305.59
2019-04-12|307|309.78|306.0301|309.7
2019-04-15|309.96|310|307.54|308.71
2019-04-16|309.22|310.6292|308.1|310.06
2019-04-17|311.22|312.43|309.78|310.5
2019-04-18|311.03|314.57|309.47|314.26
2019-04-22|314.25|316.26|313.27|315.26
2019-04-23|326.52|337.315|324.52|333.1
2019-04-24|333.9|335.78|327.84|330.12
2019-04-25|330.25|334.23|328.46|328.87
2019-04-26|329.6|330.75|327.08|328.33
2019-04-29|328.4|331.15|327.21|328.59
2019-04-30|329.52|333.86|328.4622|333.33
2019-05-01|334.25|337.21|331.58|331.85
2019-05-02|332.01|332.7|328.24|332.55
2019-05-03|333.58|335.64|331.2|334.07
2019-05-06|330.5|336.53|330.1669|335.72
2019-05-07|334.74|334.74|328.8449|330.9
2019-05-08|330.9|336.88|330.35|334.18
2019-05-09|334|340.33|331.94|339.36
2019-05-10|337.41|341.62|335.27|341.35
2019-05-13|335.25|339.745|333.2|335.37
2019-05-14|336.01|340.915|334.75|336.17
2019-05-15|335.29|335.71|329.93|334.15
2019-05-16|335.92|339.65|334.85|339.39
2019-05-17|336.46|340.95|336.46|337.99
2019-05-20|337.24|344.29|337.24|342.01
2019-05-21|343.6|344.8|339.5|343.95
2019-05-22|343.29|343.29|339.88|341.3
2019-05-23|339.72|341.44|336.08|340.07
2019-05-24|340.67|341.62|337.265|338.78
2019-05-28|338.96|341.28|337.1|337.89
2019-05-29|336.78|340.36|335.2805|339.34
2019-05-30|340|343.48|339.75|341.96
2019-05-31|337.59|341.14|337.485|338.54
2019-06-03|338.08|344.78|337.901|344.57
2019-06-04|345.88|349.68|345.88|349.35
2019-06-05|349.99|352.86|348.51|352.7
2019-06-06|353.37|354.34|350.15|352.52
2019-06-07|353.45|356.15|352.4|355.23
2019-06-10|357.97|358.63|350.73|351.6
2019-06-11|352.01|352.55|340.87|344.04
2019-06-12|344.23|346.14|342.32|345.51
2019-06-13|347.58|349.705|344.4|349.08
2019-06-14|349.08|352.46|348.44|350.14
2019-06-17|351.22|352.41|346.76|348.69
2019-06-18|349.49|354.28|348.39|353.52
2019-06-19|353.76|356.545|353.19|355.73
2019-06-20|357.77|363.33|357.71|362.8
2019-06-21|362.23|362.74|357.57|359.36
2019-06-24|360.44|362.88|359.74|359.98
2019-06-25|360|362.795|359.74|360.56
2019-06-26|361.64|362|357|359.5
2019-06-27|359.93|360.52|357.255|359.09
2019-06-28|359.48|363.75|357.67|363.54
2019-07-01|365.41|366.77|361.05|361.47
2019-07-02|361.58|367.57|361.0666|367.57
2019-07-03|367.94|370.47|365.35|370.38
2019-07-05|369.88|370.83|366.6736|369.92
2019-07-08|368.54|369.92|366.775|369.18
2019-07-09|367.75|370.25|366.0955|369.73
2019-07-10|370|373.37|367.84|368.16
2019-07-11|368.16|369.38|366.21|368.23
2019-07-12|369.2|369.51|366.83|369.45
2019-07-15|369.84|370.01|366.9|367.69
2019-07-16|368|368.42|365.16|365.35
2019-07-17|365.35|365.47|357.85|358.47
2019-07-18|358.29|358.38|352.79|356.21
2019-07-19|357.64|359.1|355.85|356.96
2019-07-22|357.44|358.4699|355.56|357.63
2019-07-23|363|363|350.81|357.8
2019-07-24|358.2|368.99|357.995|368.9
2019-07-25|368.76|372.7112|367.15|370.32
2019-07-26|369.61|370.7063|367.78|369.46
2019-07-29|369.41|370.11|367.95|369.62
2019-07-30|368.63|370.67|365.325|365.99
2019-07-31|365.91|368.71|359.29|362.17
2019-08-01|361.72|367.34|359.19|363.09
2019-08-02|364.13|364.31|359.4899|361.91
2019-08-05|356.55|361.1|353.9655|358.43
2019-08-06|361.28|366.8923|358.835|366.78
2019-08-07|364.02|370.93|362.02|369.3
2019-08-08|370.01|378.4|370.01|377.17
2019-08-09|376.1|379.36|373.33|377.01
2019-08-12|375|378.05|373.6|376.21
2019-08-13|377.99|381.51|375.275|377.22
2019-08-14|376|376|367.36|368.94
2019-08-15|369.15|374.57|367.165|373.46
2019-08-16|376.1|378.34|373.37|377
2019-08-19|379.75|381.6818|378.5203|380.47
2019-08-20|380.5|384.1|379.5|381.75
2019-08-21|384|384.275|379.29|383
2019-08-22|383|386.65|380.72|385.88
2019-08-23|385.28|386.93|374.6146|376.89
2019-08-26|380|380.56|375.5|380.32
2019-08-27|381.75|382.21|377.25|379.99
2019-08-28|379.04|383|376.774|380.97
2019-08-29|384.53|385.78|380.8001|384.43
2019-08-30|383.25|384.74|381.51|384.11
2019-09-03|380.99|385.18|379.79|384.69
2019-09-04|387.31|389.7|385.9|389.08
2019-09-05|390.48|393.4284|384.98|385.15
2019-09-06|387.28|388.45|385.81|386.56
2019-09-09|387.95|388.29|380.04|380.21
2019-09-10|377.29|381.32|370.46|381.32
2019-09-11|381.2|385.8|380.055|381.55
2019-09-12|384.49|388.51|383.27|386.63
2019-09-13|387.77|387.77|383.6|384.86
2019-09-16|388.9|394.6|386.89|392.66
2019-09-17|392.47|399.96|388.4321|393.98
2019-09-18|394.78|397.23|391.5506|397.04
2019-09-19|397.14|398.5|393.03|393.43
2019-09-20|394.49|395.44|388.05|388.25
2019-09-23|388.07|390.06|386.11|387.67
2019-09-24|390|392.99|387.21|389.17
2019-09-25|390.58|390.9|387.71|390.43
2019-09-26|391.25|394.64|388.93|392.92
2019-09-27|395.94|395.95|386.43|387.87
2019-09-30|388.56|393.82|388.4218|390.06
2019-10-01|391.43|392.48|383.89|384.19
2019-10-02|382.74|383.06|374.0676|378.16
2019-10-03|378.87|381.19|374.33|380.06
2019-10-04|380.21|385.24|379.49|384.95
2019-10-07|385.01|386.68|382.69|383.78
2019-10-08|381.06|385.8|379.29|382.12
2019-10-09|384.83|386.33|382.5|384.61
2019-10-10|383.99|388.5071|383.2|386.88
2019-10-11|389.79|390.73|381.25|381.47
2019-10-14|382.77|385.37|381.39|382.61
2019-10-15|383.69|385.7|382.07|382.75
2019-10-16|382.39|384.385|380.23|382.84
2019-10-17|383.55|384.21|376.29|377.06
2019-10-18|376.72|377.71|368|372.48
2019-10-21|374.01|375.89|372.73|374.05
2019-10-22|363|377.5|363|373.68
2019-10-23|373.78|374.99|368.73|373.09
2019-10-24|373.76|377.46|372|374.74
2019-10-25|374.38|374.885|369.54|370.73
2019-10-28|371.39|375.45|370.12|371.84
2019-10-29|371.65|375.25|370.04|371.1
2019-10-30|373.22|378.99|371.47|378.64
2019-10-31|377.92|380.18|375.26|376.68
2019-11-01|378.11|380.95|376.935|379.17
2019-11-04|379.93|380.78|372.18|374.48
2019-11-05|374.06|375.77|371.31|373.63
2019-11-06|374.49|379.93|374.03|379.79
2019-11-07|380.34|382.74|377.91|378.75
2019-11-08|377.6|382.88|377.6|381.86
2019-11-11|379.51|383.41|379.31|381.38
2019-11-12|381.56|387.5|381.56|386.3
2019-11-13|385.94|390.52|385.09|387.69
2019-11-14|387.28|392.3|387.28|390.16
2019-11-15|392.27|394.49|390.28|393.55
2019-11-18|393|395.675|391.95|392.76
2019-11-19|394|395.8232|390.53|390.81
2019-11-20|391.06|393.54|390.25|392.7
2019-11-21|390.86|392.25|389.32|390.26
2019-11-22|390.19|391.3894|387.82|390.74
2019-11-25|391.6|393.1|387.49|389.98
2019-11-26|390.6|395.95|389.98|392.5
2019-11-27|393.63|394.48|391.62|394.24
2019-11-29|392|392.1951|390.042|391.03
2019-12-02|390.71|391.53|383.44|383.62
2019-12-03|381.43|384.64|380.141|381.62
2019-12-04|383.53|387.95|382.28|384.58
2019-12-05|386.06|386.5|383.01|385.94
2019-12-06|387.17|388.9|385.1|386.86
2019-12-09|386.22|387.42|383.23|383.34
2019-12-10|383.5|386.77|383.25|384.44
2019-12-11|385.51|386.612|384.03|386.24
2019-12-12|386|387.7899|383.45|384.05
2019-12-13|384|387.78|383.995|386.47
2019-12-16|387.9|388.35|384.048|385.95
2019-12-17|385|388|385|386.89
2019-12-18|387.4|387.64|379.66|380.57
2019-12-19|380.99|384.68|380.23|383.15
2019-12-20|385.03|386.6373|383|386.47
2019-12-23|387.66|394.69|387.59|391.9
2019-12-24|392.35|392.35|389.53|390.17
2019-12-26|390.9|392.45|390.48|392.3
2019-12-27|393.99|394.5|391.94|393.6
2019-12-30|393.65|393.76|390.8672|391.9
2019-12-31|391.75|391.98|387.07|389.38
2020-01-02|392.86|399.37|390.95|399.37
2020-01-03|404.02|417.17|403|413.74
2020-01-06|417.99|417.99|407.69|413.11
2020-01-07|411.25|416.12|408.29|414.5
2020-01-08|417.06|418.1803|409.72|411.03
2020-01-09|410.49|416|410|414.93
2020-01-10|415|415.6|412.48|413.83
2020-01-13|414.94|420.96|414.6601|419.02
2020-01-14|417.59|418.27|415.0669|416.14
2020-01-15|416.42|421.48|416.14|420.95
2020-01-16|423.13|425.74|420.67|425.7
2020-01-17|426.61|427.54|424.5|425.66
2020-01-21|424.42|427.78|423.01|426.15
2020-01-22|427.5|428.4976|424.36|424.42
2020-01-23|424.06|429.56|424|428.78
2020-01-24|429.9|433.522|429.69|432.5
2020-01-27|425.86|434.45|425.86|432.38
2020-01-28|434.77|438.99|426.27|437.17
2020-01-29|437.72|437.99|431.02|433.84
2020-01-30|430.3435|437|430.34|435.9
2020-01-31|434.93|435.57|426.1|428.12
2020-02-03|429.52|430|422.04|423.86
2020-02-04|425.46|431.99|425.46|430.78
2020-02-05|433.32|435.92|429.02|435.19
2020-02-06|435.56|439.86|434.9131|438.97
2020-02-07|438.14|441.21|437.29|439.17
2020-02-10|439|441.52|437.82|439.76
2020-02-11|441.36|442.5322|437.47|439.85
2020-02-12|439.01|439.69|434.6|436.6
2020-02-13|435.8|439.29|434.3|434.7
2020-02-14|434.98|438.47|434.31|437.85
2020-02-18|437|438.95|434.01|435.55
2020-02-19|437|438.27|434.4|434.48
2020-02-20|433.63|434.99|424.1562|425.97
2020-02-21|425.12|428.72|422.66|427.8
2020-02-24|419.65|424.2|418.1|419.35
2020-02-25|420.1|421.73|397.53|400.36
2020-02-26|400.31|410.52|399.34|400.9
2020-02-27|393.52|399.01|384.33|384.6
2020-02-28|369.86|373.82|360.34|369.87
2020-03-02|371.35|383.1|360.57|381.35
2020-03-03|384.84|396.9|376.59|377.4
2020-03-04|385.42|402.96|383.185|402.03
2020-03-05|393.92|397.85|382.22|384.7
2020-03-06|372.09|384.95|368.4631|382.47
2020-03-09|359.98|369.47|351.27|352.03
2020-03-10|363.01|367.67|350.6|367.17
2020-03-11|356.57|365.89|349.79|356.93
2020-03-12|322|339.42|310.08|311.38
2020-03-13|327.33|329.16|303.1|328.59
2020-03-16|295.01|311.5615|285|287.94
2020-03-17|293|319.47|287.15|318.83
2020-03-18|296.92|339.23|296.04|333.41
2020-03-19|333.41|334.1|311.205|314.2
2020-03-20|314.2|315.84|288.21|291.22
2020-03-23|285|287.06|266.11|276.8
2020-03-24|287.97|294.99|280.241|288.91
2020-03-25|300.62|329.82|293.61|319.67
2020-03-26|326|352.1|324.0116|350.33
2020-03-27|339.99|365.09|335.01|348.38
2020-03-30|351.49|356.48|342.2794|348.85
2020-03-31|344.81|346.9173|336.24|338.95
2020-04-01|324.83|340.99|322.0101|338.52
2020-04-02|335.25|354|334.545|353.96
2020-04-03|352|355.84|349.61|350.5
2020-04-06|361.91|369.95|361.91|367.95
2020-04-07|380.5|381.9|354.05|355.28
2020-04-08|361.37|372.65|358.59|361.41
2020-04-09|369.74|376.325|363.52|371
2020-04-13|370.95|373.9899|365.71|369.94
2020-04-14|378.29|386.58|374.5509|380.03
2020-04-15|376.75|376.75|367.36|374.38
2020-04-16|373.61|381.295|372.5001|377.88
2020-04-17|387.42|402.45|384.83|401.51
2020-04-20|394.08|399.968|383.21|383.21
2020-04-21|383.01|392.54|371.01|373.44
2020-04-22|383.49|383.94|375.328|380.4
2020-04-23|382.75|384.8671|376.185|376.73
2020-04-24|378.72|384.057|372.9798|381.77
2020-04-27|383.91|384.04|378|378.57
2020-04-28|381.86|387.83|380.42|384.73
2020-04-29|388.16|393.506|379.5|387.91
2020-04-30|383.1|391.44|380.44|389.06
2020-05-01|385.64|387.41|381.09|383.47
2020-05-04|382.02|382.97|374.13|380.16
2020-05-05|382.41|392.78|381.59|390.3
2020-05-06|390.89|390.89|378.41|378.58
2020-05-07|383.01|384.13|376|376.54
2020-05-08|378.03|381.13|376.25|378.4
2020-05-11|375|379.5|374.14|376.56
2020-05-12|378|382.44|371.03|371.11
2020-05-13|371.28|372.46|362.01|364.18
2020-05-14|360.99|361.54|352.26|356.28
2020-05-15|352.53|361.51|352.32|360.4
2020-05-18|371.21|380.4921|366.02|377.54
2020-05-19|378.07|382.46|371.24|371.48
2020-05-20|372.44|374|362.11|362.51
2020-05-21|362.69|370.025|362.6|368.82
2020-05-22|369.86|370.1595|365.62|369
2020-05-26|376.95|376.95|370.57|372.2
2020-05-27|376.78|397.12|376.575|397.12
2020-05-28|401.46|404.2619|398.16|398.44
2020-05-29|396.04|396.235|384.77|388.44
2020-06-01|388.94|394|387.31|388.96
2020-06-02|388.64|393.23|386.99|389.77
2020-06-03|393.65|403.6|392.59|402.63
2020-06-04|401.78|404.8697|399|403.67
2020-06-05|410|416|406.45|410.75
2020-06-08|415|417.62|411.745|414.3
2020-06-09|410.53|411.94|407|408.56
2020-06-10|406.5|409.095|403.4503|403.77
2020-06-11|392.69|397.31|383.57|383.88
2020-06-12|393.33|394.425|376.47|381.87
2020-06-15|373.28|377.1525|367.5501|373.28
2020-06-16|386.56|391.79|379.58|382.77
2020-06-17|382.5|386.235|376.92|382.11
2020-06-18|379.68|381.32|376.07|378.39
2020-06-19|383.34|383.59|372|372.2
2020-06-22|372.26|376.84|370.44|375.96
2020-06-23|378.25|378.78|371.0375|371.7
2020-06-24|370.9|371.23|358.32|359.82
2020-06-25|357.86|363.31|353.33|362.82
2020-06-26|359.56|367.42|355.01|356.76
2020-06-29|360.39|367.5|359.49|367.5
2020-06-30|365.35|367.25|362.41|364.92
2020-07-01|366.34|368.29|360.31|360.42
2020-07-02|363.53|366.0699|360.69|362
2020-07-06|366.48|367.115|360.84|362.59
2020-07-07|362.59|362.9225|352.78|353.27
2020-07-08|353.5|357.3|348.63|350.23
2020-07-09|348|349.485|339.18|339.96
2020-07-10|342.33|349.33|341.66|349.25
2020-07-13|353.6|357.02|348.6006|353.06
2020-07-14|349.13|355.92|349|355.66
2020-07-15|361.64|365.58|360.56|364.56
2020-07-16|362.3|365.94|359.02|365.88
2020-07-17|366.3|369|362.85|368.5
2020-07-20|369|369|362.427|365.53
2020-07-21|377.98|378.9|370.58|375.12
2020-07-22|376.71|394.67|375.6159|394.08
2020-07-23|393.77|394.15|385.71|387.62
2020-07-24|388|393.49|383.61|386.21
2020-07-27|384.73|385.99|380.11|382.09
2020-07-28|382|390.21|382|386.66
2020-07-29|389.56|390.4701|384.63|387.3
2020-07-30|382.71|385.844|380.86|381.72
2020-07-31|380.55|381.37|373.675|378.97
2020-08-03|376.84|378.41|371.44|377.1
2020-08-04|379.08|380.8424|376.29|377.99
2020-08-05|380|384.87|378.27|383.5
2020-08-06|381.78|383.19|378.09|379.74
2020-08-07|380.01|386.66|378.76|385.62
2020-08-10|386.02|391.11|385.96|389.26
2020-08-11|391.51|399.49|391.33|391.96
2020-08-12|394.02|396.52|391.29|392.44
2020-08-13|390.35|394.05|387|389.24
2020-08-14|388.64|394.2|388.02|391.42
2020-08-17|393.98|395.19|387.73|388.96
2020-08-18|389.17|391.91|388.3434|390.26
2020-08-19|390.08|391.97|388.84|390.05
2020-08-20|388.28|389.2|383.577|387.88
2020-08-21|387.71|390.79|386.8596|389.57
2020-08-24|390.83|395.57|389.9|395.04
2020-08-25|395.72|402.375|392.4|394.84
2020-08-26|393|397.66|390.56|395.44
2020-08-27|396.84|400.085|394.88|395.02
2020-08-28|395.51|396|391.73|395.59
2020-08-31|392.17|395|388.47|390.26
2020-09-01|387.82|389.185|385|386.81
2020-09-02|385.15|398.9|384.11|398.07
2020-09-03|399.5|401.8755|383.38|386.29
2020-09-04|388.51|391.55|379.58|385.02
2020-09-08|383.99|385.285|378.36|380.23
2020-09-09|382.69|389.42|381.0101|385.24
2020-09-10|386.02|388.5323|378.33|379.11
2020-09-11|381.47|390.4999|380.75|389.45
2020-09-14|393.37|396.67|391.62|393.75
2020-09-15|395.65|396|386.89|392.55
2020-09-16|391.11|399.6|390.93|395.58
2020-09-17|392|398.55|389.54|395.94
2020-09-18|394.15|399|394.15|395.14
2020-09-21|388.5|389.8658|377.23|379.61
2020-09-22|381.88|392.48|381.3443|388.42
2020-09-23|389.23|394.4271|381.99|383.24
2020-09-24|383.25|384.49|375.095|378.76
2020-09-25|377.45|388.4|376.45|386.7
2020-09-28|390|396.61|389.65|390.51
2020-09-29|389.61|393.15|387.51|388.74
2020-09-30|389.47|389.76|380.51|383.28
2020-10-01|384|390|379|380.89
2020-10-02|376|383.4766|374.28|380.58
2020-10-05|383.24|385.8891|378.86|383.96
2020-10-06|386.03|386.11|376.02|376.46
2020-10-07|378.6|383.84|378.56|382.94
2020-10-08|383.9|389.19|382.2784|388.59
2020-10-09|388.41|390.1|385.29|385.93
2020-10-12|386|390.51|383.26|388.92
2020-10-13|386.14|390.56|385.12|388.95
2020-10-14|387.14|395.46|387.14|390.72
2020-10-15|387.33|388.87|383.22|386.12
2020-10-16|388.49|389.78|386.09|386.5
2020-10-19|387.24|389.6|381.671|383.71
2020-10-20|382.59|385.79|371.8|372.21
2020-10-21|372.21|375|365|367.14
2020-10-22|367.5|371.11|365.15|368.96
2020-10-23|371.34|376.19|369.01|374.33
2020-10-26|369.43|369.87|362.5016|368.55
2020-10-27|367|367.98|360.805|362.43
2020-10-28|356.87|360|350.45|350.86
2020-10-29|350|356.225|348.29|352.44
2020-10-30|350.64|353.73|345.65|350.13
2020-11-02|356.12|359.91|350.72|352.42
2020-11-03|357.13|366.2|356.21|363.44
2020-11-04|371.07|381.46|369.51|372.16
2020-11-05|374.55|376.5|363.77|364.7
2020-11-06|363.3|363.73|357.95|361.27
2020-11-09|379.6|381.52|363.73|363.95
2020-11-10|365|373.435|363.94|371.28
2020-11-11|372.87|373.33|365.68|369.28
2020-11-12|367.5|370.57|365.51|367.89
2020-11-13|370.57|376|369.23|375.14
2020-11-16|378.05|380.69|376.08|377.13
2020-11-17|375.66|380.48|375.25|375.9
2020-11-18|377.49|383.4699|376.24|377.56
2020-11-19|375|377.75|372.17|376.46
2020-11-20|375.97|377.2373|367.62|368.02
2020-11-23|371.54|374.53|369.86|370.85
2020-11-24|375.28|378.48|373.06|378.48
2020-11-25|377.09|381.95|376.23|378.34
2020-11-27|378.81|378.81|373.45|374.34
2020-11-30|370.79|372.44|363.39|365
2020-12-01|368.47|373.29|364.87|364.99
2020-12-02|364.99|365.9899|360.01|361.36
2020-12-03|362.12|369.5|360.96|362.03
2020-12-04|363.12|367.73|362.11|366.61
2020-12-07|366.9|366.9|360.54|362.13
2020-12-08|360.98|363.17|358.835|359.23
2020-12-09|359.85|362.59|356.945|361.35
2020-12-10|359.52|364.215|355.195|355.39
2020-12-11|354.55|363.12|354.19|361.71
2020-12-14|363.5|365.62|357.44|357.66
2020-12-15|358.73|359.89|355.445|357.57
2020-12-16|357.25|357.899|353.65|354.57
2020-12-17|355.93|357.66|351.88|352.6
2020-12-18|352.04|356.79|350.01|356.03
2020-12-21|353.16|353.94|346.6|349.35
2020-12-22|349.35|350.62|347.385|347.92
2020-12-23|349.95|354.995|349.4|351.6
2020-12-24|352.83|354.0561|350.4|351.97
2020-12-28|353.11|357.82|351.71|354.18
2020-12-29|356|357.35|351.8|353.9
2020-12-30|353|356.61|353|354.16
2020-12-31|353.82|356.03|352.23|354.98
2021-01-04|354.98|354.98|341.065|344.64
2021-01-05|344.64|351.19|343.3|348.79
2021-01-06|343|351.92|342.7826|348.03
2021-01-07|344.36|347.8499|341.3398|342.55
2021-01-08|341.88|343.47|335.01|336.1
2021-01-11|335|339|333.32|337.68
2021-01-12|336.52|343.37|335.63|341.85
2021-01-13|341.41|347.2|339.165|345.49
2021-01-14|348|354.79|346.85|347.44
2021-01-15|347.09|350.5|344.278|347.27
2021-01-19|350.74|350.97|341.48|341.5
2021-01-20|342.54|343.78|339.215|341.67
2021-01-21|341.67|343.61|338.96|339.67
2021-01-22|338.74|341.84|337.21|339.88
2021-01-25|339.36|346.89|337.9|343.51
2021-01-26|339|343.98|330.69|330.69
2021-01-27|332.28|335.73|329.674|332.51
2021-01-28|332.14|334.68|327.1784|327.93
2021-01-29|327.1|328.98|321.72|321.82
2021-02-01|324.88|325.65|319.81|324.03
2021-02-02|327.43|335.2|326.69|332.7
2021-02-03|331.68|333.4|328.3|332.39
2021-02-04|333.99|338.42|332.18|337.23
2021-02-05|339.59|341.42|336.5|337.04
2021-02-08|339.01|339.5|335.2|337.84
2021-02-09|338.54|344.51|336.57|342.34
2021-02-10|343.22|343.74|339.15|342.19
2021-02-11|340.78|344.61|338.03|339.14
2021-02-12|338.4|340.6445|336.56|337.73
2021-02-16|339.25|340|333.8169|335.03
2021-02-17|334.7|339.27|332.79|337
2021-02-18|336.88|339.58|335.28|337.92
2021-02-19|339.07|339.09|335.25|335.42
2021-02-22|333.8|343.5599|333.21|340.47
2021-02-23|345.13|347.47|338.33|346.23
2021-02-24|347.28|350.3|344.61|346.53
2021-02-25|345.8|349.1|340.67|341.69
2021-02-26|338|338.76|330|330.25
2021-03-01|334|337.72|332.82|333.47
2021-03-02|333.27|340.01|332.67|338.59
2021-03-03|339.61|346.3312|338.59|340.91
2021-03-04|340.48|344.35|334.15|338.25
2021-03-05|338.47|341.17|335.13|340.43
2021-03-08|343.5|346.06|338.44|341.45
2021-03-09|341.41|342.85|337.27|337.5
2021-03-10|339.41|343.19|335.69|340.84
2021-03-11|341|343.63|338.46|339.73
2021-03-12|339.64|343.65|338.62|340.19
2021-03-15|344.38|346.64|342.6|346.41
2021-03-16|346.51|349|342.3|347.13
2021-03-17|347.83|355.55|347.13|351.02
2021-03-18|353.87|359|352.5428|358.45
2021-03-19|359.43|359.43|350.1|355.07
2021-03-22|352|358.37|352|357.66
2021-03-23|357.11|359.245|352.6719|353.61
2021-03-24|354.99|362.68|354.99|356.12
2021-03-25|354.77|361.79|354.22|361.22
2021-03-26|362.31|365.25|359.75|364.71
2021-03-29|365|374.24|365|372.79
2021-03-30|373.25|374.13|368.61|370.54
2021-03-31|370.75|372.61|367.38|369.5
2021-04-01|368.99|372.99|368.3439|371.02
2021-04-05|372.06|380.4|372.06|378.75
2021-04-06|376.51|380.104|376.315|378.97
2021-04-07|378.74|380.4|376.07|380.19
2021-04-08|379.6|387.42|378.31|386.02
2021-04-09|386.88|390.26|383.6619|386.23
2021-04-12|387.13|388.7056|384.288|387.85
2021-04-13|386.56|388.2|384.3398|387.11
2021-04-14|387.4|391.2407|387|388.67
2021-04-15|388.67|392|387.7|390.63
2021-04-16|392.82|394.335|389.8|391.81
2021-04-19|392|392.39|386.62|391.73
2021-04-20|388|391.5|384.62|387.33
2021-04-21|387.52|390.885|384.95|387.24
2021-04-22|386.77|386.77|378.4|380.09
2021-04-23|378.59|378.59|373.32|377.29
2021-04-26|374.28|375.31|370.72|371.98
2021-04-27|371.5|374.24|370.142|373.22
2021-04-28|373.46|373.88|370.95|372.94
2021-04-29|375|381.98|374.84|380.35
2021-04-30|378.86|382|377.6|380.56
2021-05-03|379.77|386.39|379.06|385.31
2021-05-04|387.25|390.15|384.54|387.48
2021-05-05|386.34|387.48|381.705|386.37
2021-05-06|387.99|389.3|386|387.34
2021-05-07|387|392.6|385.89|390.34
2021-05-10|391.36|396.99|391.29|393.14
2021-05-11|391.03|391.68|384.41|387.82
2021-05-12|387.97|390.35|380.2|380.62
2021-05-13|381.78|390.38|380.95|387.77
2021-05-14|390.17|392.1|388.59|390.78
2021-05-17|389.63|392.03|388.715|391.12
2021-05-18|391.27|394.17|387.08|387.22
2021-05-19|385|385.73|381.35|385.54
2021-05-20|386.79|389.54|386.07|388.32
2021-05-21|389.3|392.19|385.56|387.22
2021-05-24|389.5|389.75|385.9624|387.71
2021-05-25|387.9|389.5|385.18|385.85
2021-05-26|385.57|386.0659|382.2101|384.13
2021-05-27|387.4|387.95|384.28|387.39
2021-05-28|384.7|386|381.52|382.2
2021-06-01|384.23|384.43|381.13|381.92
2021-06-02|382.01|385.5|380.63|385.09
2021-06-03|383.76|387.54|383.095|387.35
2021-06-04|388|395.52|387.61|394.1
2021-06-07|395.04|395.72|389.6101|391.51
2021-06-08|391.51|392.66|387.07|388.53
2021-06-09|389.27|389.27|385.12|386.8
2021-06-10|389.14|389.74|386.09|387.72
2021-06-11|388.78|389.15|385.17|387.72
2021-06-14|387.61|389.455|385.88|389.11
2021-06-15|390|392.045|389.06|389.8
2021-06-16|390.81|391.0028|383.2|383.6
2021-06-17|384.28|385.52|379.57|382.9
2021-06-18|380.17|382.1|379|379.19
2021-06-21|381.23|385.44|380.61|382.5
2021-06-22|381.54|383.88|379.65|382.48
2021-06-23|382.21|382.51|377.26|377.33
2021-06-24|379.52|379.99|376.85|377.73
2021-06-25|376.89|383.42|376.89|382.01
2021-06-28|381.67|382.733|378.82|380.07
2021-06-29|379.876|380.4|373.245|373.42
2021-06-30|374.5|379.439|373.615|378.35
2021-07-01|377.31|381.115|377.215|380.22
2021-07-02|381.75|383.19|378.95|381.49
2021-07-06|380|380.34|373.6843|378.67
2021-07-07|378.41|384.6|377.4101|383.48
2021-07-08|379.53|381.69|377.93|379.92
2021-07-09|382.7|384.39|380.77|383.11
2021-07-12|381.9|383.315|376.23|379.07
2021-07-13|379|380.685|377.535|377.84
2021-07-14|377.84|378.3914|375.21|376.82
2021-07-15|375.12|378.65|375|378.25
2021-07-16|378.62|379.72|375.28|377.14
2021-07-19|375.15|376.82|367.56|372.02
2021-07-20|373.01|380.64|373|379.98
2021-07-21|379.98|384.7|379.4|380.89
2021-07-22|380.75|381.545|377.8301|379.93
2021-07-23|381.97|382.5|380.19|380.77
2021-07-26|373|374.36|366.4|368.05
2021-07-27|368.25|375.55|368.25|374.73
2021-07-28|376|376.242|370.59|372.81
2021-07-29|374.85|375.86|371.35|372.6
2021-07-30|372.07|373.64|370.11|371.67
2021-08-02|372.3|375.04|368.08|368.3
2021-08-03|369.38|369.91|366|369.45
2021-08-04|364.49|365.36|359.61|361.64
2021-08-05|362.44|363.02|359.88|360.78
2021-08-06|362.3|363.46|360.56|362.05
2021-08-09|360.7|362.4246|359.78|361.04
2021-08-10|360.19|363.06|360.1|362.24
2021-08-11|362.45|364.35|361|363.3
2021-08-12|362.33|364.3|358.8|359.75
2021-08-13|360.25|361.065|357.51|357.98
2021-08-16|357.98|360.51|355.56|360.25
2021-08-17|359.05|362.53|358.665|361.6
2021-08-18|359.5|360.5|356.56|356.6
2021-08-19|355.23|359.895|353.57|354.03
2021-08-20|354.74|358.81|353.57|357.17
2021-08-23|357.94|359.07|356.41|357.35
2021-08-24|358.97|360.49|357.92|359
2021-08-25|359.69|360.65|357.991|358.75
2021-08-26|359.1|361.98|357.2416|361.62
2021-08-27|363.29|364.33|361.18|361.99
2021-08-30|362.25|363.96|361.75|362.05
2021-08-31|359.4|360.85|358.1|359.8
2021-09-01|358.3|359.51|356.54|356.66
2021-09-02|356.81|358.735|355.52|358.05
2021-09-03|358.05|358.27|355.625|356
2021-09-07|354.72|354.72|349.07|349.2
2021-09-08|350.39|353.58|349.46|351.46
2021-09-09|350.51|351.7|347.86|348.93
2021-09-10|349.44|350.08|345.82|345.88
2021-09-13|347.91|349.28|342.75|346.31
2021-09-14|348|348.3|342.48|344.34
2021-09-15|344.8|346.93|343.91|345.07
2021-09-16|345.48|345.9436|340.75|341.5
2021-09-17|339.95|342.81|339.15|340.98
2021-09-20|338.7|340.65|335.89|338.46
2021-09-21|338.74|340.065|335.1001|336.05
2021-09-22|338.14|343.2|338.02|341.73
2021-09-23|340.29|344.775|340.11|344.2
2021-09-24|348.97|352.94|347.51|349.52
2021-09-27|352.14|357.235|351.32|353.36
2021-09-28|353.36|355.31|349.92|352.15
2021-09-29|348.13|352.58|344.97|350.29
2021-09-30|351.53|352.3|344.9|345.1
2021-10-01|347.31|349.68|342.77|347.8
2021-10-04|347.69|350.2724|343.7|345.99
2021-10-05|346|350.45|344.82|347.75
2021-10-06|347.03|350.14|344.2|349.99
2021-10-07|350.17|354.48|350.17|351.78
2021-10-08|352.08|355.16|350.8|353.75
2021-10-11|354.9|359.33|354.12|357.08
2021-10-12|356.98|360.38|356.0101|358.12
2021-10-13|359.62|362.39|353.4498|361.76
2021-10-14|362.02|364.16|360.355|362.07
2021-10-15|364.1|366.24|363.51|365.62
2021-10-18|364.33|367.88|361.875|365
2021-10-19|366.5|371.18|363.65|371.07
2021-10-20|371.78|372.57|369.8|371.13
2021-10-21|371.63|373.26|367.14|373.14
2021-10-22|373.93|377.02|372.25|374.6
2021-10-25|375.91|378.1|374.61|376.33
2021-10-26|348.33|351.2|326|331.91
2021-10-27|333.0001|336.434|330.54|330.94
2021-10-28|330|334.855|325.14|331.39
2021-10-29|330|334.3641|328.84|332.32
2021-11-01|330.47|334.198|330.07|330.93
2021-11-02|331.45|332.0407|325.31|326.31
2021-11-03|325.5|333.1|324.2278|331.35
2021-11-04|331.3|335.7396|331.3|335.5
2021-11-05|336.95|340.52|336.35|339.89
2021-11-08|341.625|343.02|337.58|341.78
2021-11-09|341.38|342|337.0997|338.17
2021-11-10|338.77|340.7|337.5|337.63
2021-11-11|337.14|337.21|333.3|335.89
2021-11-12|335.62|340.39|335.03|339.06
2021-11-15|339.55|341.65|339.43|340.92
2021-11-16|341.89|343.64|339.76|340.37
2021-11-17|339.48|343.545|339.48|341.99
2021-11-18|342.72|343.11|340.21|342.08
2021-11-19|340.88|343|339.35|341.44
2021-11-22|341.73|347.59|341.48|344.98
2021-11-23|344.98|348.09|344.67|345.18
2021-11-24|344.86|347|343.05|343.58
2021-11-26|339.29|343.23|338.08|342.72
2021-11-29|344|344.6|339.2|341.23
2021-11-30|337.2|338.355|333.03|333.32
2021-12-01|335|335.95|328.2|328.42
2021-12-02|330|333.91|328.33|330.53
2021-12-03|331.35|334.3775|330.34|333.81
2021-12-06|337.25|342.41|337.25|339.96
2021-12-07|340|342.11|338.8|339.17
2021-12-08|339.71|342.38|339.0244|341.08
2021-12-09|339.94|345.11|338.27|343.6
2021-12-10|345.84|347.24|344.6|344.88
2021-12-13|344.4|346.795|341.51|345.55
2021-12-14|343.75|348.4|343.75|345.64
2021-12-15|345.39|345.64|340|344.42
2021-12-16|345.67|347.96|343.67|344.84
2021-12-17|345.55|347.155|342.92|344.14
2021-12-20|341|341.19|333.42|337.42
2021-12-21|338.77|343.38|338.65|340.77
2021-12-22|341.16|344.35|341.03|343.14
2021-12-23|343.78|348.32|343.78|347.02
2021-12-27|347.1|350.81|347|350.28
2021-12-28|350.06|355.17|349.5114|353.75
2021-12-29|353.44|355.5|352.69|354.27
2021-12-30|355|357.83|353.51|353.58
2021-12-31|353.17|357.06|351.555|355.41
2022-01-03|354.68|356.59|353.03|354.36
2022-01-04|355.53|363.54|355.21|361.99
2022-01-05|363|364|357.87|358.14
2022-01-06|360|361.24|357.55|358
2022-01-07|359.08|362.99|358.15|360.14
2022-01-10|363|369.46|361.41|363.25
2022-01-11|364.01|365.0379|361.27|364.14
2022-01-12|363.38|366.155|359.45|361.3
2022-01-13|362.06|367.36|360.12|365.18
2022-01-14|365.18|372.99|363.97|372.62
2022-01-18|370.45|377.36|368.86|376.54
2022-01-19|375.5|381.45|374.1765|377.33
2022-01-20|377.01|381.15|374.01|375.13
2022-01-21|374|377.1|369.68|371.2
2022-01-24|369.55|374.54|365.34|373.33
2022-01-25|377.845|388|370.78|387.17
2022-01-26|388|393.63|383.7|391.24
2022-01-27|389.39|395.6|384.735|389.08
2022-01-28|389.1|393.33|384.78|393.15
2022-01-31|390.5|390.99|384.68|389.13
2022-02-01|390.22|390.51|386.21|387.01
2022-02-02|386.11|388.35|385.01|387.34
2022-02-03|388.18|392.1666|386.39|389.7
2022-02-04|388|392.84|385.32|389.33
2022-02-07|392|395.58|388.3|392.34
2022-02-08|395.68|396.835|390.6|396.04
2022-02-09|395.5|397.6171|393.69|394.54
2022-02-10|393.04|395.66|383.93|385.43
2022-02-11|386.76|398.85|385.35|396.19
2022-02-14|393.98|395.5199|383.79|386.97
2022-02-15|381.91|387.3|378.32|382.22
2022-02-16|382.85|388.7078|382|386.9
2022-02-17|386.12|391.69|385.77|388.77
2022-02-18|389.14|391.08|385.705|386.46
2022-02-22|391.27|393.42|385.07|386.2
2022-02-23|389.17|390.28|384.5|388.9
2022-02-24|398.23|398.98|387.42|395.71
2022-02-25|395.23|414.45|395.22|409.49
2022-02-28|413.81|433.9|413.5|433.8
2022-03-01|435|458.53|435|456.61
2022-03-02|445.37|451.56|429.28|450
2022-03-03|444.72|455.9|437.4435|447.82
2022-03-04|450.05|462.66|443.07|458.15
2022-03-07|463.01|479.99|463|466.15
2022-03-08|463.78|468|448.36|448.99
2022-03-09|437.5|455.735|432.43|448.72
2022-03-10|450.63|456.9599|442.24|444.36
2022-03-11|442|448.685|438.61|439.04
2022-03-14|449.44|449.78|439.21|444.45
2022-03-15|444.75|450.42|440.28|448.67
2022-03-16|435.05|436.89|411.36|421.34
2022-03-17|427.06|431.78|424.8|428.59
2022-03-18|434.67|437.49|421.7001|426.18
2022-03-21|431.63|447.93|431.63|440
2022-03-22|439.45|443.84|434.19|440.59
2022-03-23|444|447.5|442.35|445.25
2022-03-24|445.3|451.5|443.23|449.73
2022-03-25|450.03|457.53|450|453.66
2022-03-28|449.32|450.46|443.31|444.98
2022-03-29|433.25|438.12|429.32|437.15
2022-03-30|439.32|447.06|439.305|445.95
2022-03-31|441.96|448.8699|441|441.4
2022-04-01|442.22|448.99|438.8177|445.98
2022-04-04|447.48|448|439.55|444.01
2022-04-05|445|454.81|443.38|447.24
2022-04-06|446.38|457.56|446.38|454.58
2022-04-07|453|467.4|450.79|465.51
2022-04-08|467.72|471.59|459.61|461.52
2022-04-11|463.79|474.45|462.19|464.25
2022-04-12|466.2|471.7399|461.38|467.55
2022-04-13|471|474.61|466.25|469.19
2022-04-14|471.91|473.73|466.04|467.66
2022-04-18|467|471.9699|459.11|467.44
2022-04-19|462.49|475.5|458.425|459.9
2022-04-20|459.88|461.36|452.78|453.87
2022-04-21|455|455.95|438.85|439.54
2022-04-22|440.89|450.9|438.3924|445.79
2022-04-25|443|444.82|433.27|442.89
2022-04-26|447.04|452.32|443.1803|446.09
2022-04-27|446.23|452|439.2655|444.98
2022-04-28|449|449|437.52|441.71
2022-04-29|444.43|445.01|430.38|432.12
2022-05-02|429.6|437.49|426.15|430.81
2022-05-03|434.38|437.6|430.955|434.77
2022-05-04|437.03|445.99|434.885|445.74
2022-05-05|445.74|447.47|438.6091|443.15
2022-05-06|441.53|449.58|439.91|449.43
2022-05-09|447.03|448.78|437.12|438.84
2022-05-10|439.94|446.5|437.5|439.13
2022-05-11|437.5|444.99|436.615|440.41
2022-05-12|439.26|441.32|428.35|434.59
2022-05-13|435.36|437.705|429|435.17
2022-05-16|435|440.365|432.155|437.55
2022-05-17|439.81|442.22|431.26|441
2022-05-18|441|442.07|433.1034|434.33
2022-05-19|430.85|432.99|419.285|425.62
2022-05-20|428|428|417.29|424.15
2022-05-23|427.44|435.645|427.44|433.03
2022-05-24|433|443.31|433|442.78
2022-05-25|443.48|448.63|441.3|447.54
2022-05-26|450|454.06|447.765|447.99
2022-05-27|451.14|451.47|444.46|450.56
2022-05-31|443|445|438.41|440.11
2022-06-01|443.03|443.85|436.49|439.3
2022-06-02|441.76|442.54|430.4401|441.11
2022-06-03|440|446.578|439.16|442.69
2022-06-06|443.82|446.0007|441.56|443.41
2022-06-07|442|456.67|441.3989|456.3
2022-06-08|452|454.64|442.91|443.41
2022-06-09|443.42|443.5493|432.5|432.72
2022-06-10|431|434.35|425.75|430.19
2022-06-13|424.4|428.36|421.522|423.93
2022-06-14|424.01|424.16|411.11|416.17
2022-06-15|417.56|419|408.87|414.1
2022-06-16|410.43|412.89|403.02|404.79
2022-06-17|403.57|405.4|394.66|404.01
2022-06-21|412|420.5|409.0101|418.96
2022-06-22|414.06|420.42|411.79|415.45
2022-06-23|415.37|416.27|407.18|410.62
2022-06-24|415.84|419.48|410.68|419.04
2022-06-27|419.04|423.19|417.47|419.25
2022-06-28|423|427.56|419.35|420.71
2022-06-29|423.06|424.4063|416.43|418.89
2022-06-30|418.16|430.32|416.88|429.96
2022-07-01|429.74|434.96|424.48|433.52
2022-07-05|424.79|425.77|407.21|415.25
2022-07-06|416.9|427.86|415.28|425.89
2022-07-07|424.48|427.995|419.55|422.19
2022-07-08|425.54|426.965|419.97|420.35
2022-07-11|417.9|423|415.38|419.07
2022-07-12|419.47|419.89|412.6|413.99
2022-07-13|409.11|417.77|407.73|408
2022-07-14|403.19|405.37|397.52|400.31
2022-07-15|403.71|403.71|397.81|398.38
2022-07-18|399.97|400|387.03|387.28
2022-07-19|378.82|390.57|373.67|390.38
2022-07-20|390.66|397.48|385.665|395.22
2022-07-21|394.32|395.55|389.64|395.2
2022-07-22|399.95|401.97|393.46|394.74
2022-07-25|394.37|403.725|393.625|399.8
2022-07-26|400.18|402.98|396.57|396.81
2022-07-27|397.79|399.25|394|398.54
2022-07-28|399.15|406.77|396.14|406.08
2022-07-29|406.49|414.15|402|413.81
2022-08-01|418.24|428.5|416.64|419.28
2022-08-02|425.01|432.835|419.1|428.78
2022-08-03|427.27|431.76|419.6423|429.3
2022-08-04|430.71|434.6525|426.89|428.13
2022-08-05|425.26|427.8431|419.53|426.41
2022-08-08|427.5|429.37|421.675|423.86
2022-08-09|426.95|431.88|425.7001|428.55
2022-08-10|430.07|432.25|426.34|429.99
2022-08-11|429.24|432.49|427.2|428.85
2022-08-12|428.9|434.29|427.19|434.24
2022-08-15|432.68|439.97|429.855|438.01
2022-08-16|436.92|445|436.92|440.16
2022-08-17|436.13|445.49|435.001|441.59
2022-08-18|441.908|444.5799|436.87|439.35
2022-08-19|438.48|440.92|436.04|440.03
2022-08-22|438.51|441.64|431.84|432.33
2022-08-23|432.93|434.73|430.3|433.12
2022-08-24|433.99|435.45|430.94|433.71
2022-08-25|433.71|438.84|432.43|438.64
2022-08-26|440.4|442.775|430.94|431.13
2022-08-29|427.66|433.9|426.48|429.68
2022-08-30|429.44|430.37|424.01|425.11
2022-08-31|422.36|424.74|420.019|420.11
2022-09-01|418.24|423.5821|417.8|422.61
2022-09-02|424.99|425.69|417.55|418.57
2022-09-06|419.01|423.27|415.78|417.78
2022-09-07|415.35|420.9|412.26|420.14
2022-09-08|419.57|421.065|414.77|419.65
2022-09-09|420.69|423.62|419.015|421.53
2022-09-12|421|421.49|417.5|418.64
2022-09-13|417.32|420.8|407.36|409.33
2022-09-14|410.19|418.4|408.3|416.63
2022-09-15|414.83|414.83|410.725|413.59
2022-09-16|411.25|415.77|410.01|414.29
2022-09-19|414|417.64|412.73|416.52
2022-09-20|416|421.41|412.34|420.58
2022-09-21|427.99|433.786|420.03|420.2
2022-09-22|419.83|424.72|413|422.08
2022-09-23|419.78|420.01|407.5796|413.07
2022-09-26|411.69|412.205|406.51|407.65
2022-09-27|409.2|410.315|398.365|399.74
2022-09-28|397.2|402.09|391.1|400
2022-09-29|398.98|399.41|385.885|389.79
2022-09-30|381.63|389.9|381.55|386.29
2022-10-03|389.74|402.83|389.08|399.74
2022-10-04|403.11|407.84|399.83|406.11
2022-10-05|406.11|407.66|400.78|402.51
2022-10-06|401.62|403.595|398.08|399.61
2022-10-07|398.56|404.67|396.01|403.96
2022-10-10|407.59|418.6299|406.15|409.99
2022-10-11|405.66|416.155|405.66|411.06
2022-10-12|406.93|408.9|397.14|397.42
2022-10-13|393|407.05|391.2242|405.96
2022-10-14|404.33|405.38|388.1|389.41
2022-10-17|393|400.605|392.145|397.31
2022-10-18|403.15|435.5094|401.54|431.84
2022-10-19|433.97|447.565|430.35|439.96
2022-10-20|439.62|445.31|437.95|444.34
2022-10-21|443.72|454.69|440.15|454.61
2022-10-24|459.08|466.1771|455.5601|457.46
2022-10-25|454.05|463.535|452.19|460.15
2022-10-26|462.17|470.64|460.46|462.56
2022-10-27|464.58|474.175|464.4|471.93
2022-10-28|474|491.14|472.3|484.87
2022-10-31|480.45|488.23|479.4343|486.68
2022-11-01|486.03|491.155|483.87|485.63
2022-11-02|484.54|488.88|481.5|482.06
2022-11-03|479.77|489.97|478.55|484.82
2022-11-04|485.16|486.5|472.57|481.67
2022-11-07|482.48|489.96|480.96|488.63
2022-11-08|488.88|494.66|486.8441|494.12
2022-11-09|489.75|492.44|484.24|485.18
2022-11-10|488.26|491.22|479.7|490.77
2022-11-11|480.74|483.83|462.61|463.86
2022-11-14|467.35|471.98|459.37|462.04
2022-11-15|465.84|474.99|458.05|467.25
2022-11-16|465.24|469.2599|461.59|466.24
2022-11-17|465|474.78|464.26|472.77
2022-11-18|473.63|480.87|472.77|476.82
2022-11-21|478.49|483.96|478.23|480.94
2022-11-22|482.97|484.26|479.2775|479.5
2022-11-23|479.78|482.99|478.72|481.07
2022-11-25|484.3|484.5|481.415|483.46
2022-11-28|480.11|485.24|480|483.21
2022-11-29|483.1|485.095|481.74|484.1
2022-11-30|480|485.95|477.73|485.19
2022-12-01|486.52|488|480.67|483.69
2022-12-02|481.81|498.95|481.81|496.23
2022-12-05|490.87|494.98|488.32|490.67
2022-12-06|491.32|491.32|482.2|484
2022-12-07|484.3|489.24|480.475|481.2
2022-12-08|485.26|488.81|481.55|485.38
2022-12-09|485.64|490.36|483.21|483.58
2022-12-12|484.95|487.17|482.5|486.32
2022-12-13|490|490.37|478.67|480.22
2022-12-14|481.19|488.27|480.14|485.19
2022-12-15|481|485.1|475.12|478.79
2022-12-16|475.63|482.61|473.665|481.79
2022-12-19|481.78|487.98|479.93|481.79
2022-12-20|482.88|491.4499|481.815|486.15
2022-12-21|487.88|490.57|485.69|487.65
2022-12-22|486.5|486.82|473.95|479.3
2022-12-23|479.5|484.1835|478.36|483.29
2022-12-27|485|489.24|483.5|485.5
2022-12-28|486.15|489|482.9|483.22
2022-12-29|484|489.57|483.3|487.05
2022-12-30|488|489.81|481.235|486.49
2023-01-03|483.39|484.25|474.01|477.53
2023-01-04|473.25|479.7|469.3|476.5
2023-01-05|475.69|478.1371|469.9|477.07
2023-01-06|480|488|465.765|473.24
2023-01-09|467.79|470.79|455.3001|458.99
2023-01-10|462.18|465.47|456.895|462.29
2023-01-11|463.37|465.55|461.04|463
2023-01-12|462.99|465.88|459.19|461.74
2023-01-13|446.5|453.711|444.74|449.83
2023-01-17|450.3|453.5|446.6701|447.16
2023-01-18|447.16|448.2321|440.65|441.27
2023-01-19|442.76|445.92|439.03|439.31
2023-01-20|441.34|443.35|437.62|443.28
2023-01-23|443.11|446.8313|440.86|441.28
2023-01-24|442.17|450.96|437.69|449.23
2023-01-25|448|455.81|444.8401|454.16
2023-01-26|455.35|463.76|452.83|459.81
2023-01-27|460.86|466.68|457.45|459.6
2023-01-30|462|466.6999|459.9|460.59
2023-01-31|462.28|463.48|459.01|463.26
2023-02-01|462.51|465.28|459.8|462.25
2023-02-02|458.37|460.43|453.92|457.19
2023-02-03|459.27|462.6|454.94|459.08
2023-02-06|463.58|469.77|462.75|469.1
2023-02-07|472.55|472.99|463.1459|468.33
2023-02-08|464.97|471.38|463.32|469.65
2023-02-09|472.43|474.3407|468.195|470.09
2023-02-10|472.38|481.86|472.38|480.83
2023-02-13|485.19|489.5|480.1|481.97
2023-02-14|482.45|485|479.6636|481.58
2023-02-15|480.83|484.2499|477.4|480.51
2023-02-16|477|477.58|466.1|471.25
2023-02-17|471.79|475.66|470.84|475.63
2023-02-21|480.51|482.4|475.2|479.19
2023-02-22|478.81|481.67|477.47|479.53
2023-02-23|480|483.09|475.53|479.08
2023-02-24|479.46|481.8|477.3|480.4
2023-02-27|480.53|484.1|477.19|479.49
2023-02-28|477.04|478.53|471.82|474.26
2023-03-01|473.27|477.215|471.29|474.33
2023-03-02|472.98|479.17|472.97|478.31
2023-03-03|478.9|479.5361|476.38|477.89
2023-03-06|476.82|481.8|476.82|480.17
2023-03-07|481.5|485.09|478|478.66
2023-03-08|481.04|487.6403|476.71|479.5
2023-03-09|483|483.26|474.61|475.85
2023-03-10|475.71|482.3|474.42|475.5
2023-03-13|471.87|478.9044|470.795|477.33
2023-03-14|480.29|481.27|474.87|478.87
2023-03-15|475|475.13|464.5707|473.31
2023-03-16|470.94|478.05|467.74|473.24
2023-03-17|474.12|474.92|463.29|465.87
2023-03-20|468.22|477.765|465.21|475.7
2023-03-21|478.87|479.25|471.3|474.76
2023-03-22|475.44|476.7699|468.32|468.9
2023-03-23|468.63|470.95|466.5|467.9
2023-03-24|467.9|475.67|467.1484|474.54
2023-03-27|477.11|477.56|472.41|473.39
2023-03-28|474|475.61|471.16|471.44
2023-03-29|471.26|474.3|470.68|474.19
2023-03-30|474.54|475.8|471.73|473.18
2023-03-31|474.19|475.35|471.03|472.73
2023-04-03|473|487.9004|472.75|486.62
2023-04-04|485.59|490.63|484.75|488.54
2023-04-05|488|493.825|487.03|489.99
2023-04-06|491.47|496.975|489.01|490.17
2023-04-10|491.77|498.415|491.77|496.75
2023-04-11|496.38|496.75|487.01|487.84
2023-04-12|482.8|491.25|481.69|488.1
2023-04-13|486.82|493.51|485.979|492.14
2023-04-14|489.94|491.5|485.11|487.99
2023-04-17|486.57|492.257|486.57|489.64
2023-04-18|499|508.1|498|501.41
2023-04-19|502|503.33|493.88|495.16
2023-04-20|495.83|495.83|489.06|490.6
2023-04-21|491.24|491.2834|480.61|482.55
2023-04-24|482.39|483.53|478.72|480.92
2023-04-25|480.7|480.92|475.56|475.58
2023-04-26|473.95|473.95|459.6|461.62
2023-04-27|461.85|466.33|461.15|465
2023-04-28|464.82|466.16|462.395|464.45
2023-05-01|465.04|471.08|464.55|469.43
2023-05-02|468.38|468.53|457.25|458.89
2023-05-03|458.2|459.4748|452.69|453.07
2023-05-04|453.66|454.04|446.21|451.93
2023-05-05|452.69|457.1|452.08|455.54
2023-05-08|456.49|458.3|450.065|450.96
2023-05-09|452.9|453.9099|450.1001|452.04
2023-05-10|452.81|453.29|448.71|453.15
2023-05-11|450.58|452.2195|448.54|450.69
2023-05-12|452.8|453.87|447.8|450.79
2023-05-15|450.79|453.35|449.42|451.92
2023-05-16|452.09|452.44|447.66|447.73
2023-05-17|450|458.41|449.94|457.3
2023-05-18|455.41|456.74|449.4|455.75
2023-05-19|457.03|458.27|452.86|454.49
2023-05-22|454|457.365|451.5903|454.72
2023-05-23|452.11|456.4|450|452.63
2023-05-24|453.24|456.7431|451.18|452.72
2023-05-25|451.5|451.5|439.7|442.83
2023-05-26|442.86|451.77|442.1|448.45
2023-05-30|448.08|448.89|444.29|447.97
2023-05-31|444.62|445.93|443|444.01
2023-06-01|445.6|450.78|443.4201|449.67
2023-06-02|452.12|456.355|450.555|454.49
2023-06-05|456.14|456.94|452.48|454.69
2023-06-06|456.52|459.34|454.3944|458.63
2023-06-07|458.12|463.75|455.01|461.75
2023-06-08|462.18|466.42|461.46|464.17
2023-06-09|465.39|465.39|460.39|462.69
2023-06-12|462.79|462.87|458.18|459.87
2023-06-13|456.01|456.9699|445.89|452.37
2023-06-14|451.41|453.42|448.57|452.55
2023-06-15|454|458.5059|453.92|455.95
2023-06-16|457.73|461.77|456.6|459.17
2023-06-20|459.48|461.89|457.48|458.38
2023-06-21|461.06|467.17|458.01|466.04
2023-06-22|465.52|466.05|461.5|463.43
2023-06-23|463.52|465.42|458.13|459.36
2023-06-26|455.94|456.16|446.68|452.8
2023-06-27|452.79|455.63|452.42|453.15
2023-06-28|453.58|453.76|447.46|449.66
2023-06-29|449.92|457.53|448.78|457.44
2023-06-30|459.24|462.67|456.79|460.38
2023-07-03|460|463.33|457.55|462.58
2023-07-05|461.57|463.3499|458.935|462.76
2023-07-06|463|463|459.34|461.64
2023-07-07|460|461.89|458.1|458.71
2023-07-10|458.5|462.59|458.05|460.38
2023-07-11|461.27|467.1|459.79|466.29
2023-07-12|467.2|467.22|461.12|461.96
2023-07-13|461|467.44|460.33|466.38
2023-07-14|466|466.52|462.36|464.31
2023-07-17|466.29|473.9899|465.62|469.97
2023-07-18|474.37|479.5|454.2841|455.7
2023-07-19|457|459.2832|448.11|451.51
2023-07-20|452.63|458.2|452.0001|456.01
2023-07-21|454.81|456.935|453.35|454.76
2023-07-24|456|457.945|454.0364|456.8
2023-07-25|452.43|454.76|447.42|454.15
2023-07-26|454.33|457.05|451.87|452.81
2023-07-27|451.5|452.42|445.32|448.64
2023-07-28|448|450.65|446.49|449
2023-07-31|449.71|449.71|444.63|446.37
2023-08-01|447.03|453.12|446.9|451.28
2023-08-02|451.28|453.13|447.91|448.56
2023-08-03|447.32|450.2|445.98|447.92
2023-08-04|448.58|450.29|445.31|445.72
2023-08-07|447.32|450.47|446.276|449.78
2023-08-08|449|450.51|447.57|449.47
2023-08-09|450.08|454.05|449.99|452.81
2023-08-10|452|453.97|449.26|450.05
2023-08-11|451.18|454.09|450.52|454.05
2023-08-14|454.59|455.61|449.66|450.08
2023-08-15|448|450|443.28|443.58
2023-08-16|442.86|447.03|442.3|445.13
2023-08-17|446.64|450.22|446.435|446.68
2023-08-18|445.42|455.365|445.38|450.06
2023-08-21|449.84|453.03|449|451.49
2023-08-22|451.74|453.89|450.46|452.94
2023-08-23|454.58|454.89|452.085|454.57
2023-08-24|453.26|457.67|452.44|452.55
2023-08-25|455.26|455.26|449.06|451.09
2023-08-28|450.81|453.33|450.2701|452.32
2023-08-29|452.32|453.26|444.49|448.4
2023-08-30|449.44|455.92|448.485|452.41
2023-08-31|450.82|453.62|448.14|448.35
2023-09-01|450.32|451.89|447.78|448.18
2023-09-05|448|448.33|445.05|445.19
2023-09-06|440.24|441.34|423.66|423.94
2023-09-07|424|427.775|422|425.94
2023-09-08|426.33|426.44|422.25|423.09
2023-09-11|422.22|422.725|416.515|420.66
2023-09-12|419.54|420.1125|415.94|417.83
2023-09-13|419.82|422.25|418.5801|420.99
2023-09-14|420.73|426.655|420.73|425.89
2023-09-15|423.91|428.88|423.71|424.05
2023-09-18|427.66|431.45|426.6|429.86
2023-09-19|430.25|431.075|425.06|425.31
2023-09-20|426.95|430.85|426.67|426.95
2023-09-21|425.73|426.61|417.19|417.54
2023-09-22|415.94|417.5|413.225|413.65
2023-09-25|413.23|413.95|411.51|412.9
2023-09-26|410.63|411.27|407.7472|408.75
2023-09-27|409.18|410|405.72|408.72
2023-09-28|409.9|412.86|408.815|410.96
2023-09-29|410.96|411.4469|407.59|408.96
2023-10-02|408.96|410.9899|405.89|407.82
2023-10-03|407.39|407.5|402.59|403.83
2023-10-04|400.66|402|397.105|401.33
2023-10-05|400.96|401.4299|394.62|397.35
2023-10-06|395.4|402.415|393.77|400.73
2023-10-09|428.72|436.6|423.39|436.53
2023-10-10|441.52|442.62|432.53|435.1
2023-10-11|434.72|438.8|433.3|436.65
2023-10-12|438.05|439.09|430.1098|434.14
2023-10-13|438.53|443.12|434.67|441.06
2023-10-16|439.42|443.4995|434.39|440.41
2023-10-17|436.56|452.79|435.13|441.13
2023-10-18|443.31|447.89|440.2668|446.07
2023-10-19|443.66|449.67|442.1915|449.18
2023-10-20|451.37|452.6|444.01|444.17
2023-10-23|444.21|452.06|443.49|446.16
2023-10-24|449.13|450.61|440.34|440.9
2023-10-25|444.34|449.38|443.68|447.69
2023-10-26|448.01|451.09|443.68|445.97
2023-10-27|443.42|447.6587|440.235|443.39
2023-10-30|444.42|446.86|442.8|445.84
2023-10-31|447.3|455.13|445.41|454.64
2023-11-01|456.33|456.7|451.46|452.38
2023-11-02|450.75|458.224|450.75|458.04
2023-11-03|455.11|457.76|451.13|453.34
2023-11-06|454.84|454.84|450.64|451.16
2023-11-07|453.16|453.16|449.69|450.15
2023-11-08|450.15|451.7713|444.03|444.66
2023-11-09|445.41|445.61|439.6754|442.46
2023-11-10|444.01|445.83|440.97|444.87
2023-11-13|445|448.57|443.29|445.03
2023-11-14|443|446.73|441.86|444.22
2023-11-15|443.47|448.01|443.47|445.14
2023-11-16|445.8|447.67|443.55|445.59
2023-11-17|446.64|447.23|444.22|444.68
2023-11-20|444.03|445.59|440.76|443.81
2023-11-21|445|448.57|444.155|448.15
2023-11-22|447.5|451.7|447.5|450.4
2023-11-24|451.69|452.59|449.74|452.01
2023-11-27|451.86|452.8299|445.43|445.49
2023-11-28|447.86|450.88|446|448.27
2023-11-29|449.54|449.54|443.91|445.01
2023-11-30|443|447.86|442.51|447.77
2023-12-01|448.4|450.66|448.15|449.41
2023-12-04|447.37|450.96|446.11|450.69
2023-12-05|450.29|450.6437|445.9|446.24
2023-12-06|445.5|450.44|445.5|449.41
2023-12-07|450.42|451.39|446.29|447.11
2023-12-08|448.57|450.53|447.4595|448.02
2023-12-11|451.88|453.26|449.51|451.26
2023-12-12|451.68|453.75|450.37|451.63
2023-12-13|452.95|454.19|450.5|451.44
2023-12-14|450.51|450.87|441.44|445.27
2023-12-15|441|444.545|438.71|441.81
2023-12-18|442.71|447.26|442.27|446.91
2023-12-19|447.68|448.59|446.15|447.79
2023-12-20|448.04|448.5499|442.57|442.6
2023-12-21|444.24|448.1|444.215|448.02
2023-12-22|450|451.74|448.11|448.22
2023-12-26|448.15|451.44|447.82|450.18
2023-12-27|448.55|451.0185|448.41|448.97
2023-12-28|448.97|451.825|448.46|451.23
2023-12-29|452|453.5|451.148|453.24
2024-01-02|454.3|462.05|454.3|456.12
2024-01-03|458.79|464.1|457.805|459.12
2024-01-04|462.31|463.95|457.77|457.87
2024-01-05|460.04|460.11|453.27|456.5