2018-08-01|41.44|41.73|41.32|41.71
2018-08-02|41.1|41.65|41|41.55
2018-08-03|41.64|41.95|41.555|41.69
2018-08-06|41.2|41.42|40.995|41.07
2018-08-07|41.07|41.25|40.84|41.24
2018-08-08|41.56|42.11|41.45|41.97
2018-08-09|41.94|41.945|41.68|41.84
2018-08-10|41.3|41.3|40.79|41.03
2018-08-13|40.69|40.99|40.47|40.71
2018-08-14|41|41.19|40.87|40.91
2018-08-15|40.45|40.55|40.115|40.45
2018-08-16|40.45|40.73|40.37|40.41
2018-08-17|40.19|40.215|39.79|40.13
2018-08-20|40.02|40.245|39.9|40.1
2018-08-21|40.37|41.035|40.36|40.89
2018-08-22|40.85|41.05|40.54|40.9
2018-08-23|41.3|41.35|40.68|40.68
2018-08-24|40.93|41.41|40.83|41.24
2018-08-27|41.43|41.71|41.37|41.53
2018-08-28|42.39|42.76|42.25|42.35
2018-08-29|43.19|44.38|43.09|44.13
2018-08-30|44.35|44.49|43.41|43.46
2018-08-31|43.12|43.61|42.96|43.6
2018-09-04|43.26|44.12|43.19|44.11
2018-09-05|44.09|44.57|44.02|44.22
2018-09-06|43.94|44.07|43.5802|44.05
2018-09-07|44|45.24|43.98|44.88
2018-09-10|45|45.06|44.52|44.62
2018-09-11|43.64|44.57|43.575|44.55
2018-09-12|43.92|44.3|43.82|43.94
2018-09-13|43.99|43.99|43.27|43.43
2018-09-14|44.02|44.56|43.95|44.41
2018-09-17|43.63|44.14|43.4687|43.76
2018-09-18|43.5|44.09|43.35|43.56
2018-09-19|44.2|44.385|43.74|44.02
2018-09-20|44.25|44.43|43.9|44.17
2018-09-21|44.25|44.405|44.02|44.06
2018-09-24|43.84|44.94|43.79|44.89
2018-09-25|44.8|44.9081|44.13|44.17
2018-09-26|44.25|44.7335|44.25|44.27
2018-09-27|44.6|45.23|44.58|44.76
2018-09-28|44.5|44.62|43.97|44.16
2018-10-01|44.55|44.96|44.42|44.66
2018-10-02|43.7492|43.99|43.45|43.62
2018-10-03|44.04|44.24|43.57|43.96
2018-10-04|43.07|43.08|41.97|42.43
2018-10-05|41.88|42.07|41.165|41.63
2018-10-08|40.76|41.17|40.4|40.96
2018-10-09|41|41.3|40.58|40.9
2018-10-10|40.35|40.44|39.35|39.35
2018-10-11|38.5|39.6|38.33|38.94
2018-10-12|40.14|40.575|39.19|39.66
2018-10-15|39.47|39.59|38.72|38.75
2018-10-16|39.84|40.055|39.4|40.01
2018-10-17|40|40.09|39.18|39.57
2018-10-18|39.8|39.95|38.455|38.54
2018-10-19|39.16|39.32|38.34|38.45
2018-10-22|39.19|39.23|38.54|38.72
2018-10-23|37.42|38.18|37.26|38
2018-10-24|37.56|37.56|36.43|36.48
2018-10-25|36.78|37.55|36.49|37.39
2018-10-26|36.55|37.29|36.14|36.67
2018-10-29|37.17|37.41|35.97|36.33
2018-10-30|36.84|37.8|36.67|37.78
2018-10-31|38.69|38.99|38.03|38.1
2018-11-01|38.78|39.08|38.39|39.05
2018-11-02|39.18|39.485|38.43|38.78
2018-11-05|38.72|38.82|38.31|38.48
2018-11-06|38.5|38.85|38.42|38.73
2018-11-07|39.29|39.3|38.72|39.18
2018-11-08|38.79|39.06|38.69|38.7
2018-11-09|38.09|38.39|37.81|38.07
2018-11-12|37.86|37.92|37.01|37.06
2018-11-13|37.39|38.12|37.24|37.4
2018-11-14|38.2|38.34|37.37|37.84
2018-11-15|38.07|38.57|37.89|38.52
2018-11-16|37.07|37.2|36.66|36.87
2018-11-19|36.64|36.68|35.9635|36.05
2018-11-20|35.4|35.99|35.22|35.64
2018-11-21|36.42|36.72|36.135|36.17
2018-11-23|35.83|36.2|35.75|35.96
2018-11-26|36.71|36.885|36.47|36.84
2018-11-27|36.39|36.82|36.39|36.8
2018-11-28|37.27|38.02|37.07|38.01
2018-11-29|37.95|38.37|37.87|37.93
2018-11-30|37.24|37.6|37.08|37.59
2018-12-03|38.82|39|38.38|38.73
2018-12-04|38.53|38.78|37.43|37.44
2018-12-06|35.7|36.86|35.61|36.86
2018-12-07|36.65|36.935|36.135|36.52
2018-12-10|36.31|36.83|36.078|36.43
2018-12-11|37.24|37.35|36.3003|36.7
2018-12-12|37.61|37.7|37.27|37.38
2018-12-13|37.49|37.66|37.19|37.33
2018-12-14|36.8|37.11|36.53|36.53
2018-12-17|36.63|36.94|36.115|36.22
2018-12-18|36.61|37|36.61|36.76
2018-12-19|36.62|37.275|36.1|36.23
2018-12-20|36.41|36.7456|35.54|35.88
2018-12-21|36.64|36.93|35.65|35.71
2018-12-24|35.56|35.89|35.27|35.29
2018-12-26|35.33|36.77|35.33|36.76
2018-12-27|36.2|36.8|35.955|36.78
2018-12-28|37.13|37.68|37.02|37.14
2018-12-31|37.43|37.585|36.77|36.91
2019-01-02|36.2|36.75|36|36.52
2019-01-03|35.34|35.52|34.271|34.36
2019-01-04|34.46|35.035|34.2145|34.97
2019-01-07|35.01|35.47|34.97|35.23
2019-01-08|35.11|35.18|34.64|34.94
2019-01-09|35.33|35.96|35.33|35.61
2019-01-10|35.46|36.48|35.4|36.42
2019-01-11|36.45|36.77|36.235|36.61
2019-01-14|36.13|36.19|35.72|35.76
2019-01-15|36.04|36.23|35.8|36.04
2019-01-16|35.9|36.03|35.64|35.64
2019-01-17|34.92|36.55|34.83|36.29
2019-01-18|36.24|37.01|36.16|36.84
2019-01-22|36.5|36.76|36.1|36.37
2019-01-23|36.53|36.735|36.24|36.49
2019-01-24|36.88|37.64|36.78|37.64
2019-01-25|38|38.26|37.88|38.14
2019-01-28|36.92|37.66|36.9|37.44
2019-01-29|37.29|37.29|36.3|36.33
2019-01-30|36.81|37.45|36.29|37.38
2019-01-31|37.31|38.1|37.31|37.62
2019-02-01|37.75|37.87|37.44|37.57
2019-02-04|37.5|38.01|37.38|37.94
2019-02-05|37.92|38.27|37.88|38.25
2019-02-06|38.42|38.82|38.31|38.74
2019-02-07|38.37|38.46|37.825|38.12
2019-02-08|37.71|37.92|37.5|37.79
2019-02-11|37.92|38.29|37.83|38.29
2019-02-12|38.64|38.765|38.435|38.64
2019-02-13|38.37|38.48|38.05|38.13
2019-02-14|37.92|38.21|37.76|38.06
2019-02-15|37.91|38.28|37.87|38.09
2019-02-19|38.22|38.66|38.105|38.46
2019-02-20|38.93|39.51|38.89|39
2019-02-21|39.07|39.18|38.8|38.98
2019-02-22|39.12|39.41|39.08|39.39
2019-02-25|39.87|39.915|39.475|39.58
2019-02-26|39.41|39.665|39.38|39.6
2019-02-27|39.51|39.585|39.06|39.45
2019-02-28|39.12|39.29|39|39.05
2019-03-01|39.36|39.52|39.195|39.39
2019-03-04|39.33|39.33|38.71|39.15
2019-03-05|38.95|39.23|38.66|39.02
2019-03-06|39.06|39.22|38.78|38.79
2019-03-07|38.77|38.88|38.37|38.63
2019-03-08|37.95|38.38|37.94|38.2
2019-03-11|38.23|38.69|38.2|38.64
2019-03-12|39.05|39.17|38.86|38.9
2019-03-13|39.22|39.435|39.02|39.21
2019-03-14|39|39.05|38.735|38.82
2019-03-15|39.41|40.07|39.41|39.65
2019-03-18|39.86|39.98|39.64|39.85
2019-03-19|39.98|40.08|39.6|39.76
2019-03-20|39.77|40.15|39.64|39.85
2019-03-21|40.25|41.24|40.22|41.04
2019-03-22|40.84|41.0188|40.34|40.43
2019-03-25|40|40.46|39.77|39.92
2019-03-26|40.11|40.63|40.07|40.4
2019-03-27|40.19|40.26|39.8|40.2
2019-03-28|40.24|40.54|40.2|40.34
2019-03-29|40.82|41.045|40.595|40.96
2019-04-01|41.075|41.37|40.745|41.37
2019-04-02|41.18|41.36|41|41.27
2019-04-03|41.6|41.96|41.51|41.79
2019-04-04|41.73|42.18|41.65|42.04
2019-04-05|42.34|42.34|42.055|42.23
2019-04-08|42.24|42.485|42.08|42.39
2019-04-09|42.24|42.3|42.025|42.21
2019-04-10|42.26|42.5|42.18|42.37
2019-04-11|42.09|42.2|41.945|42.1
2019-04-12|42.47|42.65|42.28|42.58
2019-04-15|42.58|42.77|42.46|42.61
2019-04-16|42.83|43.08|42.75|43.01
2019-04-17|43.9|44.46|43.86|44.39
2019-04-18|44.06|45.64|44|45.4
2019-04-22|44.79|45.16|44.59|45.15
2019-04-23|45.15|45.42|45.06|45.42
2019-04-24|45.08|45.59|44.94|45.41
2019-04-25|44.93|45.04|44.43|44.48
2019-04-26|43.65|44|43.32|43.94
2019-04-29|43.85|43.92|43.575|43.83
2019-04-30|43.4|43.94|43.255|43.82
2019-05-01|44.29|44.555|43.82|43.82
2019-05-02|43.86|44.465|43.75|44.4
2019-05-03|44.93|45.14|44.5601|44.71
2019-05-06|43.32|43.82|43.21|43.76
2019-05-07|43.83|44.05|43.29|43.76
2019-05-08|43.52|44|43.46|43.7
2019-05-09|42.92|43.295|42.28|43.25
2019-05-10|42.86|43.09|42.19|42.83
2019-05-13|41.37|41.51|40.735|40.99
2019-05-14|41.59|42.08|41.4|41.97
2019-05-15|41.55|42.33|41.46|41.97
2019-05-16|41.63|41.64|41.22|41.53
2019-05-17|40.39|40.95|40.09|40.25
2019-05-20|39.25|39.3|38.52|38.66
2019-05-21|39.15|39.34|38.66|39.3
2019-05-22|39.2|39.39|38.885|38.9
2019-05-23|37.98|38.18|37.41|38.07
2019-05-24|38.42|38.74|38.19|38.2
2019-05-28|38.13|38.2|37.65|37.65
2019-05-29|37.46|37.75|37.18|37.69
2019-05-30|37.95|38.3687|37.84|38.04
2019-05-31|38.27|38.97|38.2497|38.35
2019-06-03|38.96|39.09|38.66|38.82
2019-06-04|38.64|39.1|38.42|39.06
2019-06-05|39.24|39.26|38.1|38.23
2019-06-06|38.18|38.59|37.915|38.44
2019-06-07|38.74|39|38.56|38.82
2019-06-10|39.49|40.1266|39.45|39.62
2019-06-11|40.47|40.6|39.94|39.96
2019-06-12|40|40.19|39.45|39.46
2019-06-13|39.62|39.62|39.035|39.45
2019-06-14|38.63|38.7|37.83|37.84
2019-06-17|37.92|38.05|37.66|37.66
2019-06-18|38.27|39.415|38.22|39.21
2019-06-19|39.94|39.96|39.3|39.4
2019-06-20|40.45|40.72|40.135|40.51
2019-06-21|40.52|40.695|40.42|40.52
2019-06-24|39.56|40.07|39.435|39.98
2019-06-25|39.52|39.52|38.91|38.92
2019-06-26|39.38|39.38|38.98|39.08
2019-06-27|39.58|39.76|39.29|39.59
2019-06-28|39.73|39.73|39.12|39.17
2019-07-01|41.54|41.9|41.15|41.38
2019-07-02|41.19|41.31|40.74|40.8
2019-07-03|40.35|40.37|40.01|40.33
2019-07-05|39.865|40.1|39.635|39.93
2019-07-08|39.57|39.69|39.245|39.32
2019-07-09|39.65|40.01|39.42|39.67
2019-07-10|40.83|41.14|40.545|40.71
2019-07-11|41.14|41.185|40.83|40.9
2019-07-12|41.11|41.27|40.82|41.23
2019-07-15|41.75|41.93|41.66|41.82
2019-07-16|41.8|41.95|41.57|41.77
2019-07-17|41.68|41.91|41.52|41.63
2019-07-18|42.52|43.23|42.31|43.19
2019-07-19|43.08|44.02|43.07|43.83
2019-07-22|44.2|44.88|44.13|44.6
2019-07-23|44.54|44.58|44.235|44.42
2019-07-24|44.5|44.63|44.24|44.54
2019-07-25|44.21|44.24|43.62|43.62
2019-07-26|43.73|43.89|43.38|43.46
2019-07-29|43.52|43.95|43.4|43.94
2019-07-30|43.4|43.4|42.765|43.11
2019-07-31|43.03|43.17|42.05|42.63
2019-08-01|42.75|43.39|41.6|41.87
2019-08-02|41.15|41.775|41.005|41.65
2019-08-05|40.41|40.515|39.78|39.87
2019-08-06|41.18|41.51|40.89|41.26
2019-08-07|41.05|41.45|40.8|41.26
2019-08-08|41.85|42.18|41.75|41.9
2019-08-09|41.59|41.71|41|41.41
2019-08-12|41.05|41.27|40.85|40.96
2019-08-13|40.63|41.99|40.55|41.84
2019-08-14|40.85|41.09|40.25|40.43
2019-08-15|40.38|40.99|40.34|40.86
2019-08-16|41.18|41.73|41.15|41.54
2019-08-19|42.16|42.21|41.65|41.78
2019-08-20|42|42.22|41.715|41.94
2019-08-21|42.41|42.635|42.29|42.58
2019-08-22|42.39|42.485|41.725|42.13
2019-08-23|41.94|42.15|40.86|40.95
2019-08-26|41.37|41.55|41.13|41.34
2019-08-27|41.55|41.675|41.265|41.35
2019-08-28|41.32|41.77|41.05|41.65
2019-08-29|42.34|42.565|42.23|42.28
2019-08-30|42.71|42.89|42.36|42.63
2019-09-03|42.15|42.16|41.575|41.72
2019-09-04|42.61|43.15|42.39|43.15
2019-09-05|43.76|44.51|43.76|44.24
2019-09-06|44|44.035|43.69|43.71
2019-09-09|43.91|44.08|43.54|43.85
2019-09-10|43.6|44.1|43.36|44.1
2019-09-11|43.91|44.27|43.84|44.22
2019-09-12|44.29|44.46|43.93|44.07
2019-09-13|44.43|44.83|44.19|44.74
2019-09-16|44.53|44.74|44.49|44.6
2019-09-17|44.28|45.15|44.21|45.13
2019-09-18|45.17|45.2|44.61|45.04
2019-09-19|44.8|45.22|44.7612|44.9
2019-09-20|44.77|44.9|43.87|43.87
2019-09-23|44.18|44.29|43.85|44.07
2019-09-24|44.4|44.55|44.06|44.12
2019-09-25|44.2|45.095|44|45.01
2019-09-26|45.1|46.51|45.1|46.46
2019-09-27|46|46.48|45.19|45.51
2019-09-30|46.57|46.74|46.12|46.48
2019-10-01|46.96|47.8454|46.96|47.19
2019-10-02|46.71|46.94|46.33|46.43
2019-10-03|46.45|47.14|46.24|47.13
2019-10-04|47.03|47.45|46.78|47.42
2019-10-07|47.73|48.145|47.43|47.95
2019-10-08|48.26|48.4|47.6|47.86
2019-10-09|48.2|49.055|48.17|48.68
2019-10-10|48.91|49.39|48.49|48.93
2019-10-11|49.45|49.79|49.33|49.42
2019-10-14|49.42|50.13|49.3|49.91
2019-10-15|50.2|50.64|50.11|50.39
2019-10-16|50.34|51.13|50.073|50.13
2019-10-17|51.14|51.21|49.26|49.75
2019-10-18|49.65|50.09|49.1273|49.28
2019-10-21|49.53|50.11|49.33|50
2019-10-22|50.3|50.83|50.18|50.64
2019-10-23|50.1|50.4|49.92|50.17
2019-10-24|50.49|51.05|50.23|50.95
2019-10-25|50.8|51.23|50.69|51.13
2019-10-28|51.4|51.475|51.05|51.31
2019-10-29|51.5|51.84|51.44|51.47
2019-10-30|51.79|52.06|51.565|51.91
2019-10-31|51.89|51.93|51.35|51.63
2019-11-01|51.89|52.1|51.704|52.1
2019-11-04|53.55|53.79|53.12|53.49
2019-11-05|53.63|53.97|53.49|53.55
2019-11-06|53.7|53.75|53.1|53.64
2019-11-07|53.9|54.37|53.52|53.67
2019-11-08|53.53|53.53|52.53|52.83
2019-11-11|52.39|52.75|52.16|52.6
2019-11-12|52.69|52.69|52.03|52.15
2019-11-13|52.58|52.94|52.15|52.88
2019-11-14|52.5|52.73|52.13|52.48
2019-11-15|53.01|53.39|52.88|53.29
2019-11-18|53.39|53.955|53.39|53.42
2019-11-19|54.05|54.14|53.675|53.76
2019-11-20|53.55|53.78|53.205|53.5
2019-11-21|53.5|53.51|52.94|52.98
2019-11-22|52.92|53.16|52.735|52.79
2019-11-25|53.09|53.94|52.8|53.76
2019-11-26|53.5|53.7871|53.375|53.63
2019-11-27|54.03|54.06|53.54|53.89
2019-11-29|53.06|53.16|52.8|53.09
2019-12-02|53.55|53.59|52.78|52.98
2019-12-03|52.42|52.925|52.18|52.78
2019-12-04|53.27|53.57|53.11|53.18
2019-12-05|53.62|54.54|53.49|54.4
2019-12-06|54.5|55.03|54.5|54.94
2019-12-09|55.05|55.19|54.32|54.46
2019-12-10|54.68|55.06|54.3332|54.52
2019-12-11|55.04|56.2|55.03|55.9
2019-12-12|57.25|58.62|57.02|58.61
2019-12-13|59.05|59.52|58.25|58.25
2019-12-16|58.29|58.7|58.29|58.54
2019-12-17|59.71|59.71|58.78|59.23
2019-12-18|59.6|59.64|58.715|59.1
2019-12-19|58.5|58.5|57.88|57.96
2019-12-20|57.78|58.3|57.32|57.93
2019-12-23|58.03|58.34|57.95|58.22
2019-12-24|57.99|58.09|57.545|57.76
2019-12-26|57.8|58.35|57.76|58.25
2019-12-27|58.53|58.71|58.325|58.46
2019-12-30|58.66|58.69|57.62|57.85
2019-12-31|57.68|58.13|57.46|58.1
2020-01-02|59.6|60.12|59.6|60.04
2020-01-03|58.97|58.98|58.04|58.06
2020-01-06|57.6|57.69|57.13|57.39
2020-01-07|57.45|58.6|56.74|58.32
2020-01-08|58.19|58.98|58.11|58.75
2020-01-09|59.69|59.705|58.695|59.23
2020-01-10|59.7|59.7|58.77|58.86
2020-01-13|60.15|60.16|59.45|60.06
2020-01-14|60.16|60.64|59.92|60.32
2020-01-15|59.67|59.7|58.26|58.39
2020-01-16|59.2|59.69|58.303|58.75
2020-01-17|58.64|58.75|58.01|58.58
2020-01-21|57.99|58.995|57.47|58.24
2020-01-22|58.9|58.94|58.315|58.35
2020-01-23|57.86|58.07|56.615|57.48
2020-01-24|58.09|58.14|57.455|57.73
2020-01-27|55.62|55.99|55.06|55.26
2020-01-28|55.73|57.12|55.48|57.09
2020-01-29|57.52|57.52|56.85|57.19
2020-01-30|55.08|56.035|55.06|55.8
2020-01-31|55.43|55.48|53.6|53.94
2020-02-03|54.35|54.935|54.14|54.77
2020-02-04|56.92|57.635|56.9|57.52
2020-02-05|58.1|58.15|57.1714|57.92
2020-02-06|58.27|58.28|57.275|58.02
2020-02-07|57.14|57.14|56.0603|56.2
2020-02-10|56.44|57.05|56.34|57.02
2020-02-11|57.95|58.9|57.81|58.66
2020-02-12|59.25|59.75|58.9|59.63
2020-02-13|59.13|59.7|58.735|59.33
2020-02-14|59.02|59.17|57.87|58.19
2020-02-18|56.1|56.56|55.63|56.18
2020-02-19|57.25|57.94|57|57.64
2020-02-20|56.94|57.04|55.81|56.48
2020-02-21|56.65|56.65|55.515|55.59
2020-02-24|53.55|54.69|53.18|54.12
2020-02-25|55.33|55.47|53.83|53.86
2020-02-26|54.49|55.41|54.38|55.03
2020-02-27|54.2|54.6|53.27|53.29
2020-02-28|51.35|54.05|51|53.84
2020-03-02|54.37|56.01|53.83|55.98
2020-03-03|56.3|56.37|54.04|54.88
2020-03-04|55.97|57.09|55.55|57.08
2020-03-05|56.11|56.39|55.25|55.73
2020-03-06|54.6|55.08|53.97|55.07
2020-03-09|51.55|54.14|51.06|51.83
2020-03-10|53.71|54.62|52.49|54.51
2020-03-11|53.11|53.56|52.09|52.24
2020-03-12|49.66|50.99|48.51|48.69
2020-03-13|51.9|52.46|49.29|52.23
2020-03-16|46.34|48.35|44.9|44.9
2020-03-17|45.75|48.56|45.03|48.54
2020-03-18|43.8|46.089|43.26|44.37
2020-03-19|43.74|45.18|42.7|43.89
2020-03-20|48.02|48.28|44.48|44.53
2020-03-23|45.12|45.605|43.52|45.26
2020-03-24|48|48.92|47.5|48.87
2020-03-25|49.3|50.05|48.05|49
2020-03-26|49.1|50.46|48.92|49.87
2020-03-27|47.23|48.085|46.51|46.91
2020-03-30|47.18|48.16|46.77|47.82
2020-03-31|47.8|49.03|47.66|47.79
2020-04-01|46.83|47.56|46.3|46.51
2020-04-02|46.92|48.22|46.61|48.13
2020-04-03|47.79|48.15|46.78|47.06
2020-04-06|48.63|50.1|48.51|49.97
2020-04-07|51.29|51.32|49.66|49.72
2020-04-08|50.21|50.6|49.54|50.27
2020-04-09|50.28|50.655|47.72|48.33
2020-04-13|48.74|49.09|47.96|48.75
2020-04-14|50|51.27|49.953|50.63
2020-04-15|49.76|49.97|49.04|49.66
2020-04-16|51.81|53.14|51.675|52.4
2020-04-17|54.13|54.19|52.995|53.69
2020-04-20|53|53.823|52.56|52.59
2020-04-21|51.6|51.81|50.52|51.37
2020-04-22|52.48|53.11|52.41|52.95
2020-04-23|52.81|53.13|52.26|52.64
2020-04-24|52.6|52.89|52|52.73
2020-04-27|53.15|53.75|52.97|53.51
2020-04-28|53.51|53.73|52.68|52.76
2020-04-29|53.75|54.69|53.43|54.48
2020-04-30|54.2|54.41|52.96|53.13
2020-05-01|52.48|52.56|51.09|51.1
2020-05-04|51.79|52.18|51.275|52.15
2020-05-05|52.21|52.58|51.58|51.71
2020-05-06|52.11|52.62|52|52.13
2020-05-07|52.95|52.98|52.1|52.33
2020-05-08|52.62|53.34|52.47|52.91
2020-05-11|52.61|52.83|52.38|52.4
2020-05-12|52.64|52.64|51.08|51.1
2020-05-13|51.91|52.02|50.48|50.92
2020-05-14|50.43|52.15|49.79|52.1
2020-05-15|50.56|51.0527|49.38|49.8
2020-05-18|50.94|52.185|50.77|51.87
2020-05-19|51.35|51.46|50.8|50.81
2020-05-20|51.58|52.085|50.5|51.84
2020-05-21|52.1|52.21|50.69|50.75
2020-05-22|50.84|50.86|49.61|49.8
2020-05-26|51.3|51.4|50.79|50.82
2020-05-27|51.03|51.74|50.75|51.74
2020-05-28|51.46|51.62|50.1|50.28
2020-05-29|50.34|50.73|49.86|50.33
2020-06-01|50.91|51.28|50.54|51.03
2020-06-02|51.45|52.04|51.29|52.01
2020-06-03|52.64|53.25|52.42|53.06
2020-06-04|53.06|54.365|53.03|54.28
2020-06-05|55.5|56.34|55.06|55.2
2020-06-08|55.74|55.78|54.71|55.57
2020-06-09|55.29|56.63|54.95|56.61
2020-06-10|56.82|58.04|56.82|57.55
2020-06-11|55.85|56.41|55.01|55.04
2020-06-12|56.5|56.87|55.349|56
2020-06-15|54.71|56.115|54.52|56.02
2020-06-16|56.59|57|55.54|55.8
2020-06-17|56.15|56.82|55.89|56.6
2020-06-18|56.04|56.54|55.79|56.15
2020-06-19|56.48|56.5|55.2675|55.31
2020-06-22|55.5|56|55.32|56
2020-06-23|56.64|57.16|56.53|56.76
2020-06-24|56.71|57.06|56.155|56.58
2020-06-25|56.56|57.09|55.95|57.04
2020-06-26|57|57.26|56.21|56.33
2020-06-29|56.34|56.41|55.66|56.39
2020-06-30|56.25|56.99|56.185|56.77
2020-07-01|56.97|57.47|56.755|56.82
2020-07-02|57.95|59.07|57.95|58.62
2020-07-06|60.67|62.13|60.56|61.88
2020-07-07|61.26|61.5|60.68|60.71
2020-07-08|61.64|62.74|61.5|62.59
2020-07-09|62.95|64.9657|62.89|64.78
2020-07-10|64.47|64.555|63.19|63.85
2020-07-13|65.2|67.075|64.98|65.07
2020-07-14|66|67.03|65.33|66.96
2020-07-15|67.18|67.21|65.16|66.06
2020-07-16|65.38|66.63|64.3201|66.59
2020-07-17|67.31|68|66.37|66.4
2020-07-20|66.7|66.98|65.8|66.89
2020-07-21|68.84|69.25|67.7073|67.81
2020-07-22|68.1|68.9|68.03|68.53
2020-07-23|68.26|68.5|66.752|67.37
2020-07-24|71.4|76.89|71.35|73.9
2020-07-27|81.36|83.4|80.43|83.25
2020-07-28|79.345|79.58|76.49|76.92
2020-07-29|77.11|83.37|77.06|82.67
2020-07-30|80.01|81.28|78.61|79.93
2020-07-31|79.63|79.77|77.51|78.89
2020-08-03|77.77|79.15|77.41|78.95
2020-08-04|79.33|80.19|78.74|80.19
2020-08-05|80.98|84|80.57|81.63
2020-08-06|82.04|82.1|80.22|80.52
2020-08-07|80.49|80.785|79.41|80.03
2020-08-10|80.55|80.85|79.2199|79.87
2020-08-11|79.09|79.1967|77.94|77.94
2020-08-12|78.16|79.55|77.73|79.39
2020-08-13|79|79.1|77.83|78.3
2020-08-14|78.42|79.23|78.05|78.41
2020-08-17|79.8|80.89|79.66|80.19
2020-08-18|80.22|80.82|79.25|79.41
2020-08-19|79.01|79.23|78.25|78.54
2020-08-20|76.32|77.1|75.98|76.81
2020-08-21|78.02|78.73|77.86|78.34
2020-08-24|79.73|79.91|78.49|78.9
2020-08-25|79.85|80.48|79.47|80.04
2020-08-26|81.25|82.165|81.01|81.75
2020-08-27|82.18|82.31|80.17|80.6
2020-08-28|80.06|80.88|79.91|80.44
2020-08-31|79|79.76|78.69|79.25
2020-09-01|80.12|81.6|79.99|81.55
2020-09-02|81.35|82.71|79.88|82.17
2020-09-03|81.12|81.81|78.38|81.18
2020-09-04|80.5|81.47|77.41|78.91
2020-09-08|78.02|79.15|77.22|77.32
2020-09-09|78.62|79.7|78.55|79.4
2020-09-10|80.74|81.23|78.76|78.9
2020-09-11|80.01|80.3|78.6|78.82
2020-09-14|80.5|81.12|79.95|80.5
2020-09-15|81.56|86.79|81.38|85.85
2020-09-16|86.49|86.49|83.04|83.13
2020-09-17|81|82.285|80.61|81.91
2020-09-18|82.37|82.84|80.11|80.23
2020-09-21|79.8|80.65|79.085|80.59
2020-09-22|80.83|80.89|79.4|80.48
2020-09-23|79.7|79.93|77.89|77.92
2020-09-24|76.82|78.995|76.17|78.38
2020-09-25|78.17|78.92|77.39|78.88
2020-09-28|80.31|80.37|79.47|79.77
2020-09-29|79.7|81.24|79.31|80.51
2020-09-30|80.59|81.935|80.57|81.07
2020-10-01|82.06|82.72|81.74|82.62
2020-10-02|80.71|82.195|80.61|80.8
2020-10-05|81.55|84.63|81.55|84.54
2020-10-06|83.77|84.45|82.765|83.12
2020-10-07|84.78|87|84.78|86.92
2020-10-08|88.86|88.86|86.52|87.8
2020-10-09|88.34|88.8|87.64|88.78
2020-10-12|89.12|91.27|88.68|90.91
2020-10-13|90.5|90.65|89.43|89.64
2020-10-14|89.65|89.88|88.27|88.6
2020-10-15|87.29|89.49|87.19|88.15
2020-10-16|88.55|88.59|86.44|86.7
2020-10-19|88.34|89.62|87.29|87.56
2020-10-20|87.79|88.98|87.77|88.26
2020-10-21|88|88.87|87.5662|87.64
2020-10-22|88.44|88.94|87.88|88.21
2020-10-23|88.25|88.45|87.43|88.31
2020-10-26|87.21|87.78|85.77|86.73
2020-10-27|86.96|87.22|85.975|86.71
2020-10-28|85.15|85.41|83.84|83.85
2020-10-29|84.27|85.325|84.02|84.89
2020-10-30|84.43|84.75|83.16|83.87
2020-11-02|84.6|85.96|84.53|85.71
2020-11-03|86.19|88.24|86.06|87.69
2020-11-04|88.72|89.77|88.46|89.45
2020-11-05|90.42|90.96|89.77|90.43
2020-11-06|89.81|91.5|89.05|91.41
2020-11-09|92.2|92.48|88.94|89.03
2020-11-10|88.4|88.8|86.7|87.66
2020-11-11|89.5|91.18|89.36|90.88
2020-11-12|90.88|91.89|89.78|89.82
2020-11-13|91.54|93.81|91.21|93.22
2020-11-16|96.42|102.44|96.36|99.27
2020-11-17|97.98|98.09|95.69|95.71
2020-11-18|98.52|98.8|96.37|96.93
2020-11-19|96.77|96.86|95.62|96.61
2020-11-20|96.66|97.2|95.3|95.33
2020-11-23|97.16|98.93|96.85|98.13
2020-11-24|98.49|98.59|96.02|96.64
2020-11-25|96.2|97.99|96.14|97.49
2020-11-27|98.54|99.27|98.05|98.74
2020-11-30|97.56|97.95|96.2|97.02
2020-12-01|98.69|104.3|98.52|100.86
2020-12-02|102|102.035|99.52|99.54
2020-12-03|101.06|101.19|99.43|99.5
2020-12-04|101.51|103.75|100.7|103.73
2020-12-07|106.02|107.61|104.97|106.39
2020-12-08|107.78|107.84|105.11|105.64
2020-12-09|106.01|106.6|103.51|104.42
2020-12-10|103|105.11|102.2|104.23
2020-12-11|104.01|105.12|103.22|104.03
2020-12-14|103.77|104.9|103.5|103.56
2020-12-15|105.68|106.38|104.42|105.09
2020-12-16|105.65|105.67|103.96|105.2
2020-12-17|104.9|105.32|103.85|103.9
2020-12-18|104|104.8|103.155|104.28
2020-12-21|103.56|104.96|103.32|104.83
2020-12-22|105.07|105.22|102.91|103.94
2020-12-23|104.67|104.87|103.6|103.76
2020-12-24|104.76|106.34|104.67|105.97
2020-12-28|107.6|108.17|105.95|106.15
2020-12-29|107|107.15|105.22|105.56
2020-12-30|107.7|109.7|107.4|108.9
2020-12-31|109.66|109.67|108.4377|109.04
2021-01-04|111.47|114.1|110.445|111.7
2021-01-05|112.41|114.95|112.01|112.77
2021-01-06|113.85|116.39|112.55|115.61
2021-01-07|119.34|122.94|117.59|121.43
2021-01-08|125.91|126.29|116.98|118.69
2021-01-11|119.74|123.6|118.8|122.6
2021-01-12|125.16|125.2|121.68|123
2021-01-13|124.4|124.8|118|119.23
2021-01-14|123.45|134.645|121.67|126.45
2021-01-15|128.47|128.54|123.21|125.23
2021-01-19|130.59|134.05|128.44|131.3
2021-01-20|135.19|136.13|130.1|130.64
2021-01-21|133.25|135.4|132.34|134.16
2021-01-22|130.04|131.25|128.81|129.14
2021-01-25|131.83|132.17|127.35|130.52
2021-01-26|129.05|129.315|126.25|126.65
2021-01-27|124.95|125.1|121.5|121.74
2021-01-28|124.5|127.58|123.58|125.83
2021-01-29|124|124.36|120.55|121.52
2021-02-01|124.54|126.85|123.38|126.66
2021-02-02|129.47|130.2488|127.45|128.44
2021-02-03|129|129.14|126.06|127.5
2021-02-04|127.5|128.2|125.9707|128.15
2021-02-05|128.79|128.88|126.7|127.78
2021-02-08|128.7|133.25|128.7|132.55
2021-02-09|133.98|134.41|131.75|132.68
2021-02-10|134.12|136|132.51|133.69
2021-02-11|135.4|139.23|134.06|139.16
2021-02-12|138.915|139.805|137.1599|138.06
2021-02-16|141.61|142.195|139.42|140.05
2021-02-17|139.21|139.64|136.1|136.27
2021-02-18|134.85|135.88|133.4|134.63
2021-02-19|136.15|137.95|135.72|136.66
2021-02-22|133.59|135.28|133.18|133.57
2021-02-23|129.1|131.7399|125.3827|129.1
2021-02-24|129.51|132.38|127.68|132.3
2021-02-25|131.52|131.54|125.72|126
2021-02-26|125.43|127.39|122.83|125.94
2021-03-01|129.63|130.3|127.24|129.13
2021-03-02|128.43|128.52|126|126
2021-03-03|126.72|127.7599|122.71|122.89
2021-03-04|121.95|123.15|113.49|115.59
2021-03-05|120.9|121.3|115.38|120.8
2021-03-08|120.54|121|113.7|113.93
2021-03-09|117.07|118.4|115.33|116.38
2021-03-10|117.8|118.03|113.41|113.83
2021-03-11|118.24|120.8|117.07|120.58
2021-03-12|119|119|117.28|118.3
2021-03-15|118.65|119.11|116.71|119.08
2021-03-16|119.72|121.245|118.1|119.35
2021-03-17|117.75|119.52|115.39|118.76
2021-03-18|118|118.33|114.1|114.5
2021-03-19|114.38|114.89|113.21|113.63
2021-03-22|114.79|118.33|114.79|117.18
2021-03-23|116.1|116.75|114.615|114.89
2021-03-24|112.47|114.69|108.85|108.96
2021-03-25|108|112.75|107.89|110.45
2021-03-26|112|116.7|111.2|116.56
2021-03-29|116.55|116.76|112.39|114.39
2021-03-30|115.28|116.0881|114.29|115.07
2021-03-31|115.79|118.355|115.56|118.28
2021-04-01|122.81|124.88|121.64|124.8
2021-04-05|127.07|127.4|122.681|124.5
2021-04-06|124|124.01|121.54|122.44
2021-04-07|122.44|122.61|119.84|119.89
2021-04-08|121.38|123.82|121.38|123.43
2021-04-09|122.75|123.435|121.7|122.8
2021-04-12|122.21|122.46|119.24|120.9
2021-04-13|122.4|122.9|120.35|121.27
2021-04-14|121.99|122.43|120.5|120.84
2021-04-15|121.7|122|116.56|118.35
2021-04-16|119.19|120.6|117.8484|118.84
2021-04-19|118|118.88|115.2|115.4
2021-04-20|116.05|116.78|114.55|114.95
2021-04-21|114.5|117.49|113.77|117.4
2021-04-22|117.5|117.5|114.41|115.32
2021-04-23|116.58|118.72|115.93|118.64
2021-04-26|120|121.54|119.4|121.52
2021-04-27|121.5|121.65|119.89|121.27
2021-04-28|120|120.415|118.73|119.66
2021-04-29|120.72|120.8339|117.61|119.1
2021-04-30|118.01|118.18|116.65|116.74
2021-05-03|117.47|117.55|115.73|115.94
2021-05-04|115|115.82|113.74|115.36
2021-05-05|116|116.4898|114.85|115.38
2021-05-06|115.3|117.635|114.46|117
2021-05-07|118.4|119.42|116.05|116.83
2021-05-10|114.98|115.38|112.23|112.31
2021-05-11|109.73|112.99|109.13|112.85
2021-05-12|109.35|110.0899|108.06|108.21
2021-05-13|109.36|111.43|107.9|108.75
2021-05-14|110.61|112.83|110.24|112.46
2021-05-17|109.07|110.03|107.87|109.8
2021-05-18|113|113.48|110.74|110.84
2021-05-19|108.5|112.49|108|112.4
2021-05-20|112.39|113.72|112.1|113.28
2021-05-21|114|114|111.69|111.85
2021-05-24|112.26|114.54|112.12|113.63
2021-05-25|114.85|114.94|113.6|114.28
2021-05-26|114|116|114|116
2021-05-27|116|116.53|115|115.77
2021-05-28|116.3|117.84|115.95|117.36
2021-06-01|119.71|120.04|117.43|118.51
2021-06-02|118.9|119.45|117.92|118.95
2021-06-03|118.05|118.26|116.461|116.82
2021-06-04|118.23|119.85|118.05|119.51
2021-06-07|118.14|118.75|117.57|118.22
2021-06-08|117.55|117.678|115.06|115.92
2021-06-09|116|117.65|115.97|117.13
2021-06-10|117.04|118.85|116.63|118.24
2021-06-11|118.29|118.42|117.16|118.25
2021-06-14|118.55|121|118.46|120.99
2021-06-15|120.35|122|119.27|119.45
2021-06-16|119.55|119.895|117.5|118.02
2021-06-17|117.68|120.24|117.59|119.12
2021-06-18|117.51|117.8898|115.21|115.79
2021-06-21|115.38|115.4|113.02|114.14
2021-06-22|113.5|114.49|112.01|114.33
2021-06-23|116.2|117.42|115.8087|116.05
2021-06-24|116.72|117.67|116.27|117.24
2021-06-25|117.45|117.925|116.53|116.53
2021-06-28|117.29|119.95|117.18|119.61
2021-06-29|119.4|120.285|118.4183|120.23
2021-06-30|120.16|120.76|119.0116|120.16
2021-07-01|120.1|120.2055|118.03|118.42
2021-07-02|118.75|119.18|118.41|118.91
2021-07-06|119.85|120.96|118.22|120.05
2021-07-07|120.64|121.05|118.205|118.25
2021-07-08|115.87|118.275|115.38|117.87
2021-07-09|118|120.785|117.62|120.56
2021-07-12|121.19|122.7299|119.52|122.63
2021-07-13|123.19|125.48|122.13|123.9
2021-07-14|125.15|125.78|124.07|124.39
2021-07-15|120.12|120.7|116.87|117.53
2021-07-16|118.75|118.99|115.17|115.74
2021-07-19|114|115.6177|113.23|115.35
2021-07-20|115.88|116.87|114.43|116.4
2021-07-21|116.23|117.87|115.93|117.87
2021-07-22|118.09|118.09|116.21|116.56
2021-07-23|117.65|117.65|115.33|116.79
2021-07-26|115.79|116.1|114.87|115.65
2021-07-27|115.32|115.4|112.0455|113.54
2021-07-28|113.94|115.51|113.88|115.07
2021-07-29|116|117.11|115.61|116.15
2021-07-30|115.5|117.42|115.19|116.64
2021-08-02|117.5|118.38|116.66|116.86
2021-08-03|117.31|118.64|116.84|118.41
2021-08-04|118.43|119.55|118.28|118.74
2021-08-05|119.07|119.24|118.24|119.22
2021-08-06|118.37|118.6|117.45|118.21
2021-08-09|118.42|118.79|117.32|118.22
2021-08-10|118.5|119.05|114.08|116.36
2021-08-11|116.5|117.29|115.2|115.99
2021-08-12|115.55|115.95|114.44|115.7
2021-08-13|115.07|115.52|114.49|115.5
2021-08-16|115.1|115.48|114.095|114.63
2021-08-17|113.73|113.85|110.75|111.11
2021-08-18|111.74|113|110.38|110.45
2021-08-19|109|110.97|107.68|110.52
2021-08-20|109.14|109.71|107.73|108.12
2021-08-23|110.08|111.33|109.27|110.96
2021-08-24|111.82|113.065|111.8|112.11
2021-08-25|115.71|119.18|115.61|117.03
2021-08-26|117.98|118.46|116.35|118.1
2021-08-27|118.33|119.3|117.69|118.49
2021-08-30|118.88|119.5|118.47|118.99
2021-08-31|120.01|120.8|118.7|119.01
2021-09-01|120.215|121.36|119.56|120.46
2021-09-02|120.94|121.39|120.46|120.79
2021-09-03|121.58|124.48|121.26|123.97
2021-09-07|124.62|125.28|123.89|124.7
2021-09-08|122.97|123.14|121.23|121.89
2021-09-09|122.19|123.49|121.88|122.68
2021-09-10|123.02|124.335|122.89|122.97
2021-09-13|122.94|124.1|122.202|123.62
2021-09-14|123.63|123.63|122.4|123.09
2021-09-15|122.405|122.5|120.88|121.5
2021-09-16|120|121.13|119.35|120.79
2021-09-17|120.19|120.47|117.69|117.75
2021-09-20|115.2|116.01|113.55|114.7
2021-09-21|115.65|115.87|114.553|114.96
2021-09-22|115.23|116.24|114.91|115.87
2021-09-23|116.97|116.97|115.59|116.19
2021-09-24|116|116.56|115.525|115.64
2021-09-27|115.7|116.57|115.01|116.15
2021-09-28|114.33|115.04|111.85|111.9
2021-09-29|112.3|112.85|111.02|111.62
2021-09-30|112.43|113.35|111.65|111.65
2021-10-01|112|112.3|110.3|111.56
2021-10-04|111|111.43|108.52|109.02
2021-10-05|109.8|110.35|109.22|109.26
2021-10-06|108.44|109.52|107.58|109.34
2021-10-07|111|111.71|110.49|110.83
2021-10-08|110.98|111.07|109.51|110.04
2021-10-11|110.08|111.71|109.9|110.26
2021-10-12|110.47|111.03|108.555|109.2
2021-10-13|109.32|110.05|108.95|109.98
2021-10-14|114.14|114.74|111.16|112.56
2021-10-15|114.78|114.95|112.96|114.86
2021-10-18|113.42|115.35|113.42|115.34
2021-10-19|115.8|116.98|115.63|116.96
2021-10-20|116.88|117.025|115.55|115.59
2021-10-21|115.01|116.35|114.6108|116.29
2021-10-22|116.24|117.15|114.23|114.23
2021-10-25|114.4|114.5499|113.11|113.64
2021-10-26|114.94|115.3|113.72|114.18
2021-10-27|114.03|115.06|113.71|113.75
2021-10-28|113.66|116.02|113.54|116.01
2021-10-29|114.07|114.19|113.22|113.7
2021-11-01|113.58|114.34|113.35|114.12
2021-11-02|113.59|114.8|113.54|114.11
2021-11-03|113.44|114.1|112.7303|114.01
2021-11-04|113.37|117.85|112.41|117.79
2021-11-05|118.17|119.5299|116.25|117.8
2021-11-08|118.39|122.25|117.05|120.91
2021-11-09|121.25|123.27|120.17|121.78
2021-11-10|119.6|120.8|117.68|118.2
2021-11-11|119.26|120.465|117.8|118.19
2021-11-12|118.39|118.82|117.27|118.69
2021-11-15|119.32|119.64|117.51|118.12
2021-11-16|117.69|118.38|117.16|118.08
2021-11-17|118|119.55|117.51|119.06
2021-11-18|119.97|123.555|119.8|123.39
2021-11-19|122.03|124.8|122.02|124.26
2021-11-22|123.5|128.09|123.21|124.75
2021-11-23|122.72|123.2|119.52|121.36
2021-11-24|120|120.87|118.395|120.71
2021-11-26|117.5|119.04|116.52|117.09
2021-11-29|118.36|119.88|117.9|119.28
2021-11-30|118.1|120.17|115.76|117.15
2021-12-01|119.22|123.51|119.22|120.63
2021-12-02|120.35|123.4|120.02|121.7
2021-12-03|121|121.85|117.98|119.33
2021-12-06|118.89|119.5|116.58|119.14
2021-12-07|120.54|122.58|120.26|122.32
2021-12-08|121.63|122.22|120.11|121.8
2021-12-09|121.18|122.09|119.49|119.5
2021-12-10|120|120.79|118.24|119.13
2021-12-13|118.86|119.03|116.39|116.42
2021-12-14|115.44|116.98|115.25|116.29
2021-12-15|116.79|120.51|116.48|120.4
2021-12-16|120.34|120.75|116.135|116.57
2021-12-17|116.29|117.49|115.93|116.32
2021-12-20|115.92|116.62|113.91|114.94
2021-12-21|116.07|117.5|115.08|117.44
2021-12-22|116.92|121.44|116.83|121.3
2021-12-23|120.96|121.79|119.84|120.68
2021-12-27|121.22|123.26|121.2|122.7
2021-12-28|123.38|123.66|121.87|122.06
2021-12-29|121.8|123.15|120.97|121.41
2021-12-30|121|121.5518|120.19|120.42
2021-12-31|121.35|121.75|120.22|120.31
2022-01-03|124.125|129.5859|124|128.8
2022-01-04|130.87|135.5|130.3|133.4
2022-01-05|130.71|130.88|126.88|127.06
2022-01-06|127|129|124.81|128.47
2022-01-07|126.55|127.14|123.31|123.5
2022-01-10|125.11|125.87|123.26|125.01
2022-01-11|126.54|129.55|125.4975|129.17
2022-01-12|130.5|132.92|130.22|132.23
2022-01-13|140.75|145|138.92|139.19
2022-01-14|136.09|143.88|136.09|140.66
2022-01-18|136.75|137.1799|133.29|133.83
2022-01-19|134.62|135.9|130.94|131.01
2022-01-20|131.92|132.7499|128.2|128.33
2022-01-21|127.08|127.98|124.27|124.53
2022-01-24|123.77|126.07|120.13|125.96
2022-01-25|125.49|125.82|121.7|122.48
2022-01-26|125.38|126.6715|121.89|123.08
2022-01-27|124|124.14|116.03|116.38
2022-01-28|118.71|119.6|114.19|117.61
2022-01-31|119.52|122.77|118.81|122.63
2022-02-01|122.9|123.2369|120.1|123.05
2022-02-02|126.23|126.47|122.55|124.15
2022-02-03|121.45|123.88|119.25|119.84
2022-02-04|120.44|121.83|119.39|121.02
2022-02-07|122.56|124.1|121.88|122.31
2022-02-08|122|123.86|121.61|123.71
2022-02-09|124.88|125.55|122.76|125.52
2022-02-10|124.8|128.66|124.36|124.71
2022-02-11|125.5|126.58|120.45|121.01
2022-02-14|119.95|121.55|118|119.77
2022-02-15|122.015|124.61|121.46|124.52
2022-02-16|123.14|124.29|121.57|123.6
2022-02-17|122.49|122.75|119.65|119.76
2022-02-18|120.52|120.69|118.45|119.31
2022-02-22|117.5|119.36|115.72|116.91
2022-02-23|118.55|119.43|115.76|115.9
2022-02-24|108|111.98|104.38|111.88
2022-02-25|112.29|113|109.36|111.23
2022-02-28|109.37|109.77|105|107.01
2022-03-01|110|111.1062|107.05|108.05
2022-03-02|108.4|109.97|107.86|109.61
2022-03-03|109.91|110|107.6|108.79
2022-03-04|107|108.12|103.805|105.06
2022-03-07|103.29|104.09|99.055|99.29
2022-03-08|100.21|103.11|98.62|100
2022-03-09|104.505|105.72|102.76|104.95
2022-03-10|104.19|105.53|102.52|103.96
2022-03-11|105.36|105.36|101.3|101.41
2022-03-14|101.52|101.86|99.07|99.3
2022-03-15|98.03|102.14|97.62|102.09
2022-03-16|102.99|105.79|102.81|105.69
2022-03-17|105.75|106.53|104.75|106.49
2022-03-18|105.71|107.04|104.89|106.72
2022-03-21|106.72|107.215|105.1301|106.92
2022-03-22|106.39|107.955|106.23|107.04
2022-03-23|106.5|108.19|105.35|105.35
2022-03-24|106.78|107.98|105.83|107.92
2022-03-25|107.69|107.98|105.84|106.73
2022-03-28|105.62|106.72|104.61|106.33
2022-03-29|107.915|109.755|106.79|109.25
2022-03-30|107.79|109.34|106.51|106.73
2022-03-31|106.96|107.15|104.19|104.26
2022-04-01|105.77|105.95|102.21|102.79
2022-04-04|104.02|105.57|103.28|104.79
2022-04-05|104.48|104.6|102.11|102.5
2022-04-06|100.42|102.14|99.72|101.18
2022-04-07|100.42|101.23|99.65|100.52
2022-04-08|100.62|100.7|99.12|99.29
2022-04-11|98.22|98.38|96.91|97.57
2022-04-12|100|100.15|97.44|97.44
2022-04-13|99.8|102.22|99.5|101.5
2022-04-14|104|104.5|98.33|98.36
2022-04-18|97.95|99.84|97.47|98.77
2022-04-19|98.44|99.45|97.71|99.45
2022-04-20|100.4|101|98.9|99.01
2022-04-21|99.75|100.65|97.41|97.66
2022-04-22|97.03|97.79|95.36|95.68
2022-04-25|95.05|96.28|94.45|96.24
2022-04-26|94.94|95.0237|92.77|92.77
2022-04-27|91.84|92.69|90.22|90.26
2022-04-28|92.16|96.2|91.78|95.22
2022-04-29|93.18|95.59|92.77|92.93
2022-05-02|92.5|94.273|91.24|93.76
2022-05-03|92.78|94.045|92.51|93.63
2022-05-04|93.91|96.07|91.915|95.99
2022-05-05|94.04|94.38|91.22|92.15
2022-05-06|91.4|92.88|90.27|91.63
2022-05-09|89.94|90.19|87.01|87.3
2022-05-10|90.02|90.29|88.09|88.82
2022-05-11|88.87|90.57|87.8|87.83
2022-05-12|86.22|88.21|85.39|87.69
2022-05-13|88.87|91.36|88.16|90.96
2022-05-16|89.87|91.37|89.5|90.41
2022-05-17|93.3|93.49|92.37|93.32
2022-05-18|92.07|93.23|90.37|90.53
2022-05-19|89.84|92.1|89.5586|90.21
2022-05-20|93.04|93.04|88.83|90.78
2022-05-23|91.02|91.91|90.65|91.5
2022-05-24|89.52|89.8|88.52|88.72
2022-05-25|89.33|90.92|89.04|90.41
2022-05-26|89.41|91.365|89.0378|91
2022-05-27|92.62|93.818|92.53|93.77
2022-05-31|95.54|96.29|94.51|95.3
2022-06-01|95.6|96.36|93.825|94.75
2022-06-02|93.99|96.37|93.6201|96.34
2022-06-03|94.36|94.5829|92.9|93.77
2022-06-06|95|95.54|92.865|93.11
2022-06-07|92.67|93.86|91.77|93.84
2022-06-08|94|94.9299|93.14|93.47
2022-06-09|93|93.5|90.8|90.85
2022-06-10|90.54|90.72|88.625|88.68
2022-06-13|86.06|86.83|85.015|85.55
2022-06-14|86.74|87.88|86.2899|87.19
2022-06-15|87.51|89.81|87.37|89.13
2022-06-16|85.22|85.93|83.99|84.52
2022-06-17|85|85.6|83.95|85
2022-06-21|86|87.75|86|86.95
2022-06-22|84.64|86.1753|84.55|84.91
2022-06-23|84.13|84.23|82.755|84.12
2022-06-24|84.15|86.55|84.15|85.92
2022-06-27|86.92|87|85.58|85.86
2022-06-28|86.15|86.81|84.34|84.34
2022-06-29|84.43|84.61|83.33|83.65
2022-06-30|81.46|82.22|80.12|81.75
2022-07-01|79.04|79.22|76.18|77
2022-07-05|74.55|76.15|73.74|76.11
2022-07-06|74.29|76.3|73.78|75.56
2022-07-07|78.6|80.96|78.34|80.65
2022-07-08|79.92|82.16|79.76|81.51
2022-07-11|79.77|80.27|78.82|79.11
2022-07-12|81.16|81.48|78.93|79.1
2022-07-13|79.28|81.72|78.9|81.29
2022-07-14|82.95|84.04|80.51|83.67
2022-07-15|85.58|86.04|83.965|85.63
2022-07-18|86.06|86.08|83.37|83.58
2022-07-19|85|86.47|84.564|86.15
2022-07-20|85.18|86.752|85.11|86.56
2022-07-21|86.68|87.795|86.4|87.79
2022-07-22|87.41|87.73|85.8|86.32
2022-07-25|86.3|86.7|85.63|86.3
2022-07-26|84.76|85.2|83.845|84.42
2022-07-27|85.31|87.9|85.31|87.63
2022-07-28|87.13|88.62|86.45|88.61
2022-07-29|87.82|89.21|87.79|88.48
2022-08-01|85.3|86.89|84.3|86.31
2022-08-02|84.52|87.51|84.17|86.05
2022-08-03|85.96|86.77|84.555|86.51
2022-08-04|87|88.42|86.62|88.42
2022-08-05|88.03|90.975|88.01|89.77
2022-08-08|88.98|89.1|86.91|87.94
2022-08-09|86.94|87.14|84.44|85.21
2022-08-10|86.81|88.67|86.31|88.67
2022-08-11|89.96|91|89.31|89.52
2022-08-12|89.68|91.35|89.64|90.86
2022-08-15|90.01|91.94|90|91.57
2022-08-16|91.14|91.35|88.5681|89.95
2022-08-17|89|89.77|88.48|89.2
2022-08-18|88.71|89.67|88.415|89.27
2022-08-19|88.5|88.59|87.015|87.2
2022-08-22|85.41|86.03|84.94|85.24
2022-08-23|85.16|86.595|84.99|86.03
2022-08-24|85.8|86.13|85.2|85.56
2022-08-25|86.33|87.59|86.01|87.57
2022-08-26|87.5|87.79|84.65|84.74
2022-08-29|83.91|84.32|82.78|82.85
2022-08-30|83.78|83.98|81.73|82.79
2022-08-31|84.11|84.87|83.0625|83.35
2022-09-01|81.45|81.83|80.12|81.64
2022-09-02|81.55|82.98|80.61|80.9
2022-09-06|81.03|81.03|79.52|80.03
2022-09-07|78.39|80.175|78.23|79.95
2022-09-08|79.01|80.735|78.77|80.24
2022-09-09|80.83|81.66|80.74|81.53
2022-09-12|81.97|82.495|81.76|82.15
2022-09-13|80.42|81.14|78.515|78.81
2022-09-14|79.74|80.155|78.98|79.66
2022-09-15|78.58|79.25|77.67|77.98
2022-09-16|77.11|78|76.92|77.89
2022-09-19|76.55|78.23|76.545|78.23
2022-09-20|77.54|78.435|77.51|78.15
2022-09-21|77.58|79.31|77.14|77.14
2022-09-22|76.45|76.75|75.355|75.63
2022-09-23|74.3|74.39|73.09|73.87
2022-09-26|73.47|74.19|72.92|73.01
2022-09-27|73.51|74.04|72.35|73.03
2022-09-28|71.11|72.29|70.7|72.13
2022-09-29|70.52|70.68|68.48|69.28
2022-09-30|67.81|69.65|67.74|68.56
2022-10-03|68.08|69.5675|67.65|69.25
2022-10-04|70.8|72.9294|70.72|72.81
2022-10-05|72.92|74.91|72.58|74.48
2022-10-06|73.97|74.92|73.86|74.35
2022-10-07|71.81|72.03|69.75|69.75
2022-10-10|69.85|69.88|67.01|67.44
2022-10-11|64.2|64.91|62.62|63.45
2022-10-12|63.6|64.23|63.365|64.11
2022-10-13|63.06|70.2|62.32|66.62
2022-10-14|67.26|67.45|63.78|63.92
2022-10-17|64.98|65.35|64.035|64.89
2022-10-18|65.9|66.11|62.78|63.71
2022-10-19|62.74|64.11|62.17|63.66
2022-10-20|63.75|65.275|63.38|63.58
2022-10-21|62.02|63.78|62.02|63.75
2022-10-24|60.58|61.62|59.68|61.29
2022-10-25|59.96|61.36|59.51|61.14
2022-10-26|60.86|61.98|60.43|60.84
2022-10-27|61.85|62.45|60.91|60.95
2022-10-28|60.77|62.03|60.07|62.01
2022-10-31|61.59|62.265|61.07|61.55
2022-11-01|63.26|63.43|61.58|61.58
2022-11-02|62.5|62.89|60.52|60.52
2022-11-03|60|60.89|59.43|60.28
2022-11-04|61.51|62.5|61.02|62.48
2022-11-07|62.62|62.9264|61.9711|62.76
2022-11-08|64.37|65.75|64.22|65.02
2022-11-09|66.53|66.6|64.95|65
2022-11-10|67.74|70.87|67.32|70.84
2022-11-11|72.74|74.6|72.38|73.83
2022-11-14|73.24|73.68|72.24|72.8
2022-11-15|81.92|82.93|80.01|80.46
2022-11-16|80.56|80.57|78.9|79.45
2022-11-17|79.3|82.94|78.69|81.48
2022-11-18|82.78|82.84|81|82.27
2022-11-21|80.81|81.03|79.465|79.93
2022-11-22|81.35|83.19|81.23|82.54
2022-11-23|82.44|82.945|81.73|81.97
2022-11-25|82.14|82.37|81.4|81.4
2022-11-28|80.27|81.08|78.89|79.22
2022-11-29|79.91|80.205|78.96|79.33
2022-11-30|80.63|83.43|80.47|82.98
2022-12-01|83.04|83.63|81.14|82.68
2022-12-02|81.81|82.16|81.15|81.5
2022-12-05|81.94|82.1758|80.95|81.62
2022-12-06|81.4|81.44|79.16|79.56
2022-12-07|79|79.71|78.59|79.24
2022-12-08|79.45|80.97|79.1|80.8
2022-12-09|80.85|82.19|80.69|80.69
2022-12-12|79.79|80.43|78.8|80.43
2022-12-13|82.09|82.09|79.625|80.51
2022-12-14|80.82|81.51|79.5201|80.02
2022-12-15|79.21|79.21|77.39|77.61
2022-12-16|77.61|78.06|76.23|76.3
2022-12-19|76.92|77.12|75.76|76.1
2022-12-20|75.11|76.2|74.9|75.62
2022-12-21|75.86|77.42|75.77|77.14
2022-12-22|76.28|76.43|74.015|75.28
2022-12-23|74.89|75.3534|74.17|74.89
2022-12-27|74.33|74.74|74.16|74.32
2022-12-28|74.19|74.545|72.84|73.06
2022-12-29|74.35|76.0399|74.15|76
2022-12-30|74.29|74.57|73.65|74.49
2023-01-03|75.85|75.97|73.77|74.03
2023-01-04|74.99|76.61|74.47|76.32
2023-01-05|76|76.44|75.34|75.73
2023-01-06|76.5|78.739|76.15|78.07
2023-01-09|80.56|81.215|80.055|80.31
2023-01-10|80.51|81.58|80.46|81.27
2023-01-11|81.57|81.89|80.625|81.78
2023-01-12|84.96|88.8335|84.42|87
2023-01-13|85.41|87.1|84.9|86.8
2023-01-17|86.22|89.73|86.16|88.99
2023-01-18|90.48|91.22|89.36|89.47
2023-01-19|89.03|90.01|88.26|88.4
2023-01-20|90|91.03|89.2|91.03
2023-01-23|91.76|95.73|91.72|95.66
2023-01-24|98|106.43|91.55|94.56
2023-01-25|92.68|93|91.12|92.41
2023-01-26|93.89|94.28|92.64|93.45
2023-01-27|92.82|94.1202|92.24|93.3
2023-01-30|92.85|94.25|92.58|93.13
2023-01-31|91|92.76|90|92.73
2023-02-01|93|95.77|92.57|94.74
2023-02-02|96.6|97.5|95.84|96.65
2023-02-03|95.04|96.95|94.31|94.66
2023-02-06|91.8|92.05|90.735|91.83
2023-02-07|91.78|94.7|91.68|94.55
2023-02-08|95.02|95.94|94.23|94.28
2023-02-09|96|98.565|95.62|96.69
2023-02-10|95.95|96.5|94.25|95.37
2023-02-13|95.47|96.39|94.91|96.11
2023-02-14|95.82|98.99|95.22|97.96
2023-02-15|92.33|93.6799|90.77|92.76
2023-02-16|90.98|91.79|89.88|90.82
2023-02-17|89.97|90.3|88.94|90.1
2023-02-21|88.38|89.42|87.475|87.64
2023-02-22|87.75|88.09|86.66|86.83
2023-02-23|90.3|91.99|89.46|90.08
2023-02-24|88.09|88.145|87.24|88.11
2023-02-27|88.7|88.85|87.235|87.3
2023-02-28|87.14|88.145|86.9|87.07
2023-03-01|89.04|90.04|88.265|88.42
2023-03-02|87.64|89.34|87.12|89.03
2023-03-03|88.67|89.85|87.88|89.79
2023-03-06|90.075|91.33|89.505|89.58
2023-03-07|89.95|90.24|88.3|88.85
2023-03-08|88.345|90.84|88.14|90.83
2023-03-09|89.705|90.69|88.5732|88.88
2023-03-10|88.03|89.17|87.2|87.25
2023-03-13|86.38|89|86.31|87.74
2023-03-14|88.03|89.625|87.71|89.29
2023-03-15|87.2|87.24|85.44|86.7
2023-03-16|85.95|89.47|85.82|89.3
2023-03-17|89.06|90.03|89|89.47
2023-03-20|89.21|90.37|88.6605|90.04
2023-03-21|91|93|90.8|92.5
2023-03-22|93.5|95.03|92.54|92.62
2023-03-23|94.49|95.82|93.43|94.59
2023-03-24|93.95|94.18|92.09|92.79
2023-03-27|92.04|92.18|90.55|90.66
2023-03-28|90.66|90.87|89.9229|90.81
2023-03-29|91.76|93.215|91.45|92.76
2023-03-30|93.35|93.52|92.03|92.47
2023-03-31|91.24|93.26|91.13|93.02
2023-04-03|93.01|93.5999|91.71|92.84
2023-04-04|93.04|93.28|91.72|92.17
2023-04-05|91.6|92.18|89.045|90.2
2023-04-06|89.66|90.91|89.4|90.24
2023-04-10|88.415|89.03|86.47|89.02
2023-04-11|88.64|89.84|88.465|89.24
2023-04-12|88.91|89.5|86.86|86.87
2023-04-13|86.56|87.625|85.97|87.05
2023-04-14|87.95|88.37|86.54|87.2
2023-04-17|87.75|88.05|87.16|87.99
2023-04-18|88.2|88.4|87.495|88.14
2023-04-19|86.23|87.38|86.04|87.23
2023-04-20|88.32|91.8765|88.1|89.29
2023-04-21|87.78|87.91|85.28|85.37
2023-04-24|85.4|85.96|83.99|84.64
2023-04-25|83.27|83.4|82.26|82.29
2023-04-26|82.24|82.38|81.21|82.25
2023-04-27|82.9|83.86|82.16|83.67
2023-04-28|84.48|84.51|83.7213|84.3
2023-05-01|84.3|84.69|83.9|83.98
2023-05-02|83.5|84.05|82.55|82.96
2023-05-03|82.62|83.76|82.4414|82.7
2023-05-04|83|83.76|82.64|83.49
2023-05-05|84.3|85.57|83.745|84.97
2023-05-08|84.5|85.54|84.41|85.54
2023-05-09|85.25|85.48|84.3|85.06
2023-05-10|84.51|85.145|84.17|84.9
2023-05-11|84.14|84.14|82.525|83.43
2023-05-12|83.38|83.93|82.945|83.43
2023-05-15|83.33|85.67|83.225|85.66
2023-05-16|85.69|86.75|85.59|85.88
2023-05-17|88.3|91.8|88.06|90.88
2023-05-18|91.25|93.4|91.07|92.65
2023-05-19|92.13|92.785|91.56|92.58
2023-05-22|92.07|92.44|91.195|91.72
2023-05-23|91|91.335|90.33|90.44
2023-05-24|89.28|90.15|89.18|90.13
2023-05-25|97.06|102.37|96.98|100.95
2023-05-26|100.85|104.44|100.73|103.21
2023-05-30|103.79|105.24|101.525|101.98
2023-05-31|99.73|99.98|98.06|98.59
2023-06-01|98.68|100.59|98.6|98.84
2023-06-02|101.25|101.3|98.62|98.94
2023-06-05|98.01|98.81|94.2475|98.05
2023-06-06|97.61|100.6|97.42|99.82
2023-06-07|101.38|103.02|99.54|100.29
2023-06-08|98.99|100.7|98.625|99.94
2023-06-09|102.7|104.68|102.25|102.8
2023-06-12|104.34|107.39|104.31|107.06
2023-06-13|110|110.69|106.74|106.8
2023-06-14|106.03|107.7|105.22|107.41
2023-06-15|106.27|106.66|105.07|105.18
2023-06-16|105.43|105.7451|104.35|104.57
2023-06-20|104.18|104.88|103.07|103.98
2023-06-21|103.15|103.73|101.6175|101.64
2023-06-22|101.42|103.425|101.33|103.13
2023-06-23|101.52|102.19|101.005|101.91
2023-06-26|102.02|103.035|100.09|100.11
2023-06-27|101.15|102.79|100.02|102.08
2023-06-28|100.5|101.88|100.2196|100.92
2023-06-29|101.34|101.52|100.02|100.64
2023-06-30|101.4|101.89|100.405|100.92
2023-07-03|102.25|103.6808|102.07|103.15
2023-07-05|101.4|103.09|100.96|100.99
2023-07-06|99.1|99.56|98.6|99.41
2023-07-07|99.08|101.94|99|100.23
2023-07-10|100.25|100.75|99.4|99.77
2023-07-11|102.33|102.33|100.14|101.26
2023-07-12|102.83|104.425|102.76|103.9
2023-07-13|105|105.645|102.52|105.57
2023-07-14|106|107.295|104.86|105.14
2023-07-17|104.68|105.025|102.59|104.79
2023-07-18|103.69|103.73|102.01|103.15
2023-07-19|103.9|104.79|102.57|103.06
2023-07-20|98.55|100.45|97.05|97.86
2023-07-21|97.88|97.99|96.332|97.25
2023-07-24|97.27|98.265|96.78|98.25
2023-07-25|99.515|100.89|99.11|100.32
2023-07-26|99.49|100.13|98.57|99.41
2023-07-27|101.5|101.76|98.905|99.35
2023-07-28|100.11|100.99|99.78|100.86
2023-07-31|99.18|99.78|98.42|99.15
2023-08-01|99.14|99.19|98.085|98.4
2023-08-02|97.5|97.5|95.21|95.7
2023-08-03|94.84|95.805|94.575|94.98
2023-08-04|95.28|97.58|95.13|96.16
2023-08-07|96.73|96.94|95.225|96.35
2023-08-08|94.88|94.9|93.67|94.49
2023-08-09|95.83|95.85|93.71|93.98
2023-08-10|95.45|95.97|94.28|94.8
2023-08-11|93.5|93.5|91.97|91.99
2023-08-14|91.69|93.29|91.3|93.07
2023-08-15|92.52|92.71|91.49|91.68
2023-08-16|91.44|92.715|91.32|91.78
2023-08-17|92.92|92.92|91.35|91.64
2023-08-18|90.07|91.33|89.56|91.1
2023-08-21|90.5|92.905|90.5|92.56
2023-08-22|93.35|93.49|91.805|92.24
2023-08-23|93.79|95.095|93.24|94.22
2023-08-24|96.53|96.78|92.47|92.53
2023-08-25|92.25|93.41|91.405|93.1
2023-08-28|93.82|94.15|93.2484|94
2023-08-29|93.77|95.62|93.51|95.08
2023-08-30|95.45|95.92|94.63|94.78
2023-08-31|93.34|94.4|93.27|93.57
2023-09-01|94.3|94.58|93.09|93.19
2023-09-05|93.4|95.05|92.87|94.6
2023-09-06|93.85|93.96|91.591|92.26
2023-09-07|90.07|90.29|88.43|90.05
2023-09-08|90.75|91.07|89.3165|89.64
2023-09-11|90.1|90.3949|89.16|89.6
2023-09-12|90.46|91.57|90.42|90.48
2023-09-13|90.6|91.885|90.48|91.22
2023-09-14|92.78|92.93|91.265|91.47
2023-09-15|90.51|91.14|88.86|89.25
2023-09-18|88.54|89.665|88.43|88.83
2023-09-19|88.45|88.84|87.79|88.17
2023-09-20|88.52|89.315|87.29|87.29
2023-09-21|86.04|86.14|85.35|85.36
2023-09-22|86.25|86.7741|85.45|85.64
2023-09-25|85.39|86.24|85.02|86.24
2023-09-26|84.95|85.23|84.015|84.29
2023-09-27|85.17|85.555|84.1|85.44
2023-09-28|85.25|87.13|84.975|86.41
2023-09-29|87.75|88.03|86.695|86.9
2023-10-02|87.18|88.42|87.02|87.65
2023-10-03|87|87.32|85.06|85.41
2023-10-04|85.47|86.76|85.38|86.67
2023-10-05|86.83|87.9374|86.53|87.03
2023-10-06|88.09|90.02|87.38|89.29
2023-10-09|88.8|89.34|88.04|88.99
2023-10-10|89.27|90.66|89.14|90.61
2023-10-11|91.26|92.01|90.63|92
2023-10-12|92.51|93.44|91.84|92.42
2023-10-13|92.75|92.94|90.2|90.46
2023-10-16|90.48|91.9|90.43|91.22
2023-10-17|89.81|91.7|88.52|91
2023-10-18|88.88|90.01|88.58|89.6
2023-10-19|93.09|94.76|92.36|92.91
2023-10-20|92|94.32|91.09|91.31
2023-10-23|89.98|92.26|89.1641|91.11
2023-10-24|91.2|92|90.86|91.64
2023-10-25|90.8|90.85|86.68|87.64
2023-10-26|87.12|88.14|86.54|87.45
2023-10-27|87.54|87.78|85.89|85.99
2023-10-30|87.31|88.3|86|86.06
2023-10-31|86.15|86.43|84.95|86.31
2023-11-01|86.47|87.87|86.34|87.8
2023-11-02|90.4|91.05|89.465|90.48
2023-11-03|91.65|92.45|90.84|91.79
2023-11-06|92|92.61|91.29|92.6
2023-11-07|92.25|93.05|91.75|92.41
2023-11-08|93.33|93.44|91.93|92
2023-11-09|92.63|93.37|91.6|91.62
2023-11-10|94.04|97.75|93.61|97.44
2023-11-13|97.01|97.18|95.72|96.42
2023-11-14|98|99.69|97.95|98.91
2023-11-15|99.95|100.6999|98.42|98.8
2023-11-16|98.24|99.0997|97.91|98.54
2023-11-17|98.94|99.72|98.3215|99.58
2023-11-20|99.9|100.5887|99.54|99.96
2023-11-21|100|100.15|98.235|98.41
2023-11-22|98.72|99.65|97.95|98.65
2023-11-24|98.48|98.725|97.47|97.83
2023-11-27|97.42|97.55|96.42|97.21
2023-11-28|97.87|98.25|97.235|97.98
2023-11-29|99|99.73|98.6|98.88
2023-11-30|98.925|98.98|96.9|97.31
2023-12-01|97.7|98.78|97.02|98.55
2023-12-04|97.05|97.2|95.2501|97.01
2023-12-05|96.46|97.015|95.88|96.69
2023-12-06|97.8|98.57|97.445|97.85
2023-12-07|97.96|99.64|97.89|99.29
2023-12-08|99.12|100.37|98.945|100.35
2023-12-11|99.57|101.21|99.37|100.95
2023-12-12|100.15|101.65|99.95|101.6
2023-12-13|101.4|102.68|100.905|102.12
2023-12-14|103.35|103.81|102.8|103.45
2023-12-15|103.5|104.755|102.39|102.54
2023-12-18|102.84|103.31|102.08|102.93
2023-12-19|103.24|103.975|103.09|103.87
2023-12-20|102.7|103.085|99.935|100.04
2023-12-21|101.3|102.715|101.16|102.55
2023-12-22|102.93|103.59|102.705|103.15
2023-12-26|103.61|104.9575|103.57|104.45
2023-12-27|105.05|105.37|104.075|104.65
2023-12-28|105|105.52|104.7|104.7
2023-12-29|104.72|104.97|103.67|104
2024-01-02|102.25|102.62|100.59|101.53
2024-01-03|100.34|101.25|99.661|100.17
2024-01-04|99.53|100.44|99.12|99.13
2024-01-05|99|100.64|98.8|99.61
2024-01-08|100.63|102.79|100.5|102.24